#kunkel.py
# GMT Tue Apr 30 20:39:36 2019
# 
32 6 0 9 36 12 30 18 26 25 23 33 16 21 34 39 38 41 27 15 4
35 0 40 29 26 28 36 37 21 31 9 7 12 30 8 25 10 4 19 5 24 17 27
9 1 0 19 20 2 40 8 28 7 4 37 14 13 22 5 31 27 11 16
20 0 29 28 7 37 21 38 22 41 15 31 14 23 33 42 4 40 39 5 24 17 27
40 24 34 29 4 13 26 25 33 42 17 21 19 22 38 31 18 11 8
29 1 27 23 12 25 7 10 37 14 38 13 39 5 24 17 11 4
6 0 26 28 36 17 16 21 22 41 15 1 12 30 18 8 25 33 4 5 10 3
26 16 0 19 7 17 21 22 38 31 4 1 12 18 33 3 5 24 27
28 36 37 16 21 34 14 15 2 7 12 30 23 3 19 39 5 27 11 24
36 1 0 30 34 2 39 4 42 3 21 19 22 5 15 17 31 14
37 7 37 16 21 34 22 38 15 2 1 12 8 25 17 33 42 3 19 39 27
16 2 15 0 23 27 7 3 21 34 42 41 8 31 17 4
21 3 7 38 30 18 8 23 42 14 24 10 27
38 0 19 13 31 4 2 1 30 8 33 3 5 11 10 27
22 19 7 17 41 12 14 18 8 33 42 4 5 24 10 27
13 3 34 15 31 2 1 0 12 18 8 23 41 42 4 19 5 24 17 27
15 0 34 31 15 1 12 30 18 25 17 42 14 24 11 10 27
34 0 19 7 41 31 1 18 8 23 42 4 5 17 24
31 7 2 30 18 25 23 33 10 42 14 39 17 3
24 5 25 1 0 12 39 33 3 19 27
2 1 0 7 12 14 5 33 8 41 3 19 39 11
1 7 41 4 30 18 42 14 19 39 27 11 3
0 41 8 10 42 14 5 27 11 17 3
7 30 8 23 42 10 19 5 11 17 4
12 4 30 18 25 10 42 14 39 5 3
30 23 11 33 10 42 3 5 8 27
14 25 18 11 33 4 41 39 17
33 27 42 41 3 19 8 10
18 41 8 25 23 19 39 5 11 4
8 23 42 3 39 11
25 5 11 41 10 19 39 42
23 5 41 10 3 39 27 11 17
41 17 19 39 5 41 27 11 10
10 42 3 19 17 27
42 19 3 11
4 17 39
19 17 39 3
39 3 5
5
27 11
11 3 17
17 3
3
