#kunkel.py
# GMT Tue Apr 30 20:36:45 2019
# 
16 32 0 29 21 41 22 38 1 12 30 14 18 25 33 4 40 39 5 24 11 17 27
32 9 20 40 29 28 7 22 41 31 15 4 1 0 8 23 10 42 14 19 5 11 35 27
9 25 0 36 12 30 40 2 18 8 28 7 33 37 14 19 13 15 11 17 5
29 1 0 30 40 6 18 8 28 23 41 17 19 22 13 15 26 11 35 24
40 20 36 34 13 31 3 2 1 7 12 30 25 33 4 19 39 24 11 17 27
20 3 6 26 28 37 17 38 22 13 15 12 30 18 8 25 42 14 19 39 10 24
6 5 1 0 23 12 8 36 17 42 4 21 34 39 38 31 22 30 35 14
26 0 36 38 22 41 15 31 2 1 30 18 33 42 3 19 5 24 11 17 27
28 28 7 21 34 41 15 38 2 1 0 12 18 8 25 23 42 4 27 3
7 0 23 27 2 13 36 37 3 21 19 39 38 24 42 10 5
37 17 36 14 18 8 4 42 3 38 34 39 5 15 27 10 24
17 34 22 13 2 1 12 30 18 8 41 33 3 5 24 35 27
21 0 36 38 34 13 2 1 12 30 18 23 42 4 19 39 27 35 3
41 25 27 3 34 2 36 42 13 22 38 31 24 11 4 14
22 2 27 12 34 23 42 13 39 5 15 24 3 4
13 38 31 1 18 8 25 33 42 4 19 39 5 11 35 14
31 2 1 0 12 30 34 5 23 42 33 19 3 38 8 11
3 35 0 36 38 1 12 18 33 14 5 10 4
34 35 0 19 38 15 4 2 1 33 10 42 14 27 11 24
15 35 12 30 18 24 25 23 33 14 19 5 27 10 4
38 36 38 2 18 23 42 10 24 11
24 36 2 1 12 30 8 25 14 19 5 11
2 35 1 12 8 25 4 39 5 11 10 14
1 19 18 8 23 10 4 39
0 36 12 30 8 25 23 33 19 11 35
36 35 19 4 12 23 33 42 5 11 10
12 35 8 25 42 10 39
30 35 18 23 33 42 10 39 5 11 14
18 8 23 33 27 11 4
8 42 4 19 5 27 11 35
25 23 33 10 42 39 11 35 14
23 33 14 19 35
33 14 5 11 19 27
10 4 19 39 11 35 5
42 19 27
4 19 14 39 11
19 19 27
39 5 27 35 14
5 35 27
27 14 11
11 35 14
35 14
14
