#kunkel.py
# GMT Tue Apr 30 20:28:16 2019
# 
32 32 9 36 16 21 13 41 15 38 17 12 30 14 18 8 23 33 42 10 40 5 35 27
9 0 12 14 40 6 2 28 23 33 37 16 21 19 39 5 41 11 10 24
3 38 6 1 7 34 2 26 25 23 41 11 42 16 21 19 13 37 15 35 4
19 6 35 20 28 7 37 21 38 13 31 4 2 1 36 30 18 42 10 40 17
20 6 29 20 7 16 21 34 22 41 31 15 36 12 18 25 42 4 40 39 5 24 11 13 27
6 0 40 29 26 28 7 34 22 13 31 2 12 30 8 25 23 33 14
29 0 28 36 16 34 22 13 31 12 14 8 33 42 35 40 39 5 11 17 24
26 16 34 5 2 18 40 41 10 42 4 21 13 39 38 15 24 31 17
28 1 0 30 34 18 25 7 33 35 21 39 14 31 24 22 17 40
36 38 1 35 0 12 18 8 7 42 17 21 22 5 11 10 24
1 0 16 21 34 22 38 31 2 12 30 13 8 25 23 33 39 5 41 11 27
37 2 0 12 34 27 18 8 23 4 16 38 22 5 15 24 11 13 14
16 0 7 17 22 38 12 18 25 23 33 42 39 10 27
21 25 7 30 40 2 42 13 15 8 31 14
13 17 22 15 4 8 25 33 40 39 5 11 10 27
22 35 7 34 15 2 12 30 18 25 33 42 4 11 17 27
41 30 14 8 25 23 42 34 39 5 17 4 24
15 0 7 2 30 14 8 25 23 42 40 24 11 17 27
34 0 7 17 4 2 30 42 40 24 11 10 27
31 35 0 7 38 2 12 30 18 25 33 42 14 5 24 10 27
4 17 27 30 18 33 40 39 38 5 8 35 24
38 7 18 25 23 33 42 40 39 24 17 11 10 27
2 27 17 12 18 23 42 40 24 10 14
17 0 14 23 33 5 11 10 24
0 5 25 18 8 10 39 42 27 14
7 35 12 25 23 33 5 11 10 14
12 14 25 33 35 40 39 11 10 27
30 30 24 25 33 42 14 40 39 27 10
14 18 23 39 24 10 27
18 8 25 23 42 40 39 5 11 35
8 5 35 23 39 27 11 10 24
25 35 10 42 39 24
23 35 33 42 39 5 24
33 5 35 40 27
42 5 11 27
10 40 39 11 35 27
40 39 11 35
39 39 27 35 24
5 24
24
11 35
35 27
27
