#kunkel.py
# GMT Tue Apr 30 20:27:58 2019
# 
32 25 2 1 35 9 30 8 28 7 33 42 14 13 39 41 17 10 16
9 0 29 20 6 28 37 21 34 38 15 2 1 12 33 42 3 19 39 5 11 17 24
20 25 6 1 23 12 30 34 29 13 18 28 7 33 42 4 40 38 8 17
34 16 6 1 0 19 29 2 18 8 28 3 21 40 39 5 31 27 13 14
29 6 0 26 28 37 17 13 31 2 1 18 25 23 42 3 19 5 24 11 35 27
6 37 17 21 41 22 38 31 15 4 13 14 18 33 3 5 11 35 24
40 28 37 22 38 31 12 30 14 18 8 25 23 10 3 19 39 5 24 11 17 27
26 0 28 7 37 21 38 13 31 15 1 36 12 30 23 10 42 3 39 24 11 17 14
28 28 21 13 31 38 2 1 30 18 42 14 39 5 10 24
7 24 4 1 0 12 30 2 36 41 10 3 38 19 22 5 39 35 27
37 36 16 22 41 15 31 2 1 30 18 25 33 42 4 19 39 10 24
17 17 21 22 38 15 2 12 18 10 42 4 19 39 5 27 11 35 14
21 16 3 36 22 38 31 15 1 12 23 42 14 19 5 27 11 10 4
41 36 16 38 13 15 31 2 1 30 8 23 33 42 3 19 39 5 35
22 16 1 36 12 14 19 33 38 8 4 3 42 27 11 24
13 0 36 16 38 2 30 8 23 19 39 5 27 11 24
31 16 1 12 30 5 10 3 15 8 11 35 27
3 30 19 18 33 4 39 24 11 10 27
15 0 36 16 1 30 8 25 33 42 19 39 27 11 24
4 16 1 35 0 30 2 18 19 42 24 11 27
38 0 36 16 2 12 30 25 23 33 42
24 0 16 12 30 18 8 25 23 14 39 11
2 36 16 8 25 23 10 14 39 27 35
1 0 12 18 23 33 39 11 35 14
0 16 36 14 19 8 39 42 5 27 35
36 23 12 19 33 10 18 8 11 35 14
12 16 30 18 25 33 35 39 5 27 10
30 19 16 30 8 42 11 35
18 16 8 23 33 42 19 5 10
8 23 5 11 39 35
25 16 42 19 23 33 10 14 39 5 35
23 16 33 42 14 19 5 11
33 14 42 10 5
10 16 35 19 39 14
42 14 19 27 35
14 16 5 27
19 35 39
39 39 27 11
5 11 27
27 16 11 35
11
35 16
16
