#kunkel.py
# GMT Tue Apr 30 20:26:15 2019
# 
13 0 42 24 19 20 18 8 28 7 33 37 16 34 39 41 15 27 11 10 5
6 16 27 42 1 35 9 36 12 26 25 23 37 3 21 5 41 31 7 11 15 4
9 25 1 27 12 29 20 2 26 28 7 37 14 21 19 22 38 39 11 17 5
20 32 1 0 19 26 28 7 4 37 14 21 40 38 17 10 5
40 32 0 19 36 16 21 38 22 41 31 15 4 2 7 30 25 23 14 40 5 27 17 3
29 25 2 1 12 30 18 26 28 33 17 3 5 22 38 41 24 15 11 35 14
32 26 7 21 34 22 38 2 1 36 12 30 8 25 23 33 42 3 39 11 4
26 36 37 16 38 34 41 2 1 7 30 18 8 25 35 19 27 10 24
28 0 7 16 34 22 4 2 1 12 18 8 25 23 33 10 14 19 41 35 24
36 2 0 11 12 25 33 10 42 4 21 22 38 31 24 15 35 5
37 17 35 24 19 23 41 14 39 38 15 27 22 31 10 4
16 0 7 21 22 41 2 1 30 25 23 3 19 39 5 11 35 14
21 1 7 30 18 2 33 42 3 39 38 31 8 24
38 0 19 7 17 34 41 12 8 25 4 39 10 14
22 35 0 7 41 15 31 2 1 12 18 8 14 19 39 17 24
41 0 7 31 1 12 30 18 23 19 39 5 11 24
31 27 34 15 4 1 30 18 8 25 33 42 14 19 24 10 3
34 0 7 17 2 1 18 8 23 33 14 19 39 27 11 35 4
15 1 0 7 12 30 19 18 25 23 17 11 35 24
24 4 12 30 8 33 42 14 39 5 11 17 27
2 25 0 23 12 30 10 42 5 39 17
1 7 1 30 23 33 3 27 17 4
0 3 12 30 33 42 14 5 27 11 35 4
7 8 42 39 5 11 17
12 30 14 8 25 23 33 42 3 19 5 11 4
30 4 18 8 23 10 3 19 27 11 17
14 35 27 18 25 23 33 42 14 11 10 3
18 5 25 39 10 17 3 11 35 27
8 23 33 10 42 3 19 39 5 35
25 35 10 42 27 17 3
23 35 3 17 39 5 27 10 4
33 19 4 5 11 17 27
10 42 19 39 5 11 35 4
42 3 17 4 19 27 11 35
3 39 5 11 35
19 27
39 17 35 27
5 35 27 17 4
27 35 17
17
11 35
35 4
4
