#kunkel.py
# GMT Tue Apr 30 20:18:21 2019
# 
32 32 0 20 40 29 28 7 21 22 13 15 1 9 12 30 18 23 42 4 19 39 24 10 14
35 6 9 19 29 26 28 7 21 34 22 13 1 36 12 18 8 25 42 14 40 11 35 24
0 25 9 36 24 20 6 26 28 7 33 37 3 21 34 22 38 15 39 42 4
20 40 6 7 16 21 41 13 15 1 12 30 25 33 42 3 19 39 5 11 10 14
40 9 11 3 14 6 18 8 25 33 42 10 5 39 38 15 24 31 27
29 6 26 28 7 37 16 21 41 22 13 2 1 36 8 25 33 39 24 10 14
6 7 17 21 34 41 31 4 38 2 1 9 36 30 25 23 3 5 11 14
26 36 17 34 38 15 31 24 2 1 7 12 8 25 23 42 14 5 27 10 4
28 17 7 14 2 18 8 36 33 11 42 10 19 37 15 31 24
7 37 16 21 41 1 9 30 8 23 42 4 19 39 5
37 5 25 2 1 9 36 12 41 17 21 19 22 38 31 24 10 27
16 36 34 38 31 15 1 30 13 8 25 33 42 3 19 5 41 11 17 24
21 27 36 34 22 13 31 15 2 1 30 18 23 17 5 24 3
34 1 30 3 13 36 10 42 19 22 5 31 39 17 11 4
22 17 9 12 14 13 25 36 33 10 39 42 4 11 27
13 5 17 9 18 8 3 42 41 15 27 31 4
15 5 3 4 33 8 39 38 31 18 11 10 24
3 9 36 31 2 1 30 8 23 33 42 4 19 39 11 10 24
38 41 2 17 9 30 18 23 33 42 14 39 5 27 10 4
27 1 9 23 12 30 5 36 41 18 31 8 10 14
2 9 41 31 18 25 23 33 42 19 39 5 11 10 24
1 9 41 31 18 8 23 10 42 39 17
9 12 30 8 25 42 19 39 5 24
36 23 12 30 39 4 10 14 8
12 17 41 31 30 18 8 25 23 33 42 4 39 5 11
30 31 17 30 14 18 25 33 19 5 11 10 4
31 41 18 33 42 39 11
33 41 18 8 23 19 5 24 4
18 8 25 23 42 4 19 11 17
8 5 19 4 39
25 41 23 10 5 11 17 24
23 42 41 11 10 14
41 39 11 17 14
42 19 17 24
4 10 19 5 17 24
19 5 17 39 24
39 5 11 17 14
5 17
24 10 14 11
17
11
10 14
14
