#kunkel.py
# GMT Tue Apr 30 20:12:18 2019
# 
32 9 3 29 26 7 37 16 21 41 2 1 12 18 8 25 23 42 4 19 24 10 27
35 6 1 36 12 30 20 8 23 37 14 19 39 38 15 26 22 17 5
0 9 3 34 29 26 16 21 13 22 38 15 31 25 33 42 14 19 39 5 41 24 10 27
29 6 36 37 16 22 38 4 2 17 30 18 8 25 23 33 14 40 39 11 10 24
40 6 20 26 28 7 16 21 34 38 31 2 1 30 18 25 41 42 14 19 39 5 11
20 6 17 27 9 12 33 13 28 41 10 37 16 21 34 39 38 4 11 14
6 24 28 7 37 34 31 2 12 18 8 25 23 10 42 3 19 39 5 27 4
26 19 26 7 17 34 41 2 9 13 12 30 14 18 8 33 42 4 39 24 10 27
28 1 9 12 30 19 2 18 8 41 36 33 3 39 13 15 11 4 16
36 34 7 37 16 38 41 22 13 31 4 2 1 12 25 10 14 19 24 17 3
37 9 21 41 38 31 15 2 1 12 30 25 23 33 39 11 17
16 21 34 22 38 15 31 2 1 18 8 42 4 19 39 5 10 24
21 23 14 4 18 8 25 7 33 3 38 39 13 24 10
34 38 13 22 41 9 7 12 8 25 23 14 39 24 11 10 27
22 2 17 9 12 30 19 18 23 33 39 41 31 27 14
13 17 2 1 9 7 12 30 18 25 42 3 19 39 10 4
15 25 2 1 9 42 12 27 17 10 3 39 38 31 24 11
31 41 1 9 7 30 18 23 33 42 19 24 11 17 27
38 38 2 1 12 30 25 33 42 4 5 41 27
2 7 30 8 25 23 33 42 39 11
1 9 41 17 18 33 42 3 39 5 11 27
9 7 18 8 25 23 42 3 19 5 24
7 30 14 8 25 33 42 3 19 5 41 11 10 4
12 25 17 30 14 33 18 11 4
30 4 18 8 41 23 33 10 19 5 24 27
14 25 33 23 17 5 24 11 19
5 19 27 18 8 25 17 3 39 41 24
33 18 8 3 39 24 11 10 4
18 4 8 25 42 3 24 17 27
8 41 23 42 3 39 17 27
25 3 42
23 27 19 10 41 11 24
41 17 11 10 27
10 19 42 11 4
42 11 39 4
3 24 19 39 27 17
19 11 17
39 17 39
24 4 11 27
27 4
11 17
17 4
4
