#kunkel.py
# GMT Tue Apr 30 20:06:57 2019
# 
32 0 20 29 26 36 37 16 41 13 31 3 1 12 23 14 19 39 5 24 11 17 4
15 9 29 40 20 28 36 17 16 34 22 38 31 4 2 1 0 18 42 14 19 39 5 35 27
35 38 1 9 12 40 28 7 33 10 37 3 21 19 39 13 27 22 17 4
0 26 36 37 16 38 41 31 12 18 8 25 23 33 42 3 40 39 5 17 27
42 2 9 7 12 40 27 6 8 28 23 10 4 19 39 38 24 31 17 16
20 31 25 30 29 2 13 8 28 33 14 21 34 39 41 26 11 17 5
40 6 34 29 7 38 41 13 31 2 1 36 30 18 23 10 14 39 17 24
29 9 6 28 37 17 21 13 22 38 2 30 23 33 4 19 39 5 10 27
6 9 3 26 7 37 17 21 34 22 31 2 1 36 18 25 14 19 39 11 10 4
26 38 1 30 14 36 37 16 21 5 39 13 11 4 24
28 9 34 3 36 16 38 41 22 13 31 12 8 25 33 10 14 39 24
36 25 30 7 41 10 4 38 39 13 8 22 3 17 14
37 16 21 41 38 31 2 1 30 8 23 33 39 5 11 10 27
16 25 9 31 2 18 23 3 38 39 8 22 11 10
38 38 41 34 2 1 30 25 33 10 19 5 11
41 7 21 34 31 1 9 30 18 25 23 4 5 24 27
22 3 21 34 13 31 30 8 25 23 33 19 5 24 17 27
13 11 1 7 34 33 23 14 21 5 10 24
31 7 21 30 8 25 23 33 14 5 17
8 7 21 34 14 4 1 12 18 17 3 24 10 27
3 25 4 7 12 14 18 33 10 5 39 17 27
2 7 21 12 30 18 23 33 4 39 5 24 10 27
1 9 19 12 18 25 23 33 39 34 11
9 27 7 12 30 19 23 33 21 5 24 34 14
7 34 24 12 30 23 33 10 14 19 5 27 4
12 17 34 14 30 18 19 39 5 11 10 24
30 19 21 18 25 33 14 24 11 17 4
21 27 34 25 23 4 14
18 14 19 5 23 33 39 11 17 4
27 17 4 25 14 19 24 11 10
25 19 34 24 17 4
23 11 34 33 14
33 17 19 39 24 11 4
10 5 17 34 11
34 4 39 5 11 24
14 5 24
19 17 5 11 24
39 4 39 24
5 11 4
24 4 24 11 17
11 17
17 4
4
