#kunkel.py
# GMT Tue Apr 30 19:53:58 2019
# 
6 32 20 29 26 28 7 16 21 22 13 15 3 31 2 17 18 8 42 10 40 39 24 35 14
27 9 20 29 26 36 37 21 13 22 38 15 3 1 12 14 8 25 33 4 39 41 27 10 24
9 32 9 20 29 28 16 21 34 22 38 15 31 12 13 25 23 41 42 3 19 5 24
20 40 29 32 37 22 41 31 2 1 0 30 14 18 8 25 23 10 19 39 5 35
19 1 0 23 14 29 18 36 33 37 35 21 34 41 15 7 11 10 24
29 3 32 37 16 22 15 4 2 17 12 30 25 23 33 10 40 5 11 35
32 26 28 7 34 22 41 31 15 2 1 30 18 8 23 33 14 40 11 10 24
26 16 2 23 13 8 28 7 33 10 42 4 36 40 22 38 31 11 35
28 7 37 22 13 2 1 0 36 30 14 18 25 23 10 4 40 17 3
7 0 16 38 13 31 4 12 30 18 25 23 33 17 40 39 5 35 24
1 35 0 12 30 14 40 24 23 33 42 4 22 38 39 17
37 0 40 36 16 21 34 22 13 2 30 8 25 23 33 42 11 10
16 5 0 12 30 14 2 18 25 4 35 34 38 8 10 24
21 35 17 34 22 13 15 31 2 30 18 24 25 41 4 40 5 10 14
41 0 12 34 18 25 39 42 4 40 38 15 11
22 5 2 23 12 36 3 34 42 31 30
13 25 42 17 23 24 33 3 39 38 31 8 15 10
15 0 12 30 34 18 8 39 33 3 24
3 25 2 0 23 12 30 8 36 33 11 40 31 17
34 38 31 4 12 18 25 23 35 40 39 11 17 14
31 17 4 2 12 18 23 33 5 11 10 24
4 36 38 14 8 25 23 35 39 5 11 17
38 2 35 36 30 5 25 33 10 17 11
2 0 42 12 18 36 33 24 14
17 23 30 40 18 33 42 39 11 5
0 35 42 30 40 18 25 14 24 10
36 12 30 18 8 23 33 10 40 39 5 11 35 24
12 24 30 8 25 42 5 11 14
30 35 23 33 42 39 24
18 8 33 42 39 5 35
8 35 24 23 42 39 5 11 10 14
25 10 42 14 11 35
23 35 40 42 39 5
33 14 39 11 35 24
42 10 40 39 5 11 35 24
10 40 5 11
40 14 39 5 24 11
39 14 11
5 14 11
24 14 11
11 11
35 14
14
