#kunkel.py
# GMT Tue Apr 30 19:51:13 2019
# 
16 25 6 1 9 0 2 18 26 28 23 4 42 14 21 40 39 38 15 11 10 24
6 32 9 0 7 14 34 20 4 36 33 10 42 3 40 22 13 15 24 31 17
21 32 35 9 20 26 28 36 37 34 22 2 12 30 25 23 33 42 14 39 11 10 24
27 2 10 9 13 12 34 20 18 8 41 36 33 11 37 14 40 38 31 15 17 5
0 29 32 26 36 38 41 31 2 17 12 30 8 23 33 42 10 40 39 24 35 14
29 32 35 23 30 2 8 37 36 41 42 3 38 19 22 5 15 26 11 17
19 9 34 20 36 37 38 41 13 31 15 2 1 30 25 10 42 3 40 39 24 17 4
20 40 20 26 28 7 34 13 15 36 12 30 18 25 23 33 4 5 24 35
32 1 9 36 30 35 11 28 23 4 3 40 13 31 7 15 10 24
26 2 9 12 14 40 35 25 36 41 42 4 34 13 37 31 10
28 7 13 41 15 4 1 36 12 8 25 33 14 40 39 5 11 17 3
7 17 9 12 40 18 2 39 33 42 3 38 34 22 5 31 35
37 5 2 1 24 30 18 25 23 34 39 13 31 8 10
17 36 34 22 14 31 2 12 30 8 25 33 10 4 35 24
38 2 9 36 12 30 14 34 25 33 22 41 15 24 11
34 9 40 22 41 31 2 12 30 8 23 42 4 24
22 35 15 2 1 13 30 18 8 41 33 10 3 40 11 14
13 9 41 15 31 8 25 23 33 14 40 24 11 10 3
15 35 36 31 2 12 8 25 23 42 14 39 5 10
31 1 9 23 12 35 4 10 14 39
4 14 1 12 18 8 25 33 42 39 11 10 24
25 9 41 2 18 42 3 40 39 5 35
2 40 1 12 14 23 3 11 24
1 35 9 41 12 30 18 8 23 33 42 39 5 10
9 9 40 41 23 33 39 5 11 35
36 41 12 18 23 10 14 40 5 11 24
12 18 33 10 8 14
30 18 8 40 23 14 41 39 11 5
35 41 18 23 33 3 39 5 11
18 24 3 41 8 23 33 14 39 5
8 24 42 40 5 11 10 3
41 33 42 3 24 11 10
23 42 3 40 11 14
33 14 40 5 3
42 40 24 11 10 3
14 40 39 24 11
40
39 11 3 5 24
5 24 11
24 10 24 11
11 10
10 3
3
