#kunkel.py
# GMT Tue Apr 30 19:38:35 2019
# 
6 5 24 17 0 9 12 30 29 26 25 36 4 42 16 34 3 38 15 8 35 27
35 3 19 32 28 36 37 38 34 22 13 31 2 12 25 23 33 42 4 40 39 17 27
0 20 29 26 3 7 37 16 21 22 38 15 31 36 8 25 33 14 19 39 5 4
20 28 36 16 21 34 41 15 31 1 7 30 8 25 23 14 19 39 5 11 17 27
40 25 32 1 12 30 34 18 26 28 39 33 16 21 19 22 13 41 8 10 14
29 1 9 23 30 32 18 8 25 36 37 3 21 34 22 38 17 11 13 24
32 5 21 23 30 18 25 7 42 10 36 19 39 38 37 34 11 13 27
26 17 24 14 5 18 8 28 41 10 42 16 19 13 37 27 31 4 3
28 9 7 37 16 21 38 13 31 1 18 8 23 42 14 19 27 11 10 24
36 37 21 34 41 31 3 1 9 12 30 23 33 42 14 39 24 11 17 4
37 17 21 34 41 15 38 2 1 9 12 30 18 33 10 3 24 14
16 25 12 30 2 18 23 33 42 17 19 22 5 10 4
21 19 38 41 22 13 2 9 12 18 8 14 39 11 17
34 9 23 12 18 2 33 14 22 5 39 11 10 24
22 7 17 13 15 31 4 1 9 18 8 41 42 14 10 3
38 38 13 15 31 1 12 30 25 33 42 3 19 5 17 14
15 1 14 8 25 7 41 10 3 5 31 17 27
18 9 3 7 41 2 1 12 30 8 42 14 39 11 4
31 2 9 7 30 13 33 4 41 8 10 24
24 25 1 23 3 19 41 4 14 39 13 10 27
2 1 12 30 14 5 41 8 25 33 10 42 11 17 27
1 19 12 23 33 10 42 3 39 5 11 17 4
9 7 17 13 4 12 23 3 19 5 11 10 14
7 30 11 23 33 42 3 19 13 8 10 14
12 42 14 25 4 39 11 13 27
30 19 41 13 23 33 14 39 5 27 17 4
14 41 23 42 14 39 13
33 41 13 8 23 42 39 5 11 10 27
13 3 4 25 23 27 11
8 23 4 39 5 11 17 27
25 5 23 4 11 17 27
23 3 39 41 10 4
41 3 17 42 39 5 27 10 4
10 19 5 4
42 4 3 19 27 11 17
4 5
19 39 5 17 27
39 17 27
5 11 27
27 3 11 27
11 3
17
3
