#kunkel.py
# GMT Tue Apr 30 19:32:43 2019
# 
32 6 0 3 40 29 26 7 16 38 22 13 1 12 30 8 23 33 42 14 19 39 5 10 4
35 9 20 29 26 28 7 37 21 34 22 38 31 15 2 0 12 25 33 42 3 40 11 10
0 33 36 41 30 34 29 6 28 7 20 10 42 14 40 16 13 37 31 27
3 20 28 36 16 21 41 31 15 4 7 12 30 42 14 40 39 24 11 17 27
40 9 28 36 16 21 34 22 38 31 15 7 18 25 23 10 24 17 4
29 9 29 6 28 21 38 22 41 15 2 1 12 30 13 8 25 39 5 11 10 27
6 34 8 25 36 41 42 4 21 19 39 13 37 24 11 27
26 9 20 28 36 21 22 38 15 2 12 18 8 25 23 42 14 39 24 17 4
28 9 37 16 21 41 22 13 38 1 12 30 18 8 23 42 5 11
7 23 13 20 2 18 8 25 36 4 10 37 16 21 22 41 11
37 9 20 36 37 21 41 22 38 15 1 12 30 8 23 33 19 39 24
16 9 36 38 13 31 15 2 12 30 18 25 23 33 19 5 41 11 10 27
21 1 9 12 19 33 10 39 5 41 27 17 31
38 36 34 13 15 4 1 30 18 23 33 39 27 11 17 24
22 20 34 13 31 2 30 8 25 33 4 19 24 11 17 14
13 20 36 15 31 1 9 12 18 25 4 5 27 10 14
31 41 2 12 18 8 25 33 42 4 39 5 11 10 14
34 9 30 14 19 8 25 33 42 4 15 24 11 27
15 9 36 41 1 8 25 23 19 39 5 17 11 10 14
24 19 20 41 2 1 23 33 42 14 39 5 27 11 10
2 9 36 41 1 12 8 25 23 33 42 14 19 5 27 10
1 36 12 30 18 25 33 14 39 5 11 17 4
9 30 14 18 23 33 10 39 8 4
36 20 30 25 23 42 14 19 39 5 11 4
12 25 30 18 23 33 41 17 14
30 20 8 25 33 42 14 5 41 17
18 20 41 25 23 33 42 14 19 39 10 4
8 19 20 23 5 39 17 27
25 20 19 25 23 42 14 27
23 27 14 19 5
33 14 19 39 10
20 17 41 4 14 39 5 27 11
42 14 10 5 27 11 17 4
14 10 17
19 19 39 5 27 11 17
39 27 41 4 17
5 41 10 17
41 17 27 11 10
27 10 11 17
17 4
11 4
10
4
