#kunkel.py
# GMT Tue Apr 30 20:51:19 2019
# 
32 6 29 26 28 7 16 38 13 31 4 1 36 25 33 42 14 40 39 27 11 10 24
15 6 1 9 0 7 12 29 18 8 28 36 33 42 16 40 22 13 39 11 10 14
35 6 0 20 26 28 36 37 16 21 13 22 38 31 2 1 18 25 3 5 27 17 24
0 6 9 29 20 28 7 37 16 21 38 22 41 31 36 12 30 8 25 33 4 11 27
20 19 29 26 7 21 22 31 4 2 36 12 18 24 23 33 42 3 40 5 27 14
19 6 17 23 30 34 2 29 8 36 4 37 16 21 40 14 24 11 10 27
29 29 28 7 34 22 4 12 18 8 42 3 39 5 27 11 10 24
6 17 12 30 14 34 8 7 33 37 16 21 5 4 10 3
26 9 28 36 41 22 13 2 1 7 18 25 23 33 42 3 5 27 10 24
28 7 37 16 21 34 13 31 36 12 18 8 23 14 39 5 27 3
7 36 37 21 34 13 31 30 18 25 23 33 42 39 5 11 24
37 21 41 22 38 31 2 9 36 30 23 33 42 40 39 27 11 10 3
16 38 4 12 18 2 23 41 33 21 13 8 11 14
21 9 3 38 34 22 13 2 18 41 10 5 11 17 24
38 3 34 22 13 2 1 12 30 18 8 23 33 42 40 17 24
22 9 17 22 1 12 30 8 23 42 40 5 24 10 14
13 9 41 36 12 30 23 42 4 39 5 27 11 24
31 25 1 9 42 12 30 2 18 4 40 39 5 17 3
34 9 2 1 36 12 30 8 25 33 42 3 40 39 17 4
3 36 1 14 18 8 25 23 42 40 39 5 10 3
4 36 41 2 18 8 25 33 17 39 5 10 27
2 1 42 12 30 14 41 40 33 27 11
1 24 11 30 41 39 33 10 42 8 5
9 23 30 40 18 25 36 41 11 27 17 5
36 36 12 30 8 25 41 14 27 11 10
12 41 33 42 17 40 27 10 14
30 24 8 25 14 18 17 40
18 41 39 27 8 33 14 40 24 11 10
8 42 40 17
25 41 27 23 10 42 14 40 39 24 17
17 41 14 33 42 39 5 27 11 24
33 42 5 27 11 10
23 5 24 39 40 41 27 11 10
42 41 39 5
14 41 10 40 5 27 11 24
40 5 41
39 24 11 10 27
5 41 10 11
41 10 27
27 24
11 10
10 24
24
