#kunkel.py
# GMT Tue Apr 30 19:20:42 2019
# 
6 5 25 2 7 30 29 8 28 23 42 14 36 40 39 13 37 26 22 3 4 16
27 35 0 20 36 37 16 22 41 31 15 2 1 7 12 30 18 23 33 42 4 40 17
9 35 0 29 20 26 37 34 13 15 1 30 14 18 41 42 4 19 39 5 24 10 3
3 5 0 23 12 20 34 29 35 40 8 28 7 37 17 19 38 31 10 24
19 32 35 0 26 36 37 16 41 2 17 7 12 8 25 23 42 14 39 5 10 4
29 13 32 26 28 7 37 16 38 34 41 15 31 36 30 14 18 8 35 39 17
32 2 1 35 12 30 14 34 13 23 33 37 16 21 22 38 39 17 5
26 25 12 30 18 28 23 41 37 4 21 22 38 31 24 11 13 5
28 35 0 20 36 37 34 41 15 31 1 14 25 33 42 17 40 39 11 10
7 20 40 16 21 38 13 15 1 30 8 25 33 10 42 14 39 11 17
37 35 20 36 21 38 15 1 12 14 25 23 4 10
16 2 4 17 12 40 25 33 34 14 13 41 24 31 35
21 0 20 36 34 22 38 15 31 1 18 8 23 10 42 17 40 5 35 24
34 35 36 41 22 13 15 2 1 30 18 8 40 39 5 10 14
22 12 30 20 18 23 33 42 13 24 35 5
13 0 20 36 38 15 31 2 1 12 18 8 42 40 39 17
15 20 36 41 38 1 12 30 18 8 42 10 40 39 11
31 25 2 1 0 12 30 24 18 39 17 41 8 10
38 36 41 4 2 1 12 18 23 33 42 39 5 11 10 24
2 1 0 12 30 20 18 36 41 24 11 4 40
1 35 0 41 8 25 23 42 14 11 10 4
0 36 41 8 25 23 42 4 40 39 11 10 24
36 40 12 30 8 23 42 39 5 11 17
12 20 8 25 33 39 24
30 20 41 25 33 42 4 5 11 35 24
33 25 35 39 20 18 8 42 5 24 10 14
18 5 11 25 39 8 10 24
8 35 20 17 41 23 5 24
25 20 25 23 10 35 39 5 11 17
23 4 40 20 41 17 24
20 24 14 40 5 11 4
10 5 41 11 14 39
42 40 41 14 11 35
14 41 17 40 24 11 35 4
40 17 11 4
39 17 4 5 24
5 35 4 5 41 24
41 17 4
24 4
17 4 11 35
11
35
4
