#kunkel.py
# GMT Tue Apr 30 19:13:07 2019
# 
13 0 3 26 37 16 34 22 38 15 2 1 12 30 25 23 41 42 14 19 24 11 17 27
32 6 26 21 34 22 41 15 4 2 1 12 18 8 25 33 42 14 40 39 5 24 17 3
35 6 0 26 28 36 16 22 38 15 1 9 12 30 25 33 42 10 39 27 11 17 4
9 3 40 28 36 16 34 22 38 15 1 30 41 23 33 14 19 5 27 11 17 4
20 5 0 36 12 40 29 18 26 41 7 33 42 3 19 22 38 37 39 11 17 16
19 6 29 7 37 21 15 31 2 1 12 8 42 10 39 5 24 11 17 27
27 24 2 23 12 30 29 18 26 36 42 3 21 41 15 8 31 14
6 17 23 30 18 26 7 33 10 3 38 34 22 41 15 4 5
29 0 28 7 21 34 22 38 15 31 2 12 30 18 23 33 42 3 40 11
26 36 21 41 31 38 2 1 7 30 14 8 25 23 4 39 5
28 1 0 30 8 25 7 33 10 42 14 41 39 38 24 22 16
36 0 37 34 41 2 12 30 18 25 23 33 10 42 3 40 5 11 24
37 40 17 16 21 31 15 2 1 18 25 23 33 42 14 39 5 11 10 4
16 25 1 7 12 30 23 33 4 21 34 15 24 17 31 5
21 0 34 22 41 15 2 17 12 18 25 23 33 14 39 5 10
34 41 38 15 0 7 18 8 25 10 42 14 40 24 3
22 25 12 14 18 10 41 39 38 31 11 17 4
41 1 0 12 30 8 25 33 4 24 11 10
15 40 7 38 1 0 12 8 25 23 14 24
31 0 42 12 39 8 7 4 10 5 24 11 17 14
4 17 0 7 39 5 14 23 38 24 42 3
38 7 2 30 8 25 10 40 24 17 14
2 1 0 7 12 25 23 3 40 11 14
1 42 30 5 7 33 3 40 39
0 7 12 18 8 25 42 3 39 5 11 24
7 5 23 33 8 24 17
12 40 30 18 8 42 39 11 17 24
30 14 8 10 42 40 24 5
18 23 40 8 25 10 3 42 17 14
8 25 23 33 3 40 39 5 11 17
25 25 42 39 5 11 10
23 3 33 42 5 24 10
33 42 3 39 17 11 24
10 17 40 24 11 14
42 42 3 5 24
14 24 40 39 5 14
40 3 39 5 11
39 3 11 24
5 3
24 17 3
11 3
17 3
3
