#kunkel.py
# GMT Tue Apr 30 19:12:31 2019
# 
32 6 35 9 12 30 18 28 36 33 42 16 21 5 22 13 24 11 10 4
35 6 0 26 7 17 16 41 15 1 9 12 30 18 23 33 42 3 19 27 10 14
9 28 6 1 0 7 30 40 29 18 26 25 36 37 16 19 39 5 10 27
3 6 29 28 37 17 38 34 22 13 31 2 1 12 8 25 23 42 10 40 5 24 14
19 0 26 36 37 17 34 22 13 15 12 30 18 8 25 23 41 40 39 5 10
20 28 6 0 23 12 30 40 18 26 25 7 33 37 4 38 22 5 31 24 13 27
6 28 7 17 21 34 38 2 1 8 25 23 33 4 40 5 24 11 10 27
29 26 7 37 17 34 41 31 1 0 30 18 8 23 33 14 40 5 11 10 27
26 2 0 34 8 36 41 10 14 21 39 38 15 31 17 4
28 0 36 37 16 21 34 22 31 4 2 7 30 18 23 39 11 17 24
7 34 36 38 41 13 4 1 30 18 8 33 14 40 27 17 24
37 36 17 21 22 38 15 2 1 12 30 8 33 42 14 24 27 11 10
16 1 12 40 2 18 8 25 23 33 10 17 34 22 5 15 31 4
21 0 34 22 13 15 31 4 2 1 12 18 25 42 14 40 5 27
34 36 38 22 41 15 4 1 30 25 33 42 14 24
22 25 0 12 2 8 23 33 13 15 10 40
38 1 0 36 8 25 4 39 41 31 24 15 11 17 27
15 0 31 2 1 18 41 23 33 4 40 5 11 24
31 41 1 12 30 13 8 25 33 42 4 39 11 17 27
24 0 36 13 18 8 25 23 33 42 40 5 27 11 14
2 25 1 30 14 23 41 40 42 39 4 27
1 36 41 13 12 14 25 42 40 5 11 27
0 30 12 41 23 33 8 11
13 36 30 14 25 4 5 39 11 17 27
12 36 4 18 8 25 17 40 39 5 11 27
30 5 23 10 39 11 17 27
36 25 42 8 14 39 18 11 4
14 18 25 33 41 4 42 17 5
18 41 8 23 33 10 39 27
8 41 25 40 39 5 11
25 41 23 33 27
23 41 4 42 40 39 11
33 4 42 10 40 11
42 40 10 39 41 4 11 17
17 41 17 5 11 10 4
40 39 5 11 10 27
39 41 4 39 5 11 10 27
5 41 4 27
41 11 10
27
11
10
4
