#kunkel.py
# GMT Tue Apr 30 20:51:20 2019
# 
32 2 1 9 0 36 12 40 29 6 18 25 7 33 37 3 21 19 41 31 10 27
9 0 36 3 40 31 18 26 28 23 42 17 37 13 22 5 15 11 35 27
42 6 29 19 20 7 16 34 22 38 31 2 1 12 18 8 25 41 4 40 5 3
20 6 0 20 29 28 36 16 21 15 1 7 12 8 25 23 33 19 39 24 17 27
40 2 23 12 3 14 6 26 36 33 11 37 16 21 38 15 8 31 27
29 0 6 26 28 36 37 22 13 15 1 7 12 30 8 33 10 14 5 35 27
6 24 19 6 26 36 37 21 41 22 38 1 8 10 14 3 5 27 35 4
26 38 1 35 23 30 28 36 37 16 21 39 13 7 3 11 17 24
28 35 0 37 16 21 34 13 3 2 1 12 18 25 33 14 39 5 11 10 27
36 35 19 7 21 34 22 41 13 18 25 23 10 4 24 11 17 14
37 19 7 16 34 22 38 31 2 1 0 23 10 4 5 11 17 24
16 5 25 2 24 30 18 22 4 21 39 31 8 17 14
21 0 19 7 34 22 14 2 12 25 23 10 39 5 35 27
38 0 19 34 22 13 31 2 12 30 18 8 41 23 33 39 10 27
22 0 7 13 2 17 30 18 23 4 39 24 11 10 27
13 31 15 1 7 12 30 25 33 10 17 19 39 5 11 35
31 0 23 3 5 2 18 8 7 39 41 27 4 14
15 27 1 0 23 12 19 8 7 41 34 14 5 24 17 30 4
4 0 7 12 30 18 8 25 33 34 24 10 14
24 34 41 1 12 25 23 33 3 39 5 27 17 11 35 14
2 25 17 12 30 34 10 19 41 11 35 14
1 33 25 18 7 41 3 19 39 17 27
0 7 34 12 30 8 25 23 10 3 5 11 17
7 35 34 33 3 19 39 5 17 27
12 34 30 18 23 14 19 5 11
30 17 14 25 33 8 34 11 10 27
14 3 18 23 33 39 5 11 17 27
18 17 34 8 25 23 19 39 11 10 3
8 5 25 19 23 41 27
25 3 34 33 5 11 27
23 19 41 23 10 39 35
33 35 19 34 41 39 5 17 3
10 41 39 5 27 35 3
34 17 41 19 35 27
17 41 5 27
19 41 3 11 35
39 3 41 35 27
5 35 5 11 3
41 11 35
27 35 11
11 35 3
35 3
3
