#kunkel.py
# GMT Tue Apr 30 19:08:08 2019
# 
6 9 20 40 29 36 16 21 34 22 41 2 1 0 13 30 18 8 25 4 19 11 10 27
7 32 0 20 29 26 17 34 38 31 2 1 30 18 23 41 4 40 3 27 11 10 24
35 0 3 20 26 28 21 38 22 41 31 15 1 12 30 18 8 42 4 19 39 5 27 17 24
9 0 3 20 32 26 36 37 16 34 22 41 18 25 33 14 39 5 24 11 13 27
20 3 40 26 28 37 21 41 13 38 0 12 30 42 4 19 5 27 11 24
40 3 34 36 16 21 41 22 13 15 38 1 30 25 23 42 14 19 5 17 24
29 28 1 0 23 12 2 18 25 42 4 32 19 39 5 31 11 13 36
32 32 28 16 21 13 22 38 31 15 12 18 25 23 3 19 39 27 11 10 4
26 36 16 21 13 15 1 12 30 14 8 23 33 42 10 19 39 5 24 27
28 5 17 36 12 2 18 23 33 42 38 41 31 30 10 24
36 21 34 22 38 31 15 4 1 12 18 14 19 39 27 11 17 24
17 2 27 0 30 19 18 8 10 34 16 38 22 5 15 39 3
16 0 37 21 34 41 15 4 1 12 25 23 42 14 19 39 11 3
21 0 37 38 34 13 12 14 8 33 42 19 11 10 4
34 12 3 19 2 18 8 41 23 22 5 15 27 14
22 38 41 15 4 1 0 30 14 13 25 33 10 42 5 11 24
41 37 15 2 1 12 30 18 25 23 3 11 24
31 1 27 0 23 30 2 18 11 33 10 39 3 14
3 38 13 2 25 23 33 14 39 5 27 10
15 37 38 13 2 1 12 8 25 33 42 10 14
38 25 12 19 2 33 37 13 39 42
2 23 12 19 33 18 42 14 37 39 5
1 27 13 4 10 33 11 8 24 5
0 23 12 19 33 14 30 5 39 11
13 37 12 30 18 8 25 11 10 24
12 30 25 23 4 39 5 27 24
30 37 8 25 23 33 42 19 11 24
14 18 37 42 5 8 27
18 37 8 23 33 10 42 4 39 24
8 27 19 23 33 10 37 24 4
25 33 4 23 37 24 10 5
23 37 23 33 42 5 11 27
33 42 4 5 11 24
42 37 4 39 24 11 27
4 37 19 5 27 10 24
37 5 39 27 11
19 27 39 11
39 5 24
5 24 10
24 10
11
10
27
