#kunkel.py
# GMT Tue Apr 30 19:06:34 2019
# 
13 25 6 1 9 0 42 12 19 2 24 28 36 33 37 3 34 38 41 35 17 27
32 38 17 0 12 34 20 18 8 25 36 37 16 21 40 22 41 15 24 4 14
9 38 6 27 12 40 29 23 16 21 19 39 5 15 24 22 11 35 3
20 6 29 7 17 38 41 15 31 1 12 30 18 8 25 23 33 42 3 39 5 11 35
19 3 28 7 34 31 12 30 14 8 25 23 33 4 40 39 5 27 11 17 24
29 6 1 0 42 3 14 34 7 10 37 16 38 40 41 31 24 15 4 27
6 38 2 35 30 34 18 11 25 16 21 40 39 41 15 31 10 14
26 25 2 1 12 30 18 8 28 23 33 37 14 21 41 22 42 15 39 10 5
3 36 21 34 22 41 15 38 2 1 30 18 8 23 42 35 40 5 10
36 1 0 11 30 2 18 8 23 33 37 16 21 34 31 15 10 14
37 34 28 7 21 22 38 31 15 1 8 25 23 41 4 39 5 11 35 14
16 1 0 12 30 8 25 7 33 17 35 21 40 15 10 24
21 14 31 15 4 2 12 18 25 23 33 42 39 24 11 35 27
34 0 40 28 22 38 31 4 30 25 23 42 17 11 10
22 28 17 41 31 4 2 1 12 18 23 33 39 24 11 35 27
41 0 28 7 41 31 2 1 12 30 18 8 42 14 11 17
15 1 0 7 12 33 5 31 4 10 27
31 0 28 7 38 1 30 18 25 33 42 5
4 28 7 17 38 2 12 30 23 33 42 10 40 39 5 35 27
38 1 0 14 18 2 7 27 11 10 24
28 0 40 7 12 30 8 23 33 42 5 27 35 14
2 35 0 7 1 12 8 25 23 33 27 11 17 24
1 27 42 33 18 40 8 14
0 35 7 30 42 14 40 39 5 24 11 17 27
7 40 12 25 23 33 42 39 27 10 24
12 40 18 25 23 42 11 17 14
30 14 17 30 8 33 5 24 35 27
14 8 25 23 33 42 27 11 35 24
18 39 8 17 40 10 5
8 35 10 40 39 17
25 35 40 23 33 42 17 24 11 10
23 35 42 39 5 11 10
33 27 24 10
10 17 39 27 11 35 24
42 40 39 27 17
35 40 39 5 24
40 17 39 5 24
39 17 5 27 11
5 27 11 24
27 11
11 24
17 24
24
