#kunkel.py
# GMT Tue Apr 30 19:04:18 2019
# 
6 32 9 20 29 26 28 7 16 21 34 38 15 31 4 2 18 8 25 23 42 3 13 27
35 32 1 0 3 30 20 18 25 23 41 37 16 21 13 29 38 39 22 11 10 27
9 4 0 7 12 29 2 32 26 36 33 23 14 34 41 31 8 10 13 27
20 20 29 32 28 37 17 21 22 38 15 4 2 1 18 8 23 42 3 40 39 5 10 27
19 13 2 1 7 12 30 40 18 26 28 36 33 10 14 34 5 31 15 11 17 27
29 25 1 23 30 14 11 28 36 41 37 10 34 38 15 17 31 3
32 0 3 26 7 37 16 38 41 15 36 18 8 25 33 42 4 5 24 10 14
26 1 12 30 34 5 18 25 7 4 39 38 31 3 11 17 40
28 0 36 16 34 22 13 31 15 1 12 18 41 42 14 24 11 17 4
7 3 7 37 16 21 41 13 31 2 36 30 18 25 42 14 40 39 17 27
37 0 34 36 16 21 13 38 15 31 2 30 25 33 40 5 41 24
16 25 1 23 12 30 2 33 10 21 41 39 13 22 11 24
21 5 1 12 30 4 11 33 40 22 42 15 24 17 31 14
34 0 22 41 31 15 12 8 23 33 42 14 39 5 10 27
22 24 1 0 23 12 40 8 36 4 42 39 5 27 14
38 1 13 18 25 33 17 40 39 42 31 8 11 14
15 41 2 1 12 30 14 18 8 33 42 4 27 17 3
31 0 13 31 1 30 23 33 3 39 10 4
4 0 36 13 1 12 30 8 10 14 39 5 11 17
2 3 41 13 12 30 8 25 23 33 14 39 5 10 27
1 25 11 12 13 41 18 27
0 12 30 40 5 8 23 10 42 39 3
36 17 18 8 25 23 33 42 3 40 39 5 27 10
12 13 18 25 33 39 5 41 10 27
30 41 18 8 25 42 40 39 5 27
14 25 27 23 13 33 39 17 24
33 13 18 8 42 39 11 10 24
18 40 13 10 27 24
8 3 41 10 42 39 5 11 17 27
25 23 40 39 17 3 24
23 41 13 17 42 5 11 10 24
41 13 10 5 27 11 17 24
10 5 27 11 17 24
42 13 5 27 11 17 24
3 11 17 40 27
40 5 27 39 11 24
39 17 24 11
5 13 11
24 13 11 17
17 13 27
11
13
27
