#kunkel.py
# GMT Tue Apr 30 19:03:35 2019
# 
13 2 27 35 9 40 20 18 8 36 37 16 21 19 22 38 31 24 11 17 14
32 6 0 40 20 26 7 37 41 14 31 9 36 18 8 25 23 33 3 19 24 11 17 27
35 38 1 9 36 29 34 20 8 25 23 33 4 21 19 22 15 27 11 17 14
0 31 28 9 29 40 20 18 26 25 23 42 16 21 19 5 37 34 11 10 24
20 28 2 30 40 29 26 25 23 33 42 4 21 5 39 15 11 14
40 38 28 2 1 30 34 6 31 25 33 37 41 5 22 15 11 24
29 26 28 36 37 17 21 41 38 15 2 1 7 12 30 18 10 39 11 4
6 23 2 9 19 34 18 26 25 7 10 37 4 36 22 5 39 11 17 24
26 26 28 36 16 22 41 15 2 9 12 18 8 23 33 14 19 5 27
28 7 16 34 22 38 31 9 36 30 8 25 33 42 4 19 41 11 17 24
7 38 2 1 19 34 8 23 33 37 4 21 5 22 41 18 11 10
37 16 36 30 34 25 41 3 21 19 22 31 39 10 24
16 2 1 9 19 34 18 36 33 3 5 39 15 27 31 10 24
21 25 2 42 12 8 41 4 3 38 19 39 31 17 14
34 3 17 22 38 2 1 25 23 10 42 14 19 39 5 27 4
22 9 38 22 15 31 12 30 14 25 23 42 3 19 39 5 24
14 9 31 2 1 30 8 25 23 10 42 4 19 39 5 11
31 9 38 4 2 1 30 18 41 42 39 24 17 27
15 19 36 17 41 1 12 30 18 8 42 4 3 5 24 27
4 18 25 36 33 23 3 41 30 17
38 12 30 8 25 23 33 3 19 5 41 24 11 17 27
2 17 12 30 25 23 33 19 3 41 24 10 27
1 36 41 17 12 30 8 25 33 10 42 5 11 3
9 3 41 17 18 8 25 42 39 5 11 10 27
36 27 12 18 23 33 39 24 11 17
12 30 18 8 42 3 19 11 27
30 18 8 33 42 5 11 10 24
18 17 25 33 11 10
8 41 42 3 39 24 17
25 41 3 5
23 3 17 41 33 10 42 24 11 27
33 19 39 5 24 3
42 3 41 27 10
3 39 5 17 27
19 41 39 5 24 27
39 27 10 5 24 17
5 10 24
41 11 10 24
27 24 11 10
17 24
11 10 11
10 24
24
