#kunkel.py
# GMT Tue Apr 30 19:01:30 2019
# 
32 38 2 0 23 14 34 8 36 41 10 37 3 21 40 22 13 15 27 11 35 16
35 9 20 40 29 26 28 37 21 13 22 41 15 38 0 18 8 23 42 3 19 39 11 17 14
0 9 3 19 6 37 17 21 34 41 31 15 4 1 12 18 42 14 40 5 10 27
20 6 29 26 36 37 38 34 13 31 12 30 8 23 42 3 40 5 27 11 10 14
19 25 6 1 36 12 29 18 26 28 7 37 21 22 13 15 8 11 10 24
29 9 36 37 16 34 22 38 15 2 1 7 18 23 41 10 42 3 39 27 17 24
6 6 9 26 28 7 37 21 13 41 31 2 12 18 23 42 4 40 39 5 14
26 9 7 37 17 21 38 13 4 2 30 25 23 33 3 5 41 10 24
28 34 36 37 16 38 41 22 13 15 31 2 17 7 18 8 42 14 5 27 10 3
36 37 34 13 31 30 14 18 8 25 23 33 10 3 40 39 24 11 17 27
37 40 16 34 22 41 31 7 13 23 42 14 39 11 24
16 5 25 9 40 2 11 7 33 10 34 22 41 31 24 15 17 27
21 33 2 1 24 30 18 7 42 4 22 13 39 11 17 14
34 1 9 14 2 18 8 23 33 30 39 42 41 4
22 5 1 9 12 23 3 13 15 24 17 31 4
38 9 7 31 15 2 1 30 8 25 23 33 42 3 39 5 4
15 40 41 31 12 30 13 25 23 33 3 39 11 17 4
18 40 17 41 31 1 8 25 23 33 10 42 14 5 24
31 9 1 12 30 8 25 23 33 5 27 11 24
4 1 12 40 2 13 7 33 42 14 8 17 27
2 7 41 1 30 8 33 40 39 5 11 17 24
1 40 7 41 1 12 30 8 3 39 5 24 14
9 12 30 25 7 41 10 39 11 17 24
7 30 25 23 10
12 17 13 41 14 8 25 23 40 39 24 11 10 27
30 17 41 13 8 25 42 3 27 10 24
14 23 8 33 3 27 11 17
33 27 5 41 10 42 39 24 17
13 40 42 39 11 10 8
8 25 40 41 11
25 40 41 23 39 10 5
23 23 3 39 27 11 10 24
41 3 39 27
42 5 3 39 24 11 10
3 40 5 39 27
40 27 5 39
39 5 17 27
5 27 24 11
24 27 17
17 10 11
11 10
10 27
27
