#kunkel.py
# GMT Tue Apr 30 18:55:21 2019
# 
23 6 0 40 26 37 16 34 38 4 1 9 12 25 23 33 10 14 19 24 17 11 35 3
32 6 9 3 26 36 37 34 38 15 31 2 1 0 12 30 14 8 25 41 4 10 27
35 0 29 26 7 37 16 21 34 13 15 38 2 1 36 12 30 25 42 4 39 5 24
9 0 20 28 7 21 41 22 38 15 31 1 13 12 30 18 25 17 40 39 11 10
3 1 29 34 20 6 18 26 36 33 10 37 4 21 19 39 41 15 17 13
19 0 26 28 7 37 34 22 38 2 36 12 18 25 33 42 14 19 39 27 10 24
29 6 0 28 7 17 21 34 38 31 4 12 30 18 8 41 40 5 11 10 24
6 13 1 0 36 30 40 2 18 8 42 21 41 38 37 17 11 10
26 1 30 14 20 2 8 28 41 10 37 16 38 15 27 11 4
28 36 37 21 34 22 41 15 7 12 30 13 33 42 4 39 24 10 27
36 40 20 37 17 34 22 15 31 2 1 12 30 18 33 5 11 27
37 20 17 21 34 22 2 18 8 33 4 40 10 14
16 13 2 1 30 40 18 25 7 41 42 10 21 34 38 15 8 17 31
21 20 21 34 22 41 1 25 33 42 14 40 39 5 17 24
34 22 41 31 18 8 25 33 39 5 11 24
22 40 20 38 31 1 0 12 30 18 8 25 4 5 13 14
38 20 14 31 2 17 0 30 8 33 4 5 11 24
15 0 20 7 14 31 15 2 1 18 8 42 17 5 11 24
18 30 20 40 24 25 31 13 39 4 27
31 5 27 7 12 20 8 33 39 11 13 24
2 0 20 41 4 17 12 8 42 14 40 39 5 11 10 24
1 20 7 41 13 27 17 0 12 24 10 14
0 20 7 13 0 30 8 33 42 10 40 39 5 27
7 25 12 30 14 40 33 39 41 27 24
12 27 20 8 33 17 5 39 24
30 41 13 14 8 42 10 40 5 11 27
14 40 20 5 33 41 11 17 27
33 25 5 39 27 11 24
13 13 8 25 42 10 5 24 11 17 27
8 20 41 42 39 27 17 24
25 17 20 40 10 42 39 11 4
17 27 42 40 39 24 4
41 40 39 11 10 24
20 42 5 11
42 5 10 4 39 11 24
4 27 40 10 5 39 11
40 27 5 24 11
39 5 11 10
5 27 10 24
24 11
11 27
10 27
27
