#kunkel.py
# GMT Tue Apr 30 18:53:16 2019
# 
6 0 20 40 29 26 28 36 37 16 41 22 13 3 17 9 18 25 23 4 19 39 10 24
15 32 19 1 23 30 39 34 29 26 7 33 10 14 40 22 5 31 27 11 35 24
35 32 1 0 9 23 12 30 20 13 26 25 36 42 16 38 40 22 41 11 10
0 9 40 32 28 36 37 21 34 22 13 31 4 12 30 18 41 10 19 5 24 17 27
20 29 32 26 28 7 16 34 22 41 31 1 36 12 18 8 23 33 14 19 11 24
40 3 29 32 7 17 16 21 34 2 1 12 30 23 33 10 4 19 27
29 9 26 28 36 37 21 22 13 1 12 14 8 25 23 33 4 39 17 24
1 32 9 26 36 37 21 34 22 13 31 14 42 19 39 5 10 27
32 32 3 7 37 16 41 38 36 12 8 25 23 33 14 19 17 27
26 28 36 16 13 22 38 31 18 25 33 10 42 17 19 5 24 27
28 34 7 37 16 21 41 22 38 31 9 30 8 23 42 17 19 11 10 4
36 7 37 41 38 39 12 10 42 4 3 5 27 17 24
37 5 25 12 30 2 41 16 19 39 38 4 3
16 2 9 30 7 18 22 13 8 11 24
21 2 12 13 33 10 42 14 34 39 38 31 11 17 3
41 17 9 7 12 14 19 18 8 42 5 38 10 24
22 38 13 3 31 2 12 30 18 23 33 4 19 39 24
13 7 14 9 12 8 23 33 42 3 19 24 11 10 27
31 25 2 9 23 24 30 7 14 5 8 17 27
3 9 19 7 34 2 30 18 8 25 23 42 39 5 11 17
38 9 17 34 2 30 18 8 25 23 33 11 10 14
2 9 23 8 25 7 33 27 11 4 24
17 34 9 18 23 33 42 14 5 27
9 12 8 4 19 39 27 11 24
7 5 25 23 19 8 11 4 27
12 34 30 18 42 14 39 11 10 4
30 25 14 34 11 23 33 39 10 24
14 34 18 8 23 42 4 19 5 10 27
5 34 4 18 33 10 19 39 27 11 24
18 34 4 8 25 10 42 27 11 24
8 34 8 25 33 42 39 24 11 10 27
25 34 33 10 4 19 27 11 24
23 11 42
33 19 39 42 4 34
34 39 11 10
4 19 39 10 27
19 42 39
39 42 24
42 24 11 27
27 24
11
10 24
24
