#kunkel.py
# GMT Tue Apr 30 18:51:12 2019
# 
16 0 20 26 36 17 41 38 31 4 2 1 14 18 23 33 42 3 19 39 5 11 35 27
32 9 20 26 36 21 38 13 15 31 1 0 7 14 18 25 23 33 3 5 24 10 27
35 2 1 0 9 7 12 29 8 28 36 42 4 21 40 22 41 24 11 17 5
9 36 12 2 18 8 28 7 41 10 42 37 19 39 38 31 24 17 4
29 5 6 1 0 12 30 20 2 8 28 36 37 17 34 39 13 15 26 22 27
34 19 7 21 38 22 13 31 4 1 12 18 8 33 42 14 40 39 5 24 11 10 3
20 0 40 26 37 38 22 13 31 15 4 2 30 18 23 14 19 39 5 11 10 24
6 28 1 27 30 18 8 25 7 33 42 14 21 19 22 41 37 24 11 10 4
26 28 7 21 38 41 31 30 13 8 25 23 33 42 4 40 39 27 17 24
28 0 19 36 13 22 41 15 31 1 18 25 23 33 42 10 40 39
36 19 37 21 22 41 15 4 12 30 23 10 42 14 40 24 11 27
37 5 0 23 12 18 8 41 33 3 19 22 13 31 11 17 14
17 2 0 23 30 25 7 41 10 42 40 15 11 4
21 2 27 0 12 40 25 42 3 38 19 5 31 4 11 14
38 0 23 14 40 2 7 42 19 13 15 24 10 5
22 1 27 14 2 8 7 42 3 40 13 24 11 5
13 0 2 1 18 8 25 23 42 3 40 5 24 11 4
15 1 27 2 18 23 33 10 3 19 41 24 5
31 25 40 18 41 10 42 3 39 14 8 4 24
4 0 12 30 25 23 33 42 19 5 11 3
2 7 1 12 30 18 25 23 33 42 19 39 11 14
19 7 30 18 8 25 23 3 27 10 24
1 25 0 12 30 40 41 10 42 11 14
0 12 30 8 25 7 10 3 5
7 12 30 25 23 33 10 42 3 40 39 5
12 30 8 33 23 39 41 10 14
30 41 18 8 25 23 33 3 40 39 5 27
14 25 23 33 40 39 11 10 24
18 33 27 40 23 41 24 5
8 25 39 10 3 27 24
25 23 33 40 39 24 3
23 40 33 27
33 33 42 3 5 11 27
42 41 42 10 40 39
3 39 24 11 10 27
40 5 24
39 41 11 24
5 27 11 10
41 11
24 27
11 27
10 10
27
