#kunkel.py
# GMT Tue Apr 30 18:10:53 2019
# 
32 6 9 20 32 28 36 17 16 38 34 13 15 2 1 7 30 8 33 4 39 24 27 10 14
21 6 0 29 20 28 7 37 16 34 22 13 15 31 1 30 8 25 42 35 19 5 10 27
35 0 20 29 26 37 16 38 22 13 31 15 1 12 30 8 25 41 42 4 19 11 17
9 1 36 14 6 18 23 41 42 16 37 19 22 5 31 27 7 11 15 24
29 0 40 28 7 17 41 13 15 31 4 38 2 24 18 8 25 14 19 39 5 27 3
40 2 0 12 14 20 18 26 25 36 33 10 16 34 22 13 31 8 11 17 5
20 25 15 0 19 6 18 8 28 36 4 42 17 13 37 26 11 14
6 0 26 7 37 16 38 31 18 8 25 10 42 14 39 5 24 17 3
26 28 7 16 34 38 31 4 2 12 30 23 42 14 19 5 27 11 17 24
28 37 16 34 22 15 3 1 12 18 8 25 33 42 14 19 39 27
36 1 19 30 18 8 25 23 42 4 34 38 15 24 11 13 5
17 0 34 22 38 31 2 18 8 25 33 42 3 19 39 5 41 11 27
16 22 13 31 4 2 1 12 18 8 33 19 39 5 10 14
38 2 1 0 14 25 33 37 4 34 5 31 8 27
34 37 13 22 31 15 1 12 14 18 25 33 10 19 5 24
22 0 7 41 31 15 2 1 12 30 42 19 5 24 11 10 27
13 0 41 31 7 23 33 42 4 3 24 11 10 27
15 25 12 18 7 23 42 14 41 3 10 27
3 25 1 0 23 12 2 18 7 4 14 41 39 5 10 24
31 0 19 1 12 30 18 8 33 5 24
25 0 41 12 8 23 33 42 24 10 14
2 0 37 41 1 12 18 8 23 33 14 19 39 27
1 0 30 8 23 42 14 5 27 10 4
0 7 37 4 30 14 23 24
7 4 8 23 33 42 14 39 5 11 10 27
12 8 39 33 10 37 41 24
30 23 18 33 4 19 41 27 11 5
5 37 41 23 33 42 4 39
18 42 39 41 27 11 24
8 37 33 27 24
41 27 23 33 10 42 14 24
23 27 37 19 39 24 11 4
33 11 24
42 14 39 11 4
4 37 4 14 19 24 11 10
37 10 14 19 39 24 27
19 24 10 39 27 14
39 11 14 24 10
24 11
27
11 10
10
14
