#kunkel.py
# GMT Tue Apr 30 18:06:01 2019
# 
6 32 0 3 28 21 41 22 13 31 4 38 2 12 25 23 14 40 39 27 11 35 24
27 9 40 20 32 26 28 36 37 16 21 34 22 13 15 38 2 1 0 25 4 19 39 10 24
0 9 29 32 37 21 34 22 31 15 2 1 12 30 18 8 25 42 14 39 5 24
29 32 19 20 28 36 37 16 21 41 31 1 7 12 30 8 23 33 10 42 35 40 17
34 17 9 12 30 20 13 26 28 36 4 21 19 39 41 15 8 22 10 24
20 16 35 36 12 30 19 13 26 7 10 37 3 39 41 24 11 4 14
32 9 26 36 16 22 15 31 2 7 12 30 18 25 23 10 17 39 5 35
26 28 37 21 15 2 1 12 18 8 25 23 33 10 3 19 39 5 11 17 4
28 1 36 12 30 2 25 23 33 37 14 21 38 42 10 24
7 17 9 30 2 18 33 42 3 21 41 13 37 4 15 10 16
1 9 40 36 38 22 13 31 15 4 2 23 33 10 3 19 39 5 17 24
37 25 13 23 18 33 42 3 40 41 15 31 4 5
16 9 36 12 40 2 41 42 14 38 19 22 5 15 11 17 24
21 35 9 36 38 41 15 4 2 25 33 42 14 40 24 10
41 38 15 17 12 18 8 25 23 3 19 39 5 11 13
22 35 19 12 8 25 36 42 40 5 31 24 17 10 14
13 35 38 31 15 2 30 18 25 23 3 19 11 10 14
31 9 36 38 15 31 2 30 14 42 3 19 39 11 10 4
15 36 12 8 33 42 4 5 11 35 24
4 9 38 12 30 8 25 42 10 39 5 11 17
38 9 40 2 18 36 42 19 39 24 17 14
2 36 12 18 23 42 3 40 11 17
19 9 30 18 8 42 17 40 39 5 10
17 35 9 40 36 18 8 25 23 5 10 24
9 12 30 8 33 42 11 24
36 30 18 8 25 33 3 39 5 11
12 12 30 23 42 14 5 11 3
30 8 23 39 11 35 40
18 8 25 33 42 10 40 39 24 35 3
8 23 33 10 42 24 35 14
25 23 33 42 40 11 35 14
23 42 33 35 39 11 10
33 3 40 5 11 35 24
10 10 42 3 40 5 24
42 40 14
14 5 39 3 11 35
40 39 11 24
39 5 35
5 5 24 11 35
24 11
11 3 35
35
3
