#kunkel.py
# GMT Tue Apr 30 20:50:35 2019
# 
13 6 0 40 26 36 37 16 38 22 41 31 1 30 18 8 17 34 3 19 24 11 10 27
32 6 9 3 40 28 7 16 21 41 15 4 2 12 30 18 23 33 14 19 39 11 35 27
9 0 19 12 30 40 29 6 2 36 10 16 34 3 38 31 8 15 35 27
3 0 29 6 26 28 7 37 16 34 38 31 2 23 33 42 4 40 39 5 10
40 35 20 29 28 37 16 21 31 15 4 1 25 23 33 10 5 24 11 17 27
29 20 28 36 17 41 22 38 15 31 4 2 1 30 14 8 23 39 24 35 27
6 20 7 21 22 41 15 31 2 1 12 30 25 33 10 42 19 35 14
26 35 0 28 7 16 41 31 15 1 12 18 8 25 23 33 17 19 39 5 27 11 10
28 0 20 36 37 38 34 22 41 2 1 8 33 42 35 27 10 24
7 0 20 36 37 16 21 34 38 31 12 30 25 42 4 19 39 35 24
1 36 21 34 41 31 15 2 1 30 18 8 4 19 39 5 10
20 21 23 12 19 35 8 42 16 36 39 41 31 11 17 4
37 0 36 16 21 41 22 15 12 30 18 8 23 33 10 39 17 24
16 0 38 34 22 31 4 18 42 14 39 5 11 17
21 19 36 17 41 38 31 30 14 8 42 10 5 11 35 4
34 35 0 38 22 15 4 12 30 18 8 23 33 14 19 5 11 10
22 36 38 22 15 31 2 17 12 30 18 8 23 33 14 19 5 10 27
41 18 36 10 14 38 39 31 8 11 15 24
15 0 19 36 2 18 23 42 14 5 11 35
31 38 31 14 25 19 5 24 11 17 27
4 38 4 12 30 8 25 33 19 39 5 24 17 27
38 2 12 18 25 23 33 42 35 24 11 10
2 25 0 12 19 18 39 42 5 27 24
17 35 36 18 23 33 42 14 39 5 24 10
0 27 23 30 19 36 8 42 35 24
36 18 25 10 39 27 11 35 14
12 27 42 19 25 33 39 11 10 14
30 18 8 25 23 42 5 11 35 27
18 23 33 42 14 39 5 27 35 24
8 25 33 10 35 27
25 27 14 19 5 33 23 42 11 24
23 42 33 14 27 24
33 14 11 24
10 14 39 5 11 35 24
42 35 5 27 11
14 39 27 11 24
19
39 5 27 24
5 35 27 24 11
24 35
11
35
27
