#kunkel.py
# GMT Tue Apr 30 18:00:33 2019
# 
32 9 19 29 26 37 21 34 22 41 31 0 12 30 13 8 25 42 10 40 11 35 27
9 0 20 26 36 37 16 21 38 22 41 31 1 7 12 18 25 33 10 42 4 35 3
20 6 40 28 36 17 21 34 22 38 15 1 0 14 18 25 3 19 5 11 35 24
19 0 3 6 28 7 34 41 31 12 30 18 25 23 33 42 4 40 39 27 11 13 14
29 6 26 28 7 37 16 34 13 15 31 2 1 36 12 18 25 23 33 40 5 24 17 27
6 27 1 35 23 25 7 42 3 21 34 39 15 24 17 30 10 14
26 0 28 36 16 34 22 38 31 4 2 7 30 14 42 35 40 39 10 24
28 0 16 21 38 13 15 3 2 1 30 18 8 23 42 14 39 11 35 27
36 34 7 16 21 41 22 38 2 17 18 8 25 10 42 3 39 27 11 13 4
37 38 1 0 3 18 25 39 33 10 16 21 40 22 13 41 15 17 14
16 34 22 41 31 15 12 30 25 23 33 42 17 39 5 11 35
21 34 41 15 4 2 1 12 30 8 25 23 33 42 3 39 5 24
34 41 22 38 31 1 12 30 8 33 35 39 5 24 17 4
22 17 42 12 14 2 18 33 38 40 41 11 35 27
41 35 40 41 1 7 12 30 25 23 33 42 3 5 24 10 27
31 1 0 12 14 35 25 27 38 40 5 8 11 4 24
3 0 12 30 2 18 8 4 40 13 15 10 24
15 35 7 38 12 14 18 8 25 42 10 39 5 17 24
4 38 2 27 12 25 7 23 17 40 5 24 11 35
38 13 2 12 30 8 25 23 33 42 39 5 24 27
2 0 13 1 30 14 23 33 42 40 39 5 11 17 24
1 7 12 30 13 8 33 42 40 39 5 11 27
0 25 7 30 23 33 39 42 8 11 10 5
7 30 25 23 40 39 13 10 5
12 35 12 8 23 42 17 39 24 10 27
30 23 14 13 18 10
18 5 25 8 14 39 13 42 10
14 27 11 23 40 5 8 17 24
13 27 35 8 33 10 24 17
8 17 25 33 42 5 11 35 27
25 40 23 33 35
23 27 11
33 5 39 17 24
10 27 5 35 40 24 17
42 39 17
17 40 39 5 27 11
40 35 39 5 24 27
39 5 27
5 35 24 11
24 11
11 27 35
35
27
