#kunkel.py
# GMT Tue Apr 30 17:46:25 2019
# 
32 9 20 40 29 26 7 16 21 41 22 13 15 31 38 1 36 12 25 35 19 39 10 24
9 35 0 3 29 7 21 34 22 41 31 4 38 2 1 8 23 33 14 19 11 17 27
20 0 3 40 28 7 38 13 31 15 12 30 14 25 33 42 4 19 5 11 10 24
40 5 1 0 12 2 8 41 17 33 37 14 21 38 22 13 31 27 4 16
29 17 7 12 30 19 2 18 23 33 3 21 34 39 38 31 4 11 10 24
6 1 7 12 30 5 25 23 33 42 16 21 34 22 13 15 3 17 31 35 14
26 25 30 18 8 28 36 33 37 14 13 39 38 41 24 15 4 27
3 0 28 7 37 21 38 13 15 31 36 12 18 8 33 10 42 4 5 17
7 0 28 7 16 22 1 36 30 18 8 25 23 10 42 19 11 17 27
17 1 12 14 34 25 36 33 23 37 22 5 15 39 10 16
16 28 1 19 25 23 37 35 21 22 31 11 27
21 1 0 12 30 19 13 2 28 36 41 42 5 8 35
41 0 37 34 22 38 12 30 18 8 25 23 10 42 14 39 27 35 24
22 27 28 37 38 2 12 30 18 8 23 33 14 19 24 4
38 36 37 34 15 1 30 18 25 33 42 5 24 11 35 14
15 0 37 34 1 12 18 23 33 19 39 5 24 11 10 14
18 2 1 0 12 30 14 36 23 42 39 10 4
31 28 0 12 30 19 8 25 33 14 24 11 4
4 35 0 36 37 13 2 8 42 19 39 24 11 10 14
28 2 0 12 30 34 25 36 10 19 13 39 11 35
2 5 25 27 0 19 36 33 42 13 39 34 35 14
1 30 19 25 36 37 39 27 42 5
0 37 34 30 25 23 33 10 14 39 5 13
36 36 12 25 33 42 14 39 5 27 11
12 34 30 8 39 11 10 14
30 35 37 34 30 8 42 14 19 13 27
14 35 37 13 23 10 39
5 19 34 13 23 33 10 5 24 11 35
13 19 25 23 24 11 35 27
8 37 34 25 23 33 42 39 11 35 24
25 37 34 23 10 19 11
23 34 10 42 39 27 35 24
33 34 42 39 35 24
34 35 42 39 11 10 27
35 37 24 42 27 11 10
37 24 39 10 11
19 42 27 10
39 42 24
42 27 11 10
27 10
11 24
10
24
