#kunkel.py
# GMT Tue Apr 30 17:40:20 2019
# 
32 6 0 40 29 36 37 21 22 13 31 15 1 9 7 30 8 23 4 19 5 11 17
35 38 25 6 17 0 12 30 29 5 28 33 37 14 21 19 22 13 41 31 10 27
0 9 29 36 16 21 41 22 13 1 7 12 30 25 33 42 19 5 11 17 14
42 6 40 20 28 7 37 16 21 34 41 4 38 30 18 8 25 3 19 11 17 24
20 26 36 37 21 22 41 31 2 1 12 30 8 25 23 33 4 40 39 5 11 14
40 16 15 19 6 13 28 7 14 34 22 41 37 24 31 4 27
29 6 26 7 21 34 22 38 2 1 9 12 18 41 23 33 3 19 39 10 27
6 26 7 37 17 21 38 13 15 2 36 30 25 23 33 3 19 39 11 27
26 9 7 16 13 15 31 4 2 1 12 30 18 25 10 14 3 5 17 27
28 2 1 36 30 34 13 25 23 10 16 21 39 38 15 7 31 27
36 16 38 41 31 2 1 30 13 8 23 3 19 39 5 27 10 24
37 9 7 16 13 41 2 1 14 18 8 25 39 5 11 17 27
16 25 15 9 30 7 23 17 21 19 39 13 31 8 10
21 21 34 38 31 30 18 8 33 19 39 24 27 11 10 14
38 9 41 22 13 15 1 7 12 30 14 25 23 17 5 24 27
22 7 17 13 41 31 3 9 30 18 8 23 10 14 39 5 24 27
13 19 34 15 4 7 12 18 8 33 39 27 11 10 14
31 25 1 9 34 2 23 4 15 39 11 27
3 1 27 23 12 30 19 18 33 17 34 5 8 11 10 24
15 9 7 41 2 1 30 8 33 14 19 5 17 27
24 2 9 19 12 30 14 34 8 25 7 4 17
2 34 41 1 7 8 23 33 10 4 11 17 14
1 1 9 30 23 33 34 10 4
9 34 18 25 7 33 19 8 11
7 7 34 12 18 39 5
12 11 23 25 41 10 8 14 39 30 27
30 41 14 23 33 11 10
18 5 17 14 19 8 41 33 39 11 10 27
8 27 41 25 33 19 5 10 4
25 34 41 33 10 14 5 11
23 19 39 5 27 11 17 14
33 41 33 19 39 5 11
10 34 41 4 14 11 17
34 4 39 27 11 5
4 5 27 17 39
19 14 39 5 11 17
39 41 17 5 27 11 14
5 41
41 27
27 14 11
11 17
17
14
