#kunkel.py
# GMT Tue Apr 30 17:36:03 2019
# 
6 32 40 20 26 7 37 16 38 22 13 15 1 36 30 23 33 14 19 39 5 11 35 27
9 1 0 42 29 34 20 40 7 37 10 21 19 39 13 31 24 22 11 15 27
42 32 19 17 0 23 12 39 34 2 26 25 36 37 14 40 22 13 35 10 4
3 2 17 19 20 34 29 13 36 37 14 31 41 39 5 15 11 10 27
40 0 26 28 7 16 21 34 22 41 17 12 30 18 25 23 4 24 11 13 27
20 28 1 0 12 35 18 26 25 22 4 34 39 15 24 31 10 16
32 29 28 16 21 34 41 31 15 4 2 1 14 25 33 17 39 5 11 10 24
29 1 23 12 18 28 36 41 10 37 21 34 39 13 31 7 22 17 27
26 24 28 7 38 22 13 31 36 12 8 25 23 14 19 5 27 11 4
28 38 1 0 12 34 18 25 23 33 37 35 21 22 13 41 17
7 1 0 12 30 14 2 18 33 37 4 38 41 31 8 17 27
37 16 21 34 13 15 17 0 36 12 30 25 14 19 39 5 35 24
16 5 23 19 18 8 25 36 33 10 4 39 38 41 15 35 24
21 25 0 19 12 34 8 36 33 11 17 5 41 31 10 14
38 1 23 12 19 2 18 36 33 34 22 5 15 8 24
22 25 19 2 23 33 4 39 31 34 11 14
13 41 15 31 2 30 14 18 8 33 19 39 11 17 24
15 0 36 41 2 1 24 30 8 25 14 19 5 27 35
31 30 19 25 36 8 34 14 18 11 35 27
4 39 35 0 14 2 36 23 41 8 17 11 10 27
2 35 24 34 36 30 8 25 23 41 10 14 19 27 17
1 0 34 36 12 8 23 41 17 19 39 5 11 10 27
0 41 36 12 30 8 23 33 14 11 35 24
36 30 18 17 10 24 35 27
12 25 18 33 35 24 10 27
30 30 18 8 25 23 41 17 39 11 35 5
18 34 8 25 41 19 5 24 11 35 27
8 25 23 14 39 5 11 35 24
25 34 41 17 23 14 35 27
23 41 33 14 39 5 35
33 17 14 19 34 24 11 10 27
10 19 39 17
34 19 35 5
14 41 19 24 27
19 35 24 41 27
39 27 17 11
5 24 11 35
41 17 35
24 17 27
17 17 27 11
11 11 35
35 27
27
