#kunkel.py
# GMT Tue Apr 30 17:32:55 2019
# 
32 0 26 28 7 16 22 41 31 15 4 17 36 12 14 18 8 23 10 19 11 35 24
21 6 0 40 29 26 28 7 16 34 22 2 1 12 18 8 42 35 19 5 27 11 10 4
35 9 20 19 29 6 37 16 38 2 1 0 12 18 8 25 42 14 40 39 5 11 17
0 16 12 30 34 3 38 26 40 7 10 37 4 13 22 41 8 11 5
20 2 1 7 3 14 34 29 8 25 23 41 40 22 38 15 39 17 24
19 29 6 36 16 34 22 38 31 2 1 25 23 33 10 42 14 40 41 11 3
29 6 9 40 26 36 13 22 38 1 12 30 18 25 14 39 5 27 11 3
6 1 9 7 12 4 18 23 33 17 34 5 24 10 14
26 25 1 9 3 14 18 8 28 36 42 4 34 22 13 27 11 16
28 16 1 12 34 5 4 18 41 36 33 14 40 22 13 24 10 27
36 5 25 1 12 14 2 23 33 42 3 40 37 41 8 31 27
37 2 1 9 7 30 33 42 34 39 38 31 10
16 7 17 22 13 15 31 4 1 12 24 14 40 39 5 27 10 3
38 9 11 30 33 18 8 17 40 39 13 31 27 15 24
34 42 30 2 18 7 33 3 40 39 13 41 24 5
22 9 7 13 41 15 31 1 12 30 25 33 14 5 17
41 40 13 31 15 2 12 18 25 33 3 39 27 11 17 24
15 9 7 13 31 12 30 18 8 25 23 33 42 5 11 17 27
18 2 1 12 25 23 33 14 40 39 5 11 24
31 9 7 11 5 8 25 23 39 42 27
2 5 17 9 7 11 4 23 14 39 24 42 27
1 13 17 12 30 8 33 39 11 10 3
9 24 12 30 14 23 33 10 5 4 27
7 11 14 25 40 42 27 17 3
12 13 30 23 33 42 3 27
30 42 4 39 33 23 3 40 24 11 17 14
14 25 17 23 10
5 4 23 33 10 40 39 11 17 27
13 39 8 25 23 42 3 40 4 27
8 11 25 33 10 42 17 40 4
25 40 3 4 10 39 11 24
23 33 10 42 17 4
33 42 3 39 11 10 24
10 40 42 3 39 27 11
42 17 4 40 24 27
3 39 27 24
40 4 24
39 17 27
24 24 4 27
27 11
11 4
17 4
4
