#kunkel.py
# GMT Tue Apr 30 17:23:04 2019
# 
6 35 9 20 26 28 37 16 21 38 31 4 2 18 8 25 42 10 19 39 24 11 17 27
35 0 20 32 26 28 36 37 21 41 15 1 24 18 8 25 42 4 39 5 27 17 14
9 1 0 24 30 14 40 32 18 8 36 41 37 16 21 38 13 31 27 10 5
3 32 1 0 29 20 2 18 28 23 33 37 14 21 40 13 31 24 11 17 27
40 25 32 36 12 19 2 18 8 28 7 21 34 22 38 31 39 15 17 14
20 1 0 36 12 30 14 19 29 2 25 7 42 34 38 37 11 4 16
32 1 0 36 30 5 18 26 7 4 23 21 22 41 15 27 11 14
29 0 26 37 16 34 41 31 2 1 12 30 18 25 33 14 39 5 24 10 4
26 0 26 28 36 37 16 34 13 31 1 7 12 30 8 41 23 33 42 4 11
28 16 1 0 30 19 13 7 34 21 39 41 15 22 27
7 0 16 21 13 22 38 2 1 12 18 23 42 4 19 39 24 10 27
37 5 1 12 30 25 36 17 13 22 38 24 11 10 27
16 0 36 21 34 22 15 4 30 8 25 14 19 39 27 11 10 24
21 0 36 22 13 15 12 30 23 10 42 14 5 24 4
13 1 23 12 30 19 33 11 41 22 38 31 39 15 5
22 0 36 34 31 1 18 8 25 17 4 5 24 11 10 27
38 5 17 0 42 12 34 2 18 8 14 41 15 24 27
31 5 1 12 14 34 4 18 25 36 33 39 10 27
34 25 2 0 12 39 33 5 24 15 10 4
15 0 36 2 12 30 25 23 33 10 42 4 19 39 41 24 27
4 41 1 30 25 42 17 19 5 11 27
2 36 18 8 25 42 41 24 30 17 27
1 36 41 30 25 23 33 14 24 11 10
0 12 30 25 23 33 42 19 5 24
36 41 14 25 23 33 42 19 39 24 17 27
12 41 19 25 23 33 42 14 11 24
30 5 14 19 18 41 8
14 41 18 8 25 23 33 19 11 17
33 5 23 11 42 39 8 17 10
18 5 17 24 39 19 42 27
8 17 19 23 41 10 39 11
25 42 23 24
23 24 5 17 19 39 10
41 42 11 24
42 10 19 39 27 11 17
10 5 24 17 27
19 5 39 11
39 11 27
5 24 17 27
24
11 27
17 17
27
