#kunkel.py
# GMT Tue Apr 30 17:21:50 2019
# 
32 6 9 40 20 26 37 16 38 34 22 13 15 31 2 0 25 41 14 19 5 27 4
21 2 1 12 30 34 29 4 13 28 23 20 10 16 40 39 41 31 24 35 14
35 2 9 23 12 30 40 20 28 36 17 41 22 38 31 39 11 10 5
9 0 20 28 36 37 16 22 41 15 7 12 30 8 23 42 17 39 5 10 27
29 6 0 19 20 26 28 7 37 41 22 38 31 4 1 36 18 25 23 14 40 27 10 3
40 27 0 6 28 7 17 38 15 31 2 1 30 8 14 19 5 24 11 4
20 6 26 7 37 13 15 18 8 25 23 33 42 4 19 27 17 24
6 16 25 7 34 6 26 28 36 33 23 42 4 22 38 15 31 24
26 27 0 7 37 38 41 2 1 13 30 18 33 42 4 39 24 17 3
28 0 36 37 34 41 15 31 38 12 18 8 25 23 3 39 24 17 27
7 16 34 13 31 2 1 12 30 18 25 23 33 42 14 19 5 10 27
37 1 0 30 34 13 8 33 17 14 19 22 38 31 10 5
16 2 1 0 30 33 10 42 3 19 22 5 24 11 17 27
38 2 17 12 30 18 23 4 19 42 15 11 5
34 30 34 13 8 36 41 42 18 19 22 15 39 11 17 24
22 2 4 24 8 25 10 19 13 15 27 11 14
13 1 0 12 30 18 36 33 17 19 39 11 10
15 0 19 30 18 25 23 33 42 5 41 27 11 10 24
3 25 12 14 36 33 39 5 31 8 11 17 24
31 0 19 2 1 12 30 18 25 33 42 39 17
24 25 1 12 18 36 33 19 41 11 17
2 30 14 18 36 4 10 41 39 11 27
1 0 19 41 4 12 18 23 33 42 14 27 11 17
0 36 41 12 30 8 33 42 14 5 11 4
36 25 4 17 19 8 23 33 39 10 27
12 41 4 18 25 33 42 14 19 39 5 27 11 10
30 18 41 23 33 10 14 5 27
33 14 8 23 19 27
18 19 23 42 41 27
8 5 25 42 4 19 41 39 10 14
25 14 11 42 5 41 10 4
23 41 42 14 39 27 17 4
41 14 19 11 4
42 4 39 5 11 17
14 19 17 39 11 10 4
19 17 4
39 5 4 11 27
5 17 27
27 4 10
17 11 10
11 10
10
4
