#kunkel.py
# GMT Tue Apr 30 17:21:01 2019
# 
32 6 20 29 26 28 36 37 16 21 38 22 13 2 1 18 23 33 3 40 39 5 11 35 27
9 16 0 3 29 26 28 7 17 21 41 15 2 36 12 18 8 23 33 14 19 5 10 4
20 0 29 26 28 36 21 34 22 41 31 15 4 38 2 12 30 18 25 42 14 40 39 5 11 3
34 25 1 0 23 12 24 18 8 28 36 42 4 21 19 39 5 7 10 27
29 35 6 26 37 21 22 41 15 2 1 0 12 30 18 23 33 17 19 39 10 14
6 4 15 24 2 8 25 39 41 42 16 21 19 22 38 37 26 31 10 3
26 40 26 28 7 17 16 21 38 2 1 36 8 33 10 19 35 3
28 16 38 15 2 1 13 12 30 18 25 33 42 14 40 39 41 24 11 17 27
36 0 3 7 16 13 15 1 12 14 41 33 42 4 40 11 10 24
37 1 35 23 30 14 19 18 25 7 42 4 5 13 15 11 10 27
16 0 19 22 15 31 4 2 1 12 8 25 42 3 40 27 35 14
21 40 7 22 13 31 12 8 25 33 4 19 39 5 11 24
38 35 0 19 7 41 22 13 2 1 12 24 23 10 42 3 40 27 17 14
22 5 1 30 18 8 25 7 33 40 3 41 24 13 27
13 4 0 23 30 19 2 41 3 40 15 39 31 35 27
15 27 7 2 0 12 35 25 33 4 5 24 11 17 3
31 0 40 7 2 17 12 30 8 25 33 10 19 39 24 11 35 14
4 7 1 12 18 8 25 23 33 14 40 11 10 27
2 25 1 0 41 12 23 33 11 35
19 41 0 30 18 8 25 42 40 24 11 17 27
1 0 7 1 12 23 42 3 40 39 24 11 17
0 7 30 18 8 42 35 39 11 10 14
7 35 18 8 23 3 40 39 27 11 17 14
12 41 30 18 24 42 14 40 5 27 11 35
30 8 23 33 42 24 17 5
14 25 35 10 3 27 11 17
18 35 40 3 8 33 39 27 17 24
8 35 41 8 42 3 27 17 24
25 40 41 25 23 33 42 3 39 5
23 3 17 41 42 10 40 39 5 35
33 3 17 41 42 10 27 35
10 3 41 42 40 39 11 17 24
42 35 24 5
3 39 11
40 35 41 5 27
39 5 41 24 27
5 41 11 17 24
41 11 17
24 17 27
17 27 11
11 27
35 27
27
