#kunkel.py
# GMT Tue Apr 30 16:45:19 2019
# 
13 9 26 28 36 16 21 34 22 31 4 2 1 7 25 23 33 42 14 19 11 10 24
6 5 27 32 1 35 12 30 20 18 8 28 23 16 19 22 41 39 11 17 24
21 0 9 20 19 29 18 26 28 33 10 42 16 40 3 14 31 8 24
9 32 0 29 20 26 28 16 22 41 15 2 1 12 8 23 4 40 39 11 10
29 2 1 0 7 34 20 41 18 26 25 23 33 37 3 40 39 38 15 11
40 2 1 0 12 30 19 20 25 3 34 39 41 27
20 0 3 7 22 15 36 12 30 18 33 42 4 19 5 24 11 17 27
32 35 0 28 7 37 16 34 15 2 1 12 30 18 8 25 33 4 19 11 10 24
26 2 0 36 12 35 8 25 23 42 4 41 22 37 27 31 17 24
28 37 16 38 15 2 0 14 8 41 33 42 10 19 39 11 17 4
7 1 35 19 2 18 8 41 23 33 10 30 39 5 15 27 31 14
37 36 16 38 22 41 31 4 2 1 12 30 8 23 33 42 3 39 11 17 24
16 36 17 38 41 31 1 0 12 18 23 33 35 19 24 14
38 1 35 42 12 30 31 8 23 19 22 14 15 27 11 17 4
34 5 1 35 2 25 39 4 42 3 22 15 27 11 10 24
22 0 41 15 4 1 30 8 33 42 14 19 39 11 35 3
41 36 15 31 2 1 12 30 8 23 10 5 17 11 35 4
15 12 14 18 8 23 3 36 19 31 10 4
3 1 30 12 18 24 23 10 19 39 17 27
4 5 42 23 14 24 17 19
2 25 0 19 12 30 36 31 42 35 24
1 36 31 1 30 25 23 10 42 17 35 14
0 36 33 19 31 8 17 27
36 5 35 25 23 33 42 39 8 17 10 24
12 31 8 25 33 42 14 5 11 35 24
30 31 8 25 23 33 42 19 39 5 11 35 14
14 25 23 5 18 10 17 27 11 35
31 42 19 33 39 18 10 5
18 35 11 25 33 42 5 8 10
8 23 39 27
25 5 35 23 33 39 17 27
23 10 27 35 24
33 42 39 5 35 27
10 42 39 5 27 35 24
42 17 5 11 27
17 5 35 24 11
19 27 11 24
39 5 11
5 11
24 35 27 11
11 27
35 27
27
