#kunkel.py
# GMT Tue Apr 30 16:27:29 2019
# 
16 28 6 1 35 23 12 30 19 20 18 25 7 33 37 3 40 13 15 31 17 27
6 28 0 9 12 30 18 8 25 23 33 42 4 21 19 22 15 24 11 35 14
35 2 35 0 30 39 40 29 8 25 23 33 34 22 5 15 26 31 17
9 28 1 27 0 36 39 32 18 25 7 4 3 19 22 13 24 11 10 14
20 32 0 20 29 7 37 34 38 31 3 2 1 18 8 25 41 42 14 39 5 17 4
40 32 29 26 28 7 34 38 15 31 12 14 18 25 23 33 42 4 19 5 41 27
29 32 0 29 26 7 37 21 34 38 12 30 18 25 33 10 17 19 41 24
32 28 12 33 26 25 23 4 42 3 21 15 24 11 17 14
26 2 0 14 18 8 39 42 4 22 13 15 27 17 24
28 19 7 21 41 38 15 12 30 18 8 23 39 5 24 11 10 27
36 2 0 42 12 30 34 41 18 25 23 4 37 3 19 39 13 31 11 10 14
37 0 7 22 38 15 31 2 1 12 18 8 25 23 33 10 19 39 5 17 3
17 27 0 12 14 19 8 7 41 21 34 39 5 24 3
21 0 23 30 18 8 7 4 3 38 5 39 13 27 14
34 0 19 41 22 38 15 30 18 25 23 33 42 10 39 27 11 3
22 7 41 15 2 1 0 12 18 23 33 42 4 19 39 11 27
41 0 14 2 1 12 30 18 8 3 39 5 11 10 27
31 0 3 7 13 15 4 1 30 18 8 25 23 10 42 14 39 24 27
8 19 7 33 4 39 13 15 10 5
15 3 7 38 2 13 18 10 42 14 39 5 24
4 38 2 7 14 33 42 3 24 11 10 27
38 1 30 19 18 25 23 5 39 13 27 42 24
2 0 23 19 25 7 33 3 5 24 10
1 25 0 23 12 14 7 33 5 27 11 3
0 12 25 42 10 19 39 3
7 13 12 30 23 33 10 42 14 24 27
12 19 30 25 23 42 3 11 10
30 14 18 25 42 5 27 3
18 13 42 14 5
13 27 25 33 23 42 3 19 11 14
24 23 19 27 11 14
25 42 39 5 27
23 10 14 5
33 42 5 11 10
42 3 39 5 10 27
3 14 19 5
19 5 11
39 10 11 27
5 11 27
27 14 11 10
11 14
10 14
14
