#kunkel.py
# GMT Tue Apr 30 20:48:11 2019
# 
6 32 9 28 36 37 16 21 22 13 31 15 1 7 18 8 25 33 42 14 19 5 11 10 24
35 29 20 28 7 37 16 21 34 13 2 36 12 30 18 25 33 42 14 19 39 11 17 24
9 0 20 32 26 28 37 13 22 41 31 2 18 8 25 23 33 42 3 40 39 11 17 24
20 0 29 20 26 7 37 16 21 38 22 41 3 1 36 30 18 8 33 39 13 4
40 25 2 0 34 29 18 28 7 33 10 3 19 39 41 31 27 11 17 5
29 28 16 21 34 22 38 31 4 12 18 8 25 23 10 42 19 39 27 17 24
32 16 24 1 12 30 2 13 26 22 8 14 19 39 38 31 27 3 10 4
26 38 7 16 18 28 23 33 10 42 4 36 13 22 5 15 17 24
28 19 7 37 16 38 34 13 30 14 18 33 42 5 11 10 27
36 3 7 16 21 31 1 12 30 8 23 42 17 19 5 27 11 10 24
37 0 37 16 21 34 31 15 2 1 12 18 8 23 19 39 10 14
16 38 31 2 1 7 12 30 8 25 33 17 3 5 11 4
21 38 30 34 8 3 7 33 23 14 5 22 41 24 10 19
34 25 2 0 23 13 8 7 33 4 22 38 15 42 27
22 0 30 24 13 25 41 42 4 38 15 27 10 5
13 7 41 31 4 1 12 25 23 33 42 3 27 11 17 14
31 0 15 7 12 18 23 33 42 3 19 39 5 10 14
3 38 12 30 8 25 23 33 42 5 41 27 10 24
15 0 38 4 2 1 12 30 25 33 42 14 39 41 27 11 24
4 24 17 0 12 19 18 7 41 8 39 10 27
38 0 41 2 1 25 23 33 14 39 24 11 17
2 0 14 8 25 23 42 10 19 5 27 11 17 24
1 0 12 30 18 8 41 14 19 39 5 27 11 24
0 42 12 30 25 41 10
7 24 12 23 41 14 5 8 17
12 41 12 30 14 8 25 33 42 24 10
30 14 18 17 19 41 27 11
18 11 25 10 39 5 42 14
8 23 33 42 39 11 10 27
25 19 39 33 11
17 5 27 33 23 42 39 24 10
33 41 10 5 27
23 14 10 42 19 39 5 27 11 24
42 42 19 39 5 24
14 19 10 24 5
19 41 5 24 11
39 41 5 11 27
5 41
41 27 11 10
27 11
11 10
10
24
