#kunkel.py
# GMT Tue Apr 30 20:47:17 2019
# 
6 0 3 34 20 36 37 21 13 22 38 31 12 30 14 23 41 10 4 19 24 35 27
35 0 9 12 30 40 20 32 13 36 33 42 16 21 34 38 4 11 17 27
0 0 29 28 37 16 21 34 13 4 17 9 12 14 25 23 41 42 19 5 10 24
3 9 20 32 26 16 21 34 22 13 15 2 12 18 8 41 23 33 40 5 17 24
34 1 36 12 14 2 26 28 7 10 37 4 38 19 39 5 31 11
20 29 26 28 16 21 22 15 2 1 12 30 18 8 33 42 40 39 11 14
32 2 1 14 19 5 18 8 28 23 42 16 38 22 41 37 24 17 31 10
29 19 29 26 36 21 15 31 9 7 12 18 8 25 33 42 4 40 24 17 27
26 9 40 36 37 16 21 41 31 15 2 1 12 30 25 23 33 19 39 11 17
28 9 7 17 22 38 15 31 2 1 12 8 25 33 42 14 39 24 10 27
36 7 21 41 15 38 2 1 30 14 18 4 40 39 5 24 10 27
1 40 16 21 13 2 12 18 8 23 42 14 19 5 11 10 27
37 40 7 21 41 13 15 38 2 30 8 23 33 42 14 19 39 5 11 27
16 21 13 38 15 31 2 12 30 8 25 23 42 5 17 27
21 9 38 4 30 25 17 40 27 11 10 24
13 38 22 41 31 15 2 12 8 25 17 19 39 11 10 27
22 9 23 30 18 7 33 38 19 39 41 31 24 15 4
38 25 24 7 30 18 33 41 8 11 14
31 9 15 4 12 30 18 8 25 33 14 40 5 41 11 27
15 9 40 41 4 2 8 23 19 24 11 17 27
25 7 41 2 17 12 30 18 8 23 14 19 24 11 27
2 9 7 2 18 8 33 42 4 19 5 24 27
17 41 30 18 23 33 10 42 14 39 5 11 27
9 30 14 19 39 33 42 40 5 24
7 42 12 33 18 8 41 23 4 39 10 14
12 23 40 10 42 41 8
30 18 8 33 42 10 19 39 24
14 5 23 4 27 11 24
33 40 41 23 42 10 19 5
18 40 8 42 4 19 39 11 10
8 40 23 19 5 10 24
40 27 11 23 10 42
23 27 5 42
41 42 19 39 5 10 27
42 39 24 27
4 27 19 10 39
19 39 5 11 24
39 27 10 24
5 10 11
24 11 10
11 10 27
10
27 27
