#kunkel.py
# GMT Tue Apr 30 20:51:18 2019
# 
0 32 33 34 35 4 37 39 8 9 42 12 14 15 16 40 19 20 21 41 24 28
1 1 2 4 5 8 10 12 13 15 16 17 18 23 24 28 31 32 34 36 37 40 41 42
2 4 5 7 8 9 10 11 12 18 19 20 23 26 27 30 32 35 36 37 38 40
3 34 36 5 38 7 8 41 42 12 13 14 17 18 40 21 23 37 28 29 30 31
4 6 8 10 16 17 20 21 22 23 24 26 27 30 31 32 37 39 41 42
5 33 6 7 40 9 42 39 17 18 19 22 25 26 27 29 30 37
6 33 38 7 41 10 11 12 13 14 15 16 17 19 21 23 26 27 42 30
7 36 39 38 41 13 14 15 40 19 23 26 27 28 30 31
8 33 38 32 10 39 12 13 16 34 42 36 26 27 28 37 31
9 10 12 13 14 17 18 20 21 22 24 25 26 28 31 34 35 36 37 39 41 42
10 35 38 33 42 11 13 21 22 41 39 26 28 29 30 31
11 32 33 34 40 41 13 15 17 18 19 20 22 24 25 27 35 29 31
12 15 16 20 21 22 23 24 25 28 29 31 32 34 40 42
13 34 37 14 15 16 18 20 22 24 39 27 31
14 14 15 16 17 21 22 24 25 26 29 30 31 33 35 36 37 41
15 16 18 22 25 26 27 29 30 31 33 38 39 40 41
16 35 37 32 42 17 19 22 24 25 26 38 36
17 19 20 23 26 28 29 32 34 35 37 38 39 40 41
18 24 26 27 29 30 31 32 33 34 35 37 38 40 42
19 32 33 36 40 41 34 35 23 25 26 27 37
20 21 23 24 25 26 29 30 31 32 33 37 38 40 41
21 32 34 38 33 41 23 24 25 26 27 30
22 23 24 25 26 28 30 32 33 35 38 39 40
23 23 24 27 28 29 30 32 33 34 35 37 39 42
24 28 31 32 35 37 38 39 42
25 26 27 28 30 33 34 35 37 38 39 40 42
26 27 29 31 32 34
27 28 29 31 36 39 41 42
28 29 30 32 33 36 38 39 40 42
29 30 31 32 35 36 37 40 41
30 32 33 34 35 36 40 42
31 33 35 36 39 42
32 33 35 36 38
33 34 37 39 41 42
34 36 37 38 40 42
35 36 38 39 41 42
36 36 37 38 39 42
37 38 39
38 39 40 41 42
39 39 41
40
41
42
