#kunkel.py
# GMT Tue Apr 30 20:44:19 2019
# 
6 32 0 40 20 26 28 36 37 16 34 22 2 1 9 7 30 18 8 23 10 19 35 14
21 9 29 26 28 36 37 16 34 41 31 15 1 0 7 12 30 23 4 19 5 24 11 27
35 1 23 12 30 14 20 18 8 36 33 10 16 40 39 41 15 24 11 17 4
9 0 20 32 36 37 41 22 13 4 38 30 18 8 23 33 42 14 5 11 17 24
20 40 29 7 38 34 41 0 36 12 8 23 33 3 19 39 5 11 17 24
19 7 37 17 34 41 31 4 2 1 8 25 23 33 3 40 39 5 10 27
29 38 32 36 12 30 2 18 28 23 33 10 42 4 40 22 13 37 17 5
32 7 37 16 38 41 31 15 4 2 30 18 25 33 42 3 39 11 17 24
26 28 7 37 38 22 41 31 15 2 1 30 14 8 33 42 3 40 11 10 24
28 0 3 7 16 34 22 41 31 15 2 17 36 30 18 33 10 24 11 13 27
7 3 37 34 38 4 8 25 41 42 14 39 27 11 17 24
37 16 22 13 31 4 1 0 12 18 23 33 42 14 39 5 27
16 34 36 41 22 38 15 12 30 14 13 25 23 10 42 3 5 24
38 0 30 14 40 13 25 33 34 22 41 24 11 3
34 41 22 31 15 1 12 13 8 25 23 33 42 14 11
22 22 41 15 12 18 33 42 17 39 24 11 10 27
13 31 15 4 2 1 0 8 25 33 3 40 5 24 11 17 27
31 40 36 31 2 30 8 25 23 42 3 5 24 11 4
15 0 15 17 30 18 8 25 33 42 3 40 5 27 11 10 4
4 36 2 1 14 18 8 25 33 10 3 24 11 17 27
2 25 1 8 36 33 42 3 39 5 24 17 10
1 24 0 12 5 10 3 39 41 18 11 17
0 36 17 41 23 33 14 39 5 24 11 10 27
36 24 23 33 10 42 30 39 27 3
12 5 30 40 18 8 25 23 41 24 17 10 3
30 40 42 41 8 17 14
14 17 42 40 5 25 8 11 3
18 17 18 8 25 23 33 27 11 10 24
8 40 41 39 5 10
25 11 40 33 23 42 39 24
23 40 23 42 17 39 11 27
33 3 27
10 3 42 5 11 27
42 17 3 39 5 27
3 39 27
40 5 11 39 24
39 5 41 27
5 5 24 17 27
41 17 27
24 27
11 17
17
27
