#kunkel.py
# GMT Tue Apr 30 20:42:42 2019
# 
13 6 3 19 26 36 37 21 34 22 41 38 7 18 25 23 42 14 40 39 27 11 24
32 6 40 28 36 16 21 34 38 31 4 2 7 12 18 8 25 17 19 39 5 10 24
35 0 26 36 17 21 41 22 38 15 4 2 1 30 18 8 14 39 5 27 11 10 24
9 9 20 26 28 37 16 21 38 41 15 2 1 0 12 30 23 33 42 14 39 5 11 17 24
29 6 1 0 12 30 40 3 2 8 7 42 14 34 22 41 37 15 11 10 5
40 28 7 16 38 22 41 31 15 4 17 12 30 18 25 23 33 14 5 27 10 3
20 25 27 0 23 4 18 8 28 7 33 16 21 19 22 14 41 39 26 17 3
6 28 1 27 7 30 2 18 25 36 33 23 42 3 34 31 24 17 5
26 38 1 3 8 25 36 10 37 16 21 34 39 31 17 11 24
28 19 36 37 16 41 38 15 2 1 12 30 18 25 23 39 5 17 27
36 0 12 30 34 18 23 42 16 21 19 15 27 11 4
37 7 16 21 22 15 4 2 1 0 12 18 8 33 42 3 19 24
16 21 23 19 25 7 33 22 41 15 34 11 10 5
21 3 38 41 22 15 1 18 25 33 14 19 39 24
34 3 41 22 15 2 12 30 25 23 4 19 39 5 11 27
22 7 31 2 1 30 18 8 33 10 42 39 24 17 4
41 19 31 24 2 0 12 8 42 3 5 27 11 17 4
15 15 1 7 18 25 23 14 19 39 11 10 27
31 2 0 23 12 30 5 7 33 11 18 38 39 3 4 27
4 27 0 12 2 8 23 33 19 38 39 5
38 25 12 23 33 10 14 19 39 11 17 3
2 3 23 10 42 14 19 39 24 11 17 27
1 27 0 23 12 7 5 8 42 24
0 24 18 8 25 23 33 14 5 3 39 30
7 3 12 25 23 33 42 14 39 11 27
12 12 30 18 8 25 33 14 19 27 11 17
30 18 8 25 23 33 10 42 3 39 11 14
14 19 18 23 10 39 5 27 17 3
18 3 42 24 11 27
8 42 23 33 10 19 27 3 24
25 25 33 42 19 11 10 24
23 17 19 24 10
33 19 10 5 11 17 27
42 19 39 11 17 27
3 17 24
19 39 5 10 27
39 17 5 11
5 10 24 11
27 17 24
17 10 24
11 10
10 24
24
