#kunkel.py
# GMT Wed Apr 17 03:55:27 2019
# 
22 28 18 1 12 31 41 5 3 40 11 29 35 23 0 34 2 36 21 42 6 37 7
18 8 33 31 9 25 20 16 29 4 24 39 0 19 34 2 11 26 10 6 32 7
1 23 24 39 21 12 33 0 31 9 16 5 17 28 40 37 25 32 26 19 36
8 38 8 30 36 41 3 40 15 20 23 29 35 4 39 21 19 0 11 17 10 32 37 7
12 35 38 24 14 0 33 28 41 31 13 21 16 4 40 15 27 26 23 29
33 38 30 31 41 5 15 20 35 4 0 19 2 9 13 36 26 17 27 37 7
4 28 30 31 9 15 11 35 5 27 14 39 0 19 13 21 16 10 6
30 28 41 2 9 3 40 20 23 29 24 14 0 34 39 36 26 17 10 32 42
28 38 31 41 5 11 25 20 16 35 34 19 9 13 21 26 17 6 32 7
41 38 31 16 3 15 29 35 27 14 0 34 2 36 42 6 37 7
31 38 5 3 25 23 24 39 0 19 17 10 6 27 32 37
38 35 24 14 34 19 40 2 21 11 7 25 9 20 26 39
5 40 27 15 20 11 29 39 21 19 2 13 36 26 42 32 7
3 16 40 20 29 27 14 0 19 2 9 13 21 17 10 6 32 37 7
40 15 20 39 34 19 9 36 26 42 10 6 32 37 7
15 24 0 36 13 16 42 10 25 11 32 37 19 29 6
25 14 0 34 9 2 36 16 6 32 20 17 11 7 23 29
11 11 23 35 24 0 19 2 9 36 16 42 10 6 37
17 35 23 24 39 34 9 6 42 20 27 37 19 29
14 35 24 42 34 19 21 9 10 6 27 32 37 7 29
16 29 35 34 20 2 13 21 42 10 27 32 37
29 20 24 34 19 2 13 21 26 32 37 42
35 9 23 20 24 0 19 34 36 6 27 32
23 27 24 39 0 34 2 26 10 20 21 42
24 9 27 0 19 34 2 13 26 6 37 7
39 20 0 19 2 13 21 26 27 32 37 42
0 9 34 36 13 21 26 42 32 7
19 36 2 21 27 7 42
34 7 10 6 27 36
20 27 9 13 10 6 42
2 9 36 26 42 6 32 7
36 36 9 13 21 26 42 10 32 37
13 9 21 26 42 6 27 32 7
21 9 26 10 6 27 37
26 27 10 6 37
42 9 7
10 9 6 27 32 7
6 32 37
27 37
9 32
32 7
37 7
7
