#kunkel.py
# GMT Tue Apr 30 20:59:39 2019
# 
32 12 7 33 5 3 34 18 13 17 22 41 39 21 19 1 20 36 37 8
28 25 30 7 12 15 3 4 36 26 6 24 42 9 22 0 39 38 11 27 37 8
5 30 12 8 3 31 24 35 39 1 2 19 25 4 34 42 22 0 18 23 9 36 37
3 12 3 31 10 13 17 39 20 8 7 29 4 36 42 22 16 0 1 38 40
30 33 15 31 4 34 18 14 1 22 0 39 21 19 23 20 11 27 37 8
9 10 40 24 13 17 41 39 21 2 8 25 15 4 11 0 1 6 19 36 37
10 25 40 17 8 31 4 11 26 24 41 0 15 18 19 1 20 36 14 29
24 31 6 13 17 39 1 20 8 25 7 33 29 34 16 0 23 38 36 27 14
6 12 31 35 17 41 39 21 20 2 25 7 33 4 36 34 22 16 1 40 26
13 40 8 31 37 35 15 21 20 2 19 33 29 11 34 0 23 36 14
40 39 31 37 41 12 23 25 33 29 4 26 42 22 0 18 1 38 14
17 31 35 17 41 21 2 19 33 29 42 8 16 0 18 15 14
41 29 7 33 39 26 18 35 16 0 12 21 23 36 27
12 35 20 25 7 15 11 34 26 42 22 18 23 38 36 27
21 20 33 29 31 2 34 22 18 19 38 26
20 8 39 2 15 33 29 23 42 0 19 1 38 36 27 37
2 1 2 25 7 33 29 4 38 26 42 22 0 23 19 11 27 37
19 31 25 7 33 15 4 22 16 37 18 19 11 14
39 37 25 7 15 11 26 31 42 16 0 1 34 14
35 31 37 8 25 33 29 4 11 26 15 16 0 1 38 36 34 14
29 8 33 15 4 26 42 37 23 38 11 27 14
7 1 26 33 15 4 34 42 16 0 18 23 38 11 27 14
33 8 34 31 16 11 27 14
15 25 4 26 16 0 18 36 34 14
4 8 34 42 22 0 1 36 14
11 8 25 26 31 42 0 1 11 27
34 18 22 0 42 38 25 27
31 8 22 16 0 23 27 14
23 25 8 38 26 22 1 27 16 36
27 8 42 22 16 0 18 1 37
42 38 18 37 16 14 26
8 25 26 22 18 36
22 25 16 1 38 37
16 25 37 0 18 14
0 25 38 37
18 37 1 14 36
1 36 37 38 14
14 38 26
38 25 26 36
36 37
26 25 37
37
25
