#kunkel.py
# GMT Tue Apr 30 20:56:51 2019
# 
32 30 10 3 40 24 13 35 12 21 9 7 33 29 4 22 16 0 18 1 19 36 37
30 40 20 3 31 4 26 6 2 42 35 17 22 41 21 19 1 38 27 14 9
10 40 33 29 3 28 4 16 2 35 17 41 0 12 21 1 15 36 27 5 25
3 12 3 40 37 6 13 35 17 41 39 1 20 29 4 26 31 0 18 23 14
40 28 24 6 9 39 21 2 5 8 33 29 34 37 1 19 36 27 14
34 12 28 24 13 35 9 41 39 20 2 15 25 7 29 26 22 16 37 19 36 14 0
39 12 31 37 6 35 17 39 21 20 2 8 33 29 42 16 0 18 38 11 26 14
11 25 28 7 33 12 26 24 5 35 8 16 14 21 19 1 38 36 2 37 9
24 31 6 13 17 41 12 21 20 2 9 7 33 15 36 16 0 18 1 27
13 25 38 8 31 4 5 42 22 41 0 12 21 1 14 20 37 15
35 31 21 20 2 5 8 25 7 33 36 26 42 22 18 23 38 27
17 17 41 12 21 20 2 19 7 33 29 42 8 22 16 18 27 37
41 28 6 5 21 20 25 27 42 22 0 18 1 38 26 14
12 28 9 21 19 25 7 29 22 16 6 38 27 14
21 9 25 5 15 29 31 42 22 28 0 18 6 19 37
20 28 1 9 25 33 15 27 42 0 18 23 26 37
2 6 1 5 25 29 4 36 31 42 22 28 14 23 38 37
5 8 28 37 6 5 19 7 33 22 0 18 23 36 27 14
9 7 8 4 18 6 42 22 37 23 26 14 25
14 6 7 31 42 28 26 19 23 38 27
7 28 6 8 15 4 42 16 37 19 23 38 36
33 28 8 25 15 26 31 42 16 0 18 1 38 27
29 28 6 19 25 15 31 26 22 0 18 36 27
4 8 28 26 31 6 42 0 23 27 1 15 36 37
38 25 28 36 6 37 18 27 16 42 15
26 23 0 18 16 15
31 8 28 19 42 22 16 18 23 6 36
15 28 42 22 16 0 23 36 37
23 37 6 27 22 0 18 36
42 8 25 37 19 27
28 8 22 16 18 1
8 16 6 22 0 1 37 19
22 6 25 16 1 19 37
16 27 37 1 19
0 1 25 0 27
18 25 1 36 27
1 25 37
6 25 36 27
19 36 27 37 25
36 25 27
27 25
37 25
25
