#kunkel.py
# GMT Tue Apr 30 20:56:41 2019
# 
32 30 39 31 37 35 17 41 12 21 2 19 25 7 29 4 11 26 22 16 0 1 36 27 14
28 25 34 5 4 39 26 21 6 27 37 22 41 0 12 18 23 38 11 2 14 15
30 40 8 10 24 6 13 17 41 39 20 5 9 25 33 15 26 22 18 19 23 38 27
8 12 31 13 40 41 5 21 20 2 9 25 33 29 4 36 26 27 22 16 0 18 38 11 34 37
3 12 39 3 31 24 13 35 41 5 20 2 9 25 33 26 42 16 14 18 1 36 27 37
31 40 17 41 5 20 10 25 33 29 4 34 42 16 0 26 19 9 27 37
34 25 29 33 9 36 26 35 17 22 0 12 21 19 23 15 11 27 10
37 6 24 35 17 41 12 21 20 2 5 9 25 7 26 42 22 23 27 37
10 1 24 13 6 35 41 5 21 20 2 9 25 7 29 36 26 16 23 19 11 14
21 40 24 6 35 12 13 2 7 29 15 27 14 18 38 36 26
24 12 5 40 6 13 17 39 20 2 29 4 26 42 18 1 38 36
13 35 17 41 39 20 5 7 29 4 11 26 42 16 0 18 36
35 17 41 9 25 7 15 4 11 42 22 18 1 38 36 27
17 12 5 2 9 25 29 4 15 42 0 18 19 23 38 40
41 38 9 15 25 7 29 11 0 1 19 36 27 14
12 40 1 39 15 25 7 33 29 26 22 0 18 23 38 11 14
1 40 20 42 5 15 27 0 19 38 11 2 14
20 6 39 2 7 33 29 4 26 42 19 38 11 27
2 6 19 7 33 29 36 42 22 16 0 15 11 27
5 6 39 5 33 29 11 42 16 14 18 40
9 15 7 33 29 4 26 22 16 0 18 23 38
39 6 25 33 29 4 22 16 0 18 23 36 27 14
22 42 29 7 15 4 38 6 23 19 11
7 40 29 4 6 18 19 23 15 36
33 6 19 25 15 16 0 18 23 38 36 14
29 6 19 38 16 0 18
4 6 25 15 40 16 0 23 11 27 14
11 6 19 25 15 16 0 18 11
26 6 15 26 16 0 23 36
15 19 23 38 40 14
42 40 38 6 23 36 14
40 23 6 16 0 18 19 14
16 6 25 19 23 14
0 23 18 38 36 27
18 27 14
19 27 25 14
23 6 27
6 25 27
38 25 36 14
36 25 27 14
27 14
14
25
