#kunkel.py
# GMT Tue Apr 30 20:54:56 2019
# 
32 30 20 29 28 26 18 24 16 6 35 17 22 41 12 23 19 1 38 2 14 27
30 28 8 3 24 6 17 39 20 2 5 19 33 29 4 11 26 16 18 38 36 27
8 28 6 13 41 15 20 2 19 33 29 26 31 27 42 22 37 18 38 11 34 14
3 10 28 6 41 12 20 2 9 25 7 33 15 4 26 42 22 16 0 11 27 37
28 12 40 1 13 35 41 39 21 7 15 4 31 16 18 23 38 11 27 37
34 12 31 10 24 13 35 17 39 21 20 2 15 25 7 29 26 23 16 0 1 38 11 27 14
10 26 40 7 29 31 1 13 17 22 41 0 39 21 16 38 27 5 15
0 40 24 35 17 41 39 21 20 2 19 7 15 42 14 1 9 11 27 37 0
24 40 24 35 12 21 20 2 19 15 4 27 42 22 16 18 11 26 37
13 40 6 13 35 41 5 20 9 25 33 15 4 16 18 23 19 11 27 37
6 40 35 17 41 2 19 25 7 33 15 26 42 22 16 1 11 27 14
35 12 35 9 41 39 23 20 15 25 7 33 29 22 1 38 14
17 40 1 9 5 21 20 19 33 4 31 16 18 23 14 38 11 27 37
41 40 1 20 2 19 25 36 26 42 23 38 11 14
12 20 29 31 36 1 16 39 18 19 23 38 25 2 37 15
1 33 40 4 39 9 23 42 11 2 37 19
9 21 2 15 25 33 29 4 11 26 42 16 18 19 23 38 36 27 37
20 42 33 15 23 19 16 38 27 29
2 21 2 5 15 4 36 26 23 38 11 27 37
5 25 7 40 26 31 15 22 19 39 21 27 18 38 36 37 29
19 40 21 25 7 33 4 42 22 18 37
39 25 7 33 18 22 16 21 38 36 27 37
7 25 29 33 31 11 18 42 14 15 36 26
33 25 29 38 4 22 18 23 11
29 31 26 4 42 22 16 37 18 27 14
4 21 25 36 26 31 22 37 40 27 14
36 25 40 26 18 42 37 21 23 38 14
26 40 21 25 31 42 18 26
31 40 18 42 22 16 37 21 23 15 11
15 37 16 23 14
40 21 42 22 16 18 38 27
42 11 16 21 27 14
22 21 37 23 38 11 27 14
16 25 38 11 27 14
37 21 23 18
18 11 27
21 25 38 14
23 11 14 27
38 11 14
11 25
27 14
14 25
25
