#kunkel.py
# GMT Tue Apr 30 20:51:51 2019
# 
32 23 28 12 7 33 15 30 10 26 24 27 17 22 16 0 39 21 41 36 34 19
28 25 7 29 3 31 11 18 23 13 35 17 41 0 21 1 14 36 2 37 15
39 25 7 33 29 3 4 26 18 6 22 0 21 19 1 14 20 36 27 37 9
3 12 8 11 30 24 35 5 19 25 7 33 29 4 36 34 42 16 23 15 40
30 20 5 9 11 26 24 13 17 22 16 0 12 23 41 38 36 27 14 15
38 25 7 33 15 31 4 26 6 13 42 17 16 0 18 23 20 2 37 19
6 31 10 24 13 17 41 12 19 25 7 15 36 26 42 22 16 0 18 1 11 27
10 40 33 8 34 18 26 42 17 22 16 0 5 21 1 20 36 27 14 29
18 40 9 24 13 17 41 21 15 33 29 4 36 34 42 8 22 0 11 14
24 8 35 41 12 21 20 2 5 19 25 33 29 4 26 16 23 36 34 14
13 25 7 33 29 34 36 35 0 21 31 20 11 27 37 8
35 8 40 37 35 12 2 19 25 29 4 31 42 22 0 1 9 11 27 14
17 29 26 15 22 0 12 21 23 19 40 2 5 8
41 8 12 20 2 9 7 15 4 36 34 42 16 0 1 14 40 27 37
12 8 31 1 12 21 20 9 25 33 42 22 0 23 19 40 27
21 23 40 20 31 15 26 0 1 8 34 37 9
20 40 37 20 5 8 25 33 11 26 0 23 36 27 14
2 40 5 1 19 29 33 15 36 34 31 42 22 16 23 11 37
8 9 7 33 15 4 42 16 37 23 27 14
19 25 42 31 4 27 14 23 11 37
25 40 5 7 15 4 11 31 0 23 36 14
29 31 1 7 33 26 42 22 16 0 23 14 37
7 40 1 5 9 33 26 31 22 16 23 11
33 40 31 9 15 11 34 42 22 0 1 36 14
15 1 34 27 42 22 23 11 26 37
4 31 34 26 9 0 5 16 27 37
11 5 34 31 40 9 36 27 14
34 31 1 5 9 26 34 16 0 23 27
31 42 36 23 5 37
5 40 1 9 36 42 22 16 14 23 27 37
40 40 26 42 22 0 23 14
42 9 22 16 1 36
1 16 0 23 9 27 14
22 26 27 9 36
16 26 36 37 9
0 36 26 37
26 9 26 27 37
23 36
14 27 37 9
9 36 27 37
36
27
37
