#kunkel.py
# GMT Tue Apr 30 20:51:35 2019
# 
32 39 28 7 33 15 30 34 16 24 26 17 22 41 0 12 21 23 19 36 27 10
28 25 7 29 3 31 36 21 23 13 35 17 37 41 0 18 1 11 2 14 15
12 30 8 3 31 1 6 24 35 17 41 12 21 20 9 25 33 42 22 0 23 19 40 27
3 30 8 39 24 35 5 15 25 7 33 29 4 36 34 42 40 16 23 19 11
30 5 38 15 36 26 16 24 13 17 22 41 0 23 20 11 27 14 9
9 35 41 39 21 5 8 7 33 4 11 34 27 42 22 16 37 18 1 36 26 14
37 29 38 8 31 4 26 15 14 13 35 41 0 39 21 16 20 2 5 19
1 10 6 35 41 39 21 2 5 29 7 33 15 34 42 16 0 23 27 14
24 8 6 35 41 21 20 2 5 19 25 33 29 4 26 16 18 23 36 34 14
40 40 10 35 17 41 21 20 2 5 25 7 33 26 42 22 0 18 23 11 14
13 25 7 33 29 20 11 34 21 6 35 0 18 31 38 36 27 8
35 8 35 2 25 29 4 31 42 22 0 14 19 11 27
17 29 10 26 21 6 8 22 0 18 19 23 38 2 5 15
41 8 6 20 2 7 15 4 34 42 16 0 18 36 27 14
39 25 7 33 29 4 26 21 6 22 0 18 20 36 27 14 19
21 10 34 31 0 18 8 23 20 26 15
38 25 7 33 15 31 4 26 6 42 16 0 18 23 20 2 19
20 5 20 10 25 33 36 26 8 0 23 14 11 27
2 5 15 33 29 11 34 31 42 22 16 19 23 36
5 10 31 23 25 7 4 11 34 42 22 16 36 27 14
10 33 8 34 6 27 42 22 16 0 18 36 26 14 29
25 6 19 7 15 4 11 31 0 23 36 14
29 31 7 33 26 42 22 16 0 18 23 14
7 8 6 33 26 31 22 16 23 11
33 8 31 36 34 15 42 22 0 18 11 14
15 8 6 34 26 42 22 18 23 11 27
4 8 31 34 27 0 18 16 26 19
11 6 34 31 18 19 36 27 14
34 31 34 23 27 16 0 18 26
31 36 6 23 42 19
27 6 19 8 22 26 14
42 6 8 22 16 18 19 36
8 16 14 18 23
22 26 6 18 36
16 6 26 36
0 6 36 18 26
18 6 36 14
23 36 19
6 19 26 36
19 14
36
26 26
14
