#kunkel.py
# GMT Tue Apr 30 20:47:05 2019
# 
32 28 38 29 3 30 4 11 9 31 6 24 8 41 5 18 19 1 20 36 15
28 7 29 3 31 4 26 24 42 8 41 37 39 21 19 23 38 14 15
12 25 40 7 33 8 3 30 38 21 31 6 42 22 16 39 18 1 20 11 27 10
8 7 23 3 40 4 34 6 13 42 35 17 22 16 18 1 20 11 25
3 31 10 24 41 39 21 2 15 25 33 29 4 26 42 22 0 18 1 36 27 37
30 40 25 7 15 39 26 24 13 17 41 18 19 23 20 36 27 9
34 40 24 13 35 17 36 39 20 2 5 19 7 33 15 4 38 42 16 0 18 23 9 11
10 25 40 20 33 39 4 18 15 6 2 35 0 21 1 19 27 14 29
0 31 24 13 17 5 23 20 9 25 33 29 4 22 16 0 18 1 38 36 26
24 6 13 17 41 21 20 19 25 4 42 40 26 23 38 36 27
13 40 37 6 39 21 20 9 25 11 31 27 42 23 38 36 26 14
6 31 41 39 21 20 2 5 15 7 29 23 22 16 18 1 9 27 14
35 31 17 39 1 2 9 25 7 29 11 15 42 22 16 26 23 38 36 27 14
17 40 37 5 21 2 15 7 33 29 4 26 31 27 22 23 14
41 40 1 2 9 25 7 33 29 42 22 16 18 19 23 38 11 27
5 40 31 39 21 20 2 19 15 42 22 16 18 23 9 11 26 37
21 20 29 2 15 42 22 37 18 23 38 26 19
20 40 37 2 19 39 4 42 18 38 25 14
2 25 7 33 31 38 39 22 27 11 26 9
9 31 37 19 25 33 29 42 22 16 11 26 14
39 39 23 19 7 33 29 11 31 22 40 1 36
22 40 36 15 25 7 29 4 38 42 11 14
7 1 25 33 4 27 16 23 36 26 14
33 29 31 4 37 16 42 18 1 11 14
29 40 37 31 42 16 18 23 36 27 14
4 40 1 25 15 31 42 23 27 14
36 15 40 27 1 19 11 26 14
26 19 25 15 26 40 16 23 14 37
31 40 19 25 42 16 23 14 38 27 37
15 37 1 11 27 14 19
23 19 42 38
42 16 40 19 11 27
40 25 37 1 11 14
16 25 37 27 18 1 38
37 38 18 19 1 11 27
18 1 14 25
19 38 25
1 38 11 27
38 11 27 14
11 14
27
14 25
25 25
