#kunkel.py
# GMT Tue Apr 30 20:46:22 2019
# 
32 32 28 8 3 40 24 13 41 21 20 2 19 7 33 29 4 38 23 42 16 0 1 15
28 10 3 6 13 35 17 39 21 2 9 15 34 8 22 16 37 18 1 11 26 14
12 30 7 8 40 4 38 34 24 13 42 35 9 37 16 0 18 19 20 11 14 15
8 10 3 30 6 13 17 39 1 2 25 7 29 4 34 31 42 22 16 23 38 11 14
3 10 31 13 39 20 25 7 33 29 4 26 42 22 16 0 19 36 34 37
40 30 6 24 35 9 39 21 20 2 5 19 25 7 33 26 42 22 0 38 11
9 30 10 24 13 17 41 39 21 2 19 7 33 29 11 34 42 22 37 23 36 14
37 10 31 17 21 20 7 33 4 11 34 16 0 18 1 38 36 27 14
10 25 7 33 31 4 26 21 35 17 22 41 0 18 19 20 2
24 5 6 35 41 21 25 7 4 42 22 16 0 18 23 38 36 27 14
13 11 30 4 39 34 2 17 16 18 23 19 36 26 5
35 25 7 39 26 16 6 17 22 41 0 18 1 14 11 36 15
17 25 7 30 4 34 27 16 15 21 19 42 11 26 2
41 30 6 15 19 25 33 29 4 11 34 42 0 26 1 38 36 27
36 31 39 1 20 2 7 15 4 26 42 16 18 19 23 38
39 30 7 38 34 31 6 22 0 5 18 1 20 27
21 38 4 34 6 42 16 0 18 23 25 2 14 15
20 30 6 7 33 29 34 27 42 16 0 18 23 38 26
2 30 4 6 22 16 0 19 23 27 14
5 25 30 33 29 4 31 42 22 0 19 1 6 38 11 27 14 15
19 30 6 25 29 4 11 26 22 0 15 27
30 25 7 29 31 6 33 23 38 15
7 23 25 15 4 11 26 18 1 14
33 25 29 31 15 42 0 18 23 38 11 27 14
29 31 25 15 4 34 27 22 0 1 38 26 14
4 4 26 42 18 38 27 14
38 6 26 31 18 1 38 27
34 1 6 25 42 18 23 15 27 14
31 25 11 6 42 22 23 14 15
23 25 11 42 22 16 18 1 6 26 14
27 22 26 1 11 14
42 6 25 15 22 16 18 11 26
22 1 15 14
16 11 0 6 14 25
0 15 25 26 18 1 11
18 1 25 15 11
1 11 26
6 26 15
15 14
11 26 11
26 25 14
14 25
25
