#kunkel.py
# GMT Tue Apr 30 20:45:42 2019
# 
32 28 12 30 24 6 17 39 21 13 2 5 15 7 33 29 11 31 22 16 23 19 40 27 14
28 40 12 30 9 13 17 5 2 19 25 7 33 34 31 42 16 37 23 38 26 14
12 38 29 31 4 36 34 8 42 25 37 0 39 18 19 1 20 11 5 9
3 40 10 3 30 24 13 41 39 1 20 2 9 7 15 4 26 31 16 18 23 6 38 11 27
30 10 6 35 9 41 5 20 2 15 33 29 4 11 26 27 18 19 38 36 34 14
9 39 1 24 6 35 41 21 20 5 10 25 7 33 29 42 40 23 19 11 14
38 24 17 39 23 20 5 8 7 29 4 38 34 31 42 16 1 15 40 27
10 25 33 4 26 18 24 6 13 42 22 16 0 21 1 19 36 2 14
18 25 20 40 36 31 13 35 22 0 39 1 23 42 11 2 14
24 40 6 17 41 39 20 5 8 25 29 4 11 22 16 0 36 14
13 42 4 34 16 6 35 1 22 41 23 20 36 2 37 25
35 5 37 17 41 39 1 20 8 25 7 33 29 26 42 22 16 0 23 34 14
17 8 31 6 41 39 21 5 25 33 15 4 26 42 23 11 27 14
41 8 40 21 25 7 33 4 31 22 16 0 1 19 36 27 37
36 37 1 6 39 21 19 25 29 34 22 16 0 23 11 14
39 40 6 5 21 20 19 7 33 29 26 16 0 14
21 40 31 20 2 19 15 26 27 42 8 16 0 23 34 37
20 8 2 5 19 25 7 29 26 15 22 11
2 6 25 33 15 4 34 31 42 40 37 23 11 27 14
5 6 4 34 40 42 22 0 23 11 26 27
19 29 7 33 34 15 6 40 22 14 37
25 40 14 7 15 26 42 16 0 6 27 37
7 40 33 15 4 26 31 22 16 23 34 37
33 6 15 26 31 42 8 22 16 0 1 11 27
29 31 4 37 0 1 23 27 14 15
4 31 37 0 27 14 15
11 6 1 8 26 22 0 23 27 37
34 42 26 31 8 22 16 0 1 15
31 26 42 37 8 14 27
42 1 40 27 8 15
1 40 6 8 27 22 0 23 14 26 37
22 40 16 23 26 14
16 0 23 6 26
37 26 6 27 8
26 8 15 14 23 40 0
8 6 14 27
23 15 23 27
6 15
15 0 27 14
40 0 14
27 0
14 14
0
