#kunkel.py
# GMT Tue Apr 30 20:45:27 2019
# 
32 30 10 11 31 39 6 24 9 12 21 20 2 8 25 7 33 36 16 14 18 38 40 37
30 28 12 10 3 31 6 35 39 1 20 5 15 25 7 33 29 4 38 34 42 26 23 9 27 14
12 8 28 6 13 35 17 41 12 21 2 5 9 33 4 34 22 0 26 38 36 27 37
10 39 28 4 26 31 6 42 17 40 16 0 5 18 41 20 36 2 14 9
11 42 7 33 8 31 4 16 24 35 28 9 18 41 15 21 23 38 40 14 29
31 28 24 13 35 41 5 21 20 15 25 38 29 4 34 8 0 1 6 19 26
38 8 3 24 6 17 41 20 15 33 29 34 42 28 23 9 27 37
1 25 7 33 34 14 42 40 41 0 5 21 23 20 36 26 37 19
6 20 3 4 21 15 24 42 22 41 37 18 36 27 14 29
13 28 3 34 24 35 17 21 2 9 7 33 29 4 26 42 22 0 23 19 27 14
24 28 35 36 39 21 15 25 7 29 34 27 22 16 0 9 40 26 14
35 8 28 17 41 21 20 2 39 7 33 29 4 26 42 16 0 18 37
17 39 28 40 4 34 23 22 41 0 25 16 36 37
41 3 9 20 5 8 25 15 36 34 22 0 18 23 14
39 40 21 20 9 25 33 15 26 42 8 0 23 19 36 27 37
21 28 3 4 36 26 25 22 18 23 5 8
20 3 2 5 8 25 7 33 15 42 22 16 19 23 27
2 40 7 33 3 4 34 27 9 22 18 19 26 5 15
5 8 7 15 4 26 42 22 16 0 18 19 23 9 40 27 37
8 40 3 9 7 33 29 4 26 16 19 36 27 14
25 3 19 7 29 34 27 28 0 14 36 26 37
29 7 42 3 34 22 19 23 40 27 37 9
7 3 28 7 15 4 36 34 16 18 9 27
33 3 28 14 15 36 26 22 16 40 37
3 28 40 9 4 22 0 18 23 19 36
4 36 18 22 14 19 15
36 9 15 26 16 18 37
34 37 42 0 23 16 40 14 19
15 26 42 22 18 27 9
26 23 40 0 18 27
42 28 22 37 18 19 14 40
28 19 16 0 14 27 37
22 18 19 27 23
16 40 0 18 23 37
14 23 9 0 18 19 27
18 40 23 27
19 0 9 37 40
23 0 40
9 37
40 37
27 0 27 37
37 0 37
0
