#kunkel.py
# GMT Tue Apr 30 21:08:19 2019
# 
32 28 10 3 40 24 35 17 41 20 2 15 25 29 4 11 42 0 18 23 9 36 27 37
28 8 6 13 35 9 41 39 21 20 10 25 7 33 15 26 22 16 18 19 1 38 36 37
30 40 33 5 3 31 4 34 18 6 35 17 16 12 21 8 1 20 36 27 14 19
12 10 3 24 6 35 17 41 12 13 2 7 33 15 4 20 22 16 1 36 27 37
10 8 40 6 17 21 20 2 5 19 25 33 29 42 22 0 18 23 38 11 27 37
3 38 33 40 4 26 1 42 9 22 16 0 39 21 23 20 27 5 19
40 31 24 13 17 39 20 2 5 15 25 29 42 22 16 19 1 38 11 27 37
34 41 29 7 8 31 38 26 24 13 42 16 27 1 19 11 2 37 9
38 24 13 15 20 2 8 25 7 29 4 22 0 18 6 19 36 27 14
1 8 14 35 20 2 19 25 33 15 4 36 22 0 23 11 37
24 39 24 13 35 41 21 2 19 7 33 29 42 37 26 23 6 11 27 14
13 5 9 37 17 41 21 15 25 7 29 16 0 18 36 27 14
6 25 41 31 26 5 42 35 16 0 21 23 14 36 37 15
35 5 8 4 11 15 17 14 18 19 20 36 27 37 9
17 8 41 39 21 9 25 7 15 4 26 31 16 23 19 36 14
41 8 39 21 20 2 5 7 15 11 22 0 18 36 26
39 7 33 15 26 31 42 22 0 18 21 20 11 14 8
21 7 33 20 26 16 42 14 23 2 5 19
20 9 2 5 15 33 29 31 8 37 14 0
2 23 36 18 42 22 7 11 14 15
5 8 19 7 15 4 31 42 16 0 18 23 11 37
15 37 23 9 33 26 31 22 0 19 27 14
25 29 4 31 42 18 0 8 23 14 36 37 19
7 31 9 8 33 29 26 27 22 16 36
33 29 4 31 23 42 8 22 0 18 19 9 27 14
29 31 4 42 0 11 26 36 9
4 31 9 19 42 8 22 0 18 11 14
36 23 26 42 22 16 0 18 11 37
26 31 42 0 16 14 8 27 37
31 42 22 16 18 8 37
42 22 14 9
8 9 23 11 27 37
22 9 16 18 11 27
16 19 0 18 23 27 14
0 19 0 23 11
18 19 11 27 14
19 9 11 27
23 14 9 11 27 37
14 9 37
9 11
11 27
27 27 37
37
