#kunkel.py
# GMT Tue Apr 30 20:43:02 2019
# 
32 30 8 40 24 6 35 17 41 12 21 13 2 10 7 33 4 34 20 22 16 14 38 36 37
30 8 3 10 6 24 17 41 12 21 2 19 15 4 26 42 18 1 38 11 27 37
8 12 3 31 1 24 13 17 41 39 21 2 5 19 25 7 33 29 4 16 23 15 11 27
3 10 3 40 24 6 35 17 12 20 15 25 7 29 4 42 0 1 38 27 14
40 28 12 10 6 17 41 39 20 2 5 9 29 15 22 16 0 18 23 38 37
9 10 31 24 13 35 17 12 20 2 5 19 25 7 33 26 16 18 1 6 11 27 14
0 10 31 24 13 17 41 12 21 39 33 11 34 22 16 18 1 6 38 36 14
24 31 13 35 5 20 2 19 7 33 15 26 42 22 16 18 23 36 37
13 28 10 31 37 17 41 21 20 25 7 15 4 26 22 1 11 34 14
6 39 35 17 5 2 25 33 15 34 31 28 18 16 38 11 27 37
35 25 20 12 29 31 39 34 10 22 16 37 5 19 38 11 14
17 10 41 21 15 29 34 16 42 28 23 38 11 37
41 12 7 33 26 31 42 28 39 23 1 36 27 14 19
12 12 37 39 21 20 5 10 7 33 15 4 36 34 31 42 18 11 14
21 29 7 39 34 26 16 18 19 11 2 5 10
20 31 39 7 29 4 11 34 15 22 28 18 38 36 14
2 38 33 10 11 36 26 42 22 37 15 1 25 14
5 28 10 1 7 33 4 34 31 27 22 23 38 36 26 37
10 7 29 34 42 28 16 38 36 26
39 28 37 19 25 7 29 4 34 42 22 16 1 14
29 28 29 15 26 31 42 16 14 18 23 19 36 34 37
7 25 4 11 42 16 14 18 23 36 27 37
33 25 28 4 37 26 16 22 27 1 15 14
15 25 15 34 31 27 28 37 18 36 26 14
4 31 38 26 42 22 14 18 1 25 27
11 25 28 23 34 22 19 1
34 28 38 16 19 23 27
31 42 38 26 22 16 36 27
23 28 38 36 16 22 18 1 19 26 37
27 25 16 18 19 1 36 37
42 38 26 28 18 16 19 36 37
28 25 37 19 26
22 38 36 18 1 37 19
16 19 25
14 25 38 26 1 36
18 25 26 19 36 37
19 38 36 1
1 25 26 36 37
38 25 36 26 37
36 26
26
37
25
