#kunkel.py
# GMT Tue Apr 30 20:40:43 2019
# 
32 40 2 29 3 4 26 13 35 17 22 12 21 19 9 11 27 14 8
40 25 2 29 3 4 10 16 24 13 42 17 18 41 5 21 23 8 27 1 19
8 10 3 13 9 41 20 2 8 25 7 29 34 27 22 16 14 19 38 36 26 37
3 10 30 24 13 17 41 39 21 20 5 7 33 34 22 28 0 23 38 36
30 39 28 7 10 20 34 21 15 6 24 35 1 5 18 23 38 11 26 37 9
34 28 24 13 39 2 9 25 33 15 4 11 26 42 22 0 1 19 36 14
39 12 10 9 24 17 5 21 19 25 7 33 29 11 16 0 18 1 14 38 36 37
10 25 4 6 24 42 28 22 41 14 12 16 38 11 2 37 9
1 7 33 4 11 6 13 35 16 14 12 18 20 36 2 37 15
24 13 35 17 41 12 20 5 9 25 7 33 29 15 42 22 14 18 38 36 37
13 31 13 35 21 20 7 15 4 36 22 0 26 14 38 11 27 37
35 33 12 28 4 26 31 42 16 0 5 18 6 38 11 14 37
17 2 33 15 28 4 31 6 42 25 41 21 11 27 37 19
7 9 41 15 7 29 4 42 22 0 18 23 6 38 11 27 37
41 29 33 28 4 16 0 5 18 23 20 38 11 2 14
12 42 38 2 26 5 9 22 21 19 6 20 36 27 37 15
21 6 20 5 25 33 29 26 42 28 0 14 38 11 27 37
20 33 28 4 26 16 42 18 0 23 36 37 9
2 25 33 28 9 6 0 23 19 16 15 36 37
5 16 29 25 15 4 31 22 28 0 23 14 38 36 27 37
19 28 26 6 22 0 18 27 23 14 36 37
25 29 31 18 26 42 16 27 15 37
38 31 33 36 26 42 16 23 6 11
33 31 6 29 4 26 27 22 16 0 18 11
29 31 9 15 26 42 22 16 18 23 36 27
4 31 15 42 22 16 18 23 11 27 14
36 28 31 42 0 18 23 6 9 26
26 31 6 9 15 0 18 23
31 28 11 6 22 0 9 23 14 37 15
15 37 9 27 0 23 6 14
42 28 6 22 16 0 23 27
28 18 6 22 0 23 14
22 16 18 23 27 14
16 9 0 11 27 37
37 6 0 18 11 27
18 6 0 18 23 14
23 9 11 27 14
6 11 14
9 27 0 14
11
27 14
14 0
0
