#kunkel.py
# GMT Tue Apr 30 20:32:38 2019
# 
32 32 30 12 31 1 24 13 35 39 21 2 5 19 25 7 33 4 22 16 18 23 38 14
30 28 10 30 6 13 24 35 17 41 39 21 20 2 8 25 7 29 4 26 31 1 38
12 8 3 6 24 35 41 39 1 20 2 15 33 29 4 34 42 16 18 23 9 11 27 37
3 40 8 31 24 13 35 9 41 20 2 5 19 7 15 4 36 22 0 18 1 6 38 11
31 38 29 40 9 41 21 16 42 17 28 14 23 1 20 27 8 19
9 28 39 10 35 17 41 20 5 19 25 15 4 34 26 42 0 18 36 27
37 40 29 7 33 39 4 16 24 6 42 17 22 41 0 21 1 14 11 5 19
10 10 28 24 13 35 17 39 1 2 8 26 33 15 34 0 18 23 6 38 36 27
1 8 6 35 39 20 5 19 7 4 36 34 22 16 40 23 38 11 14
24 8 17 39 21 20 2 19 25 4 36 26 42 22 16 14 18 11 27
13 28 6 35 17 41 15 20 2 19 25 33 29 4 26 16 38 11 27
35 40 35 39 21 2 5 19 25 29 26 22 0 27 14
17 7 33 8 20 26 28 39 21 23 40 2
41 40 34 6 21 20 19 33 26 22 16 0 18 23 14 11 27
36 40 28 6 5 21 2 7 29 34 27 42 0 19 23 38 26 14
39 40 39 21 20 33 15 26 22 28 0 18 16 19 34
21 6 25 29 4 11 34 26 22 28 40 18 16 27
20 5 7 33 29 4 34 42 28 0 38 40 14
2 33 34 18 16 25 23 6 15 5 19
5 40 33 4 34 18 42 22 0 25 19 11 14
19 28 15 26 7 29 4 11 34 0 18 38 27
25 8 40 15 33 29 4 34 42 28 16 0 26 23 11 27
7 33 29 4 26 22 0 15 23 8 34 14
33 8 15 34 16 0 18 38 11 14
29 6 15 26 42 28 0 18 38 34 14
4 28 15 26 42 16 0 6 38 27
11 28 8 15 34 27 42 22 14 38 11 26
26 42 8 16 18 6
15 34 42 8 22 16 0 18 23 14
27 40 42 34 28 0 23 6
42 34 8 16 18 23 14
28 38 6 22 23 8
8 18 23 14
22 40 23 34 18 6 38 14
16 40 0 38 14
0 40 14
18 40 38 23
23 6 14 38
6 40 34 38
38
40 14
34
14
