#kunkel.py
# GMT Tue Apr 30 20:25:43 2019
# 
32 25 7 10 3 31 4 39 34 21 24 13 42 16 12 18 23 20 11 27 14 19
40 28 12 8 3 30 10 13 35 17 39 1 20 19 25 7 33 38 31 22 18 23 9 11 27 37
30 7 33 29 3 28 10 34 6 13 42 17 41 37 26 23 38 36 27 14 8
12 8 31 1 35 39 21 20 9 25 7 33 15 42 22 16 0 18 23 27 14
10 5 3 9 1 6 24 35 17 41 39 21 8 25 15 31 18 19 23 38 27 14
3 6 24 17 39 21 20 19 25 7 29 4 38 26 31 22 28 0 15 36 34
31 7 4 16 24 5 35 8 22 41 0 18 23 25 27 37 19
1 33 28 4 26 13 35 17 16 0 39 21 15 36 2 5 9
24 37 13 17 5 21 2 19 25 4 11 34 0 18 23 9 36 26 14
13 13 41 5 21 2 33 15 11 34 27 28 16 18 23 6 38 36 26 37
35 6 35 17 21 19 7 29 4 26 15 8 16 0 14 38 36 34 37
17 41 5 21 20 25 7 33 15 34 42 22 16 0 18 14 11 37
41 23 33 4 18 15 6 22 28 5 21 16 20 2 37 19
36 39 28 5 20 2 15 29 4 42 0 18 23 6 19 11 14
39 7 33 28 42 22 16 21 23 19 25 2 37 8
21 20 5 8 33 4 42 16 0 6 19 11 37
20 7 29 4 15 6 22 0 16 38 11 27 14 9
2 25 28 7 33 29 26 16 6 15 11 27 9
5 15 19 33 29 42 8 22 16 0 38 11 27 14
19 6 9 7 15 11 34 42 22 14 18 23 38 26 37
25 6 9 15 26 42 28 0 16 14 38 11 27 37
7 29 42 15 14 27 16 0 11 8
33 34 4 26 23 22 0 8 14 38 9
29 8 28 9 15 4 26 27 42 22 37 18 23 11 34 14
4 28 6 15 26 27 42 22 16 0 18 34 37
38 26 16 6 9 22 28 23 42 8
34 26 0 15 18 23 6 9 14 27 37
15 28 8 11 22 0 23
26 42 28 8 23 6 9 11
42 28 6 9 0 18 23 37
28 6 9 22 18 11 14
8 14 22 37 18 11 27
22 6 9 22 18 16 11
16 6 14 11 37
37 0 23 11 14
18 18 6 11 27
23 0 27
6 14
9 0 27 14
11 11 27
27 14
14
0
