#kunkel.py
# GMT Tue Apr 30 20:15:11 2019
# 
32 28 9 1 13 17 39 21 2 19 33 29 11 34 42 22 16 18 23 15 36 26 14
28 40 12 8 30 10 6 13 35 17 39 21 2 5 9 33 29 4 26 28 16 38 36 37
12 8 30 10 24 13 35 5 21 20 19 7 4 31 42 22 18 23 6 11 27 37
3 30 8 40 9 26 31 6 5 35 10 22 41 0 39 23 16 19 27 1 29
40 8 30 6 41 39 2 5 9 15 26 31 42 22 16 0 18 1 38 34 14
9 8 11 24 13 39 1 5 29 7 33 15 38 31 42 16 37 18 23 19 36 27 14
10 31 37 1 35 17 21 2 19 29 15 4 26 27 0 18 23 38 34 14
1 25 4 34 16 35 8 22 41 0 5 26 23 19 36 2 14
24 8 31 6 35 17 41 39 21 2 15 25 7 29 4 34 22 16 19 38 36 26 14
6 25 7 15 30 38 36 31 13 17 18 16 21 23 20 2 27
13 7 30 39 26 42 37 22 16 36 5 18 19 20 11 2 14
35 39 23 29 30 2 34 27 42 17 41 21 8 15 26 37
17 8 30 39 21 5 7 33 29 31 42 22 16 0 18 38 36 27 14
7 25 30 20 4 11 34 18 16 0 5 21 8 36 27 37
41 31 5 23 2 25 15 34 27 42 22 16 0 18 38 36 26 37
39 8 20 19 29 4 42 22 16 0 18 23 38 11 27 37
21 5 33 29 15 22 16 23 19 11 2 14 8
0 25 33 38 26 16 4 5 18 19 20 27 14 15
20 25 29 4 11 34 42 22 18 23 14 36 27 2 19
2 30 5 8 25 33 15 11 31 42 16 38 14
5 15 25 33 29 42 22 23 19 37
19 25 38 26 15 37 14 11 27
30 8 33 29 11 34 31 22 18 38 36 26 37
38 29 33 11 34 31 42 26 37
33 8 11 4 36 26 18 27 22 37 25 14
29 25 15 4 36 26 31 18 11
4 25 11 31 42 8 18 36 27 37
11 31 27 42 8 22 16
26 15 34 27 42 36 26 14
31 25 42 16 23 36 27 37
27 36 42 8 22 16 23 37
42 25 15 42 36 14
8 8 25 15 18 14
22 36 34 16 18 23 37
16 37 25 15 14
37 15 34 18
18 15 25 23 14
23 25 34 14
15 25 36 34
36 34 25 36
34 25
14 25
25
