#kunkel.py
# GMT Tue Apr 30 20:14:45 2019
# 
32 26 30 29 28 4 34 31 24 13 35 17 40 41 39 18 23 38 36 2 5 9
30 28 10 3 40 9 24 35 17 5 15 25 7 29 4 8 0 18 19 1 38 27
12 25 7 10 4 11 34 1 6 13 35 17 22 41 21 19 16 38 36 2 29
5 40 1 24 13 35 17 41 39 21 2 9 25 7 33 26 31 42 22 18 23 11 27
3 8 28 1 24 13 35 41 21 20 7 33 15 31 42 16 0 23 38 11 27 14
28 10 40 13 21 20 2 7 15 36 26 31 22 16 37 18 23 38 11 14
37 25 33 29 31 9 36 1 6 24 42 17 41 39 23 16 15 40 27 14 19
10 13 35 17 21 2 9 7 36 34 31 42 22 16 0 18 19 23 38 11 14
21 40 35 17 39 1 20 9 25 7 33 31 8 0 23 19 36 14
24 40 6 13 9 39 1 20 2 15 38 33 29 26 31 22 23 19 27
13 7 33 29 34 6 42 17 22 18 8 23 38 25 27
35 7 38 39 26 18 15 6 9 0 23 20 11 34 36
17 7 29 31 4 18 15 6 22 16 23 19 25 27
41 8 31 6 1 9 25 7 29 4 34 27 22 16 0 18 23 14 26
39 40 7 33 29 20 36 34 16 0 19 42 38 25 2 8
1 8 40 6 2 19 25 7 33 15 4 36 26 18 23 11 34
20 8 40 6 20 2 9 25 33 11 26 22 16 0 18 36 27 14
2 8 40 19 7 33 15 4 26 31 42 22 18 27
9 7 33 31 4 38 26 22 19 25 27 15
25 40 15 29 4 36 34 23 42 8 22 14 19 11
11 31 6 19 29 33 15 4 26 42 22 38 11 14
7 6 15 29 26 19 27 14 34
33 38 4 18 15 42 16 14 27 36
29 40 19 4 34 31 42 18 6 36 27
4 38 26 23 27 42 19 6 15 36
36 31 26 18 15 6 8 0
34 31 26 16 15 8 0 42 40 14
31 6 15 8 0 38 14
15 8 6 23 15 42 22 0 18 26
27 8 40 42 22 16 6 38
42 8 19 38 22 18 23 14
8 23 0 14
22 19 26 22 16 0 18 6 14
16 40 18 14 0 26
0 38 23 19 40 26 14
18 19 23 38 40 14
19
23 26 6 38 14
6 26 38
38 26 40 14
40 14
26
14
