#kunkel.py
# GMT Tue Apr 30 20:11:19 2019
# 
32 25 28 15 30 4 34 31 13 35 17 22 41 40 39 27 23 38 36 2 5 9
30 40 10 3 28 9 24 35 17 5 1 19 7 15 4 26 8 0 18 23 38 27
12 28 7 10 4 11 34 21 24 13 35 17 16 20 18 41 6 38 36 2 1
5 40 24 13 35 17 41 39 21 20 2 9 25 7 33 15 26 31 23 42 22 1 11
3 8 3 31 24 6 35 17 21 2 19 25 7 33 15 4 11 34 23 42 22 0 1 9 36 27 37
28 39 31 24 13 17 41 7 15 4 11 34 42 40 18 23 6 36 26 37
10 31 13 35 17 21 20 2 9 7 15 36 34 42 22 16 0 18 38 11 27 14
18 39 7 4 1 15 24 42 17 0 21 23 20 11 2 37 9
24 39 13 40 17 41 21 20 8 29 4 36 34 42 22 14 1 9 11 37
13 7 33 38 34 15 6 42 17 22 26 21 23 19 27 8
35 7 29 20 39 34 15 6 36 9 22 0 25 19 38 11
17 7 31 4 26 21 20 22 16 6 15 37
41 8 31 6 21 19 25 7 15 4 26 22 16 0 1 14 9 34 37
39 7 33 8 40 20 38 34 16 0 23 42 36 2 37 29
1 8 40 6 20 2 19 25 7 33 15 4 36 34 22 23 11 37
14 40 31 15 21 20 8 7 33 29 34 42 22 16 0 19 38 11 27 37
20 40 31 19 7 33 29 8 22 0 9 36 27
2 40 31 21 8 25 7 33 29 4 26 42 23 15 27
21 21 9 25 29 26 42 16 0 23 6 15 11 27
9 7 33 31 4 38 26 23 25 37 29
25 6 7 29 4 11 34 22 16 0 23 38 36 27
11 31 6 19 33 29 4 42 38 11 27
7 6 34 26 19 27
33 38 29 4 26 15 42 16 37 23 19 36
15 29 36 42 22 16 38 40 27
4 26 6 42 22 36 38
36 31 6 8 0 27 37 29
34 31 16 0 42 40 8
31 37 6 19 8 0 23 38 27
29 40 8 6 29 26 16 0 23 19 27
42 8 19 26 22 37 38
8 22 0 26 19
22 19 6 0 23 38 27 37
16 40 0 26 37 19 27
0 38 19 40
26 6 19 23 38 40 37
19 23 38 27
23 6 38 40 37
6 38 37
38 40 27
40 37 27
27 37
37
