#kunkel.py
# GMT Tue Apr 30 20:05:07 2019
# 
32 25 28 7 33 3 30 34 21 24 26 35 40 16 37 5 18 23 20 36 27 14
30 25 7 15 3 40 34 31 24 13 42 41 0 39 18 23 6 20 11 2 9
12 8 3 31 6 24 35 17 41 39 21 20 2 7 33 4 36 26 42 22 16 0 18 23 11 27 14
39 38 10 28 31 24 35 17 22 16 0 21 19 41 20 36 37 9
3 23 29 40 20 36 27 6 13 35 8 0 25 19 1 9 11 2 15
40 28 37 6 35 41 5 21 20 19 7 33 4 11 26 42 22 0 23 9 36 14
10 8 31 6 24 35 17 41 20 5 15 29 4 34 42 0 18 19 23 38 11 37
31 9 6 35 17 41 20 19 7 33 29 4 34 42 22 18 38 36 37
1 25 28 7 8 4 11 26 6 13 17 22 41 0 21 23 19 36 27 15
24 33 29 28 4 6 13 35 17 22 41 0 25 37 15 14
13 25 33 29 4 34 6 22 16 0 21 27 15 11 2 37 19
35 8 17 21 2 5 19 25 7 15 4 34 16 18 26 37
17 28 20 33 29 11 34 15 5 16 14 19 38 36 37
41 28 21 20 8 25 15 4 34 42 0 23 9 11 27
5 28 29 7 36 34 21 22 0 18 23 38 25 8 9
21 28 6 9 7 15 42 22 18 23 38 11 27 14
20 14 2 8 7 33 15 34 22 0 18 23 19 27 37
2 25 7 33 8 4 38 34 6 22 16 14 11 27 37 9
9 8 6 25 7 29 11 34 27 42 38 36 26 37
25 8 28 7 4 16 0 23 6 36 27 37
29 28 38 42 37 18 8 23 15 11 14
7 8 28 36 34 42 22 38 11 26 14
33 28 15 4 34 16 26 23 6 38 36 14 19
15 19 4 36 34 16 18 23 6 11 26
4 4 34 42 22 0 18 38 11 27 14
11 14 38 26 0 18 23 11 37
34 28 26 42 18 23 36 27 14
16 28 38 18 27 14 22 0 19 23 42 8
27 26 37 42 22 0 36 14
42 28 22 19 23 38 26
8 28 22 0 26 18 37
22 19 14 23 6 36 37 0
28 6 0 38 19
37 6 26 0 23 14
18 6 36 19 23 38 14
19 38 26 6 0
23 36 38
6 36 26 14
38 38 26 0 14
36 26 0 36
26 0 14
14
0
