#kunkel.py
# GMT Tue Apr 30 19:58:45 2019
# 
32 28 7 33 8 3 31 36 13 42 17 22 16 37 12 18 23 11 2 5 9
28 40 38 33 29 3 30 10 23 13 17 22 16 25 19 1 15 36 27 14 8
8 12 33 29 31 2 24 6 42 35 9 22 16 39 21 23 20 27 19
3 10 30 37 6 24 35 41 21 20 2 9 25 29 36 26 22 0 1 15 40 27 14
31 40 20 4 26 24 13 6 35 17 22 37 15 25 42 34 14 10
34 40 10 6 24 35 17 41 23 20 2 19 25 7 15 36 26 18 1 9 11 34 14
38 30 13 35 17 41 12 21 20 2 9 25 7 33 29 11 26 23 42 0 18 1 40 27 14
10 30 24 35 17 39 21 2 29 7 33 15 4 26 40 22 0 18 11
21 11 24 6 41 39 13 2 15 7 29 4 42 22 16 18 1 19 36
24 30 6 17 2 25 7 33 15 4 42 22 26 23 19 40 27
13 5 30 14 40 17 39 29 7 33 15 4 22 16 0 23 36 37
40 30 12 17 39 5 9 25 29 27 42 22 16 0 18 11 26
17 35 17 41 39 1 2 5 11 42 22 23 6 36 27 14
41 25 35 7 33 29 4 37 23 5 42 22 0 39 1 14 9
12 30 35 39 1 2 5 19 25 7 33 15 4 11 26 42 0 18 23 36 37
1 30 39 35 20 5 15 25 29 4 11 16 0 36 26 14
20 25 7 33 4 6 27 23 9 16 5 18 19 11 26 29
2 35 39 2 5 9 25 15 22 16 23 36 27 37
5 7 33 4 16 6 22 0 23 11 37 27
9 33 29 30 15 6 35 22 0 39 18 36 7
30 6 35 39 19 7 29 4 15 42 22 23 36 27 37
35 6 39 33 29 11 42 18 36 37
39 6 19 25 33 15 4 36 0 18 23 11 27 37
7 25 33 18 15 22 19 23 6
33 15 11 42 22 16 0 36 14
29 4 11 26 42 16 0 18 37
4 4 26 42 16 18 23 36 27 14
11 19 25 22 37 26 27 14
26 6 16 0 23 14
42 6 19 15 16 37 23 36 14
0 6 19 15 22 16 37 23 14 0
22 6 18 27
16 14 18 23 36 27 37
14 19 25 15 36 27 37
18 6 19 25 23 36 37
19 6 23 27 15
23 27 37
6 15
15 25 27
36 37
27 25 37
37 25
25 25
