#kunkel.py
# GMT Tue Apr 30 21:07:56 2019
# 
32 28 10 30 13 35 9 41 20 2 15 7 33 29 11 31 42 22 0 1 19 36 14
28 12 33 10 31 21 13 42 22 41 5 18 1 9 11 2 14 27
23 30 10 3 31 24 6 17 12 20 2 5 8 29 4 26 15 22 0 18 38 27 14
12 37 29 3 30 9 11 10 31 6 35 17 22 40 39 1 19 36 8 15
10 7 29 3 34 24 13 17 22 16 18 6 20 25 2 5 15
3 25 40 33 30 4 36 26 15 6 16 0 18 41 19 11 27 14 29
30 40 31 24 13 41 39 21 2 5 19 25 34 27 42 16 18 38 26 37
38 5 7 33 29 31 15 24 13 35 41 39 18 1 6 42 36 27 14 8
37 7 39 31 26 24 27 35 17 41 0 21 19 16 14 42 11 34 8 9
24 25 7 33 4 34 21 6 27 35 17 0 5 18 20 2 9
6 40 39 1 35 21 20 5 9 25 7 33 34 42 8 22 16 26
13 9 35 17 41 21 20 19 7 33 34 42 8 22 0 40 26 14
35 8 41 21 20 5 14 7 29 4 26 42 22 16 0 1 11 27
9 5 40 17 21 9 14 33 15 11 42 22 16 0 1 19 36
41 17 20 19 7 33 29 26 31 40 16 0 18 11 27
5 39 2 33 29 4 36 26 42 22 16 18 1 40
21 8 17 39 2 25 7 33 4 11 34 31 16 0 40
20 40 31 17 39 2 8 11 34 42 16 0 18 19 36 27
2 8 39 25 7 33 15 4 36 31 42 16 11 27 14
15 31 17 39 25 7 33 29 4 34 26 22 16 0 18 19 36 27
39 8 40 19 25 7 33 29 26 22 16 0 18 1 14
7 8 25 29 4 11 34 42 14 18 19 36
33 40 33 29 34 16 0 18 11 27 14
29 40 31 4 34 42 0 1 36 14
4 25 40 1 34 18 26 17 16 0 27 8
36 25 40 34 31 42 17 26 19 11
34 40 17 25 26 31 42 16 18 1 11 14 0
31 22 11 27 8 40 25
26 8 25 42 22 16 14 18 11 26
17 8 25 16 14 1 19 11 27
40 8 25 22 18 1 27 14
42 19 25 11 0 1
8 18 22 16 14
22 11 14 25
16 1 19
0 25 0 1 27
18 19 27 14
1 25 19 14
19 11 25 27
11
27 25
14 25
25
