#kunkel.py
# GMT Tue Apr 30 19:47:46 2019
# 
32 25 28 7 12 29 3 34 14 2 35 22 41 37 39 1 19 11 27 5 8
28 40 10 3 30 17 41 5 21 15 25 7 33 29 4 34 31 42 8 1 38 36 27 14
30 39 7 33 29 40 20 31 6 13 17 22 5 21 9 18 38 11 27 37 15
39 12 3 40 10 6 24 41 39 20 2 19 33 4 34 16 0 1 38 36 27 37
3 7 2 34 24 6 13 42 17 22 16 12 21 1 19 36 26 14 27
40 6 24 41 5 21 20 19 25 7 33 29 31 42 16 0 18 23 38 27
9 8 31 13 35 17 12 21 5 10 25 33 15 4 23 22 37 1 38 11 27 14
10 8 24 6 35 41 13 2 5 7 29 4 36 26 42 20 0 18 23 11 27 14
24 8 34 41 21 20 2 7 33 29 4 26 22 0 18 23 15 11 27
6 25 29 7 33 8 34 18 26 42 17 16 12 21 23 19 27
13 7 29 31 26 1 17 42 22 0 15 21 8 23 14 20 11 37
35 31 41 12 20 2 15 25 7 33 29 11 34 42 37 18 1 36 26 14
17 25 33 26 31 41 0 5 18 21 1 20 11 27 14
41 12 41 21 20 29 4 26 31 42 22 37 23 38 36 14
36 42 29 33 31 34 2 0 12 18 16 38 11 27 37
12 25 42 15 4 18 1 0 21 23 38 27 14 19
21 8 2 5 25 29 34 42 16 37 11 26 14
20 37 20 2 5 19 33 29 26 42 16 0 1 38 11 14
2 5 19 25 7 33 15 4 34 22 0 18 1 26
5 1 25 7 15 34 31 42 22 16 0 23 19 37
19 7 8 4 34 27 22 26 0 18 14 25 29
25 29 26 1 22 0 23 11
7 1 15 29 26 31 42 18 23 38 11 34
33 33 29 34 31 42 22 18 1 26 14
29 8 22 15 34 31 16 1 38 27
4 38 1 15 42 8 0 18 23 37
38 8 15 34 42 22 16 37 18 23 11 14
34 8 22 0 18 11 37
31 8 18 16 14 23 1 27 37
23 42 8 22 18 16 11 27
26 8 22 16 0 18 11 27 14
42 8 1 22 16 11 37
8 1 8 16 37 18 14
22 18 15 16 27
16 18 15 1 37 14
37 15 0 18 11
18 11
1 15 11 27 14
15 0 27 14
11
27
14
0
