#kunkel.py
# GMT Tue Apr 30 19:41:41 2019
# 
32 30 10 31 24 13 40 17 41 39 21 20 5 8 7 29 4 38 26 22 16 14 9 11 37
30 12 8 3 31 6 41 39 21 20 10 15 4 11 42 0 18 23 14 38 36 37
12 5 28 24 13 35 17 41 39 23 20 15 25 29 34 31 19 1 6 38 11 27
10 7 8 3 28 20 36 34 15 24 35 16 0 39 41 42 40 2 5 9
3 7 28 4 34 15 24 13 40 17 22 41 5 18 23 20 38 11 27 9
31 8 28 6 13 39 1 20 5 19 25 15 4 42 16 0 18 23 9 27 37
1 40 7 29 4 34 15 24 13 42 35 22 41 0 18 38 2 14 19
24 40 37 35 41 2 8 7 33 29 36 34 42 0 23 19 11 26 14
13 40 6 35 17 41 39 21 20 2 5 9 4 34 22 16 0 38 36 27
40 42 7 28 34 26 35 17 22 16 39 23 11 27 14 15
17 7 29 28 37 26 21 22 16 0 25 23 36 5 15
41 28 37 6 39 21 5 19 33 29 26 8 0 18 11 27 14
36 29 7 33 2 34 21 35 22 5 18 23 20 26 37 15
39 6 35 21 20 2 19 25 29 42 22 0 23 14 15 27 37
21 35 20 9 25 7 33 4 38 26 42 22 16 18 23 19 34
20 35 9 2 5 8 7 33 42 28 19 38 11
2 28 8 2 5 9 29 11 34 27 22 16 18 19 23 38 26
5 38 35 19 7 29 4 42 22 16 0 23 9 11 27 14
8 6 15 9 25 7 29 34 27 42 16 0 23 38 11 26 37
25 28 9 6 35 19 33 29 4 42 16 0 18 23 14 38 27 37
35 9 15 34 42 16 0 18 14 11 26 37
7 23 33 28 26 15 6 16 0 19
33 28 15 11 4 38 26 6 34 16 27 14 19
29 19 15 4 26 22 16 18 38 27 37
4 11 26 18 23 42 22 6 15 14 9
38 9 34 42 22 0 18 27 14
26 28 6 19 22 16 23 11 27
15 6 22 28 18 27
27 16 42 28 37
42 23 22 28 0 19
28 6 19 22 28 16 9 11
22 37 6 34 0 18 19 14
16 0 23 11 37
14 23 34 18 0 19 37 9
18 6 9 34 0 23 37
19 9 19 11 34 37
23 9 11
6 0 11
9 34 37
11 0 37
34 37
37
0 0
