#kunkel.py
# GMT Tue Apr 30 19:37:05 2019
# 
32 28 3 30 9 6 13 17 41 12 2 19 25 7 33 11 26 42 16 1 38 40 14
28 30 8 31 6 35 9 39 21 20 19 7 33 4 26 27 42 0 14 38 34 37
8 30 5 42 15 31 34 6 24 35 17 22 16 0 12 19 20 11 40 14 9
3 40 33 29 34 26 6 13 35 17 22 41 0 39 25 16 42 11 2 5 19
30 29 20 33 40 9 31 23 13 17 16 0 18 41 19 11 1 37 10
9 1 14 13 41 5 21 19 25 29 4 36 34 42 22 16 0 23 40 26 37
39 40 24 17 41 12 2 29 25 7 15 34 31 27 22 16 0 18 38 11 26 37
10 40 14 13 35 1 20 15 25 33 29 4 26 31 27 16 0 18 23 36 34 37
24 31 1 6 41 12 21 2 5 25 7 4 11 34 22 16 26 23 38 36 27 14
6 40 13 35 17 12 21 20 2 5 7 4 34 22 16 23 6 38 14
13 7 40 20 36 26 16 41 0 18 19 1 15 11 27 14
35 25 33 40 4 36 26 31 42 22 37 12 21 23 11 2 14
17 7 33 36 26 42 22 37 23 19 1 20 11 27 14 29
41 31 1 5 21 2 19 38 33 15 11 34 42 22 18 23 36 14
12 25 7 4 38 34 0 18 1 20 36 2 5
21 25 20 29 31 27 22 5 23 19 1 40 2 15
20 5 7 29 4 36 26 31 42 18 1 15 11 14
2 40 5 7 4 29 25 22 1 11 27 37 19
5 31 15 29 26 22 16 19 1 38 11 27 14
19 25 7 29 36 34 31 26 16 18 23 38 40 27 14
25 33 31 26 1 15 27 0 23
22 42 40 26 18 0 27 23 38 37
7 31 1 14 7 15 34 42 16 0 18 23 38 37
33 38 40 4 34 18 29 1 42 11 27 14 15
15 31 38 26 18 14 42 0 23 11 34
4 42 29 38 36 34 23 11 14
36 40 38 31 1 14 18 23 27 37
26 38 29 42 0 18 1 37
31 11 34 42 16 23 37
29 29 42 14 18 23 38 11 34 37
23 42 16 0 18 1 40 37
42 1 27 16 18 34 14
34 11 38 18 1 40 37
40 38 27 0
16 16 0 38 11 27 37
37 0 18 14
18 0 27
1 27 0
38 11 27
11 0 27 14
27 14
14
0
