#kunkel.py
# GMT Tue Apr 30 19:32:54 2019
# 
32 39 29 38 8 3 4 37 10 6 13 35 0 12 23 19 1 20 11 27 5 15
30 25 28 7 10 36 26 24 35 9 41 0 12 21 19 23 20 11 2 15
39 28 38 8 40 4 34 31 27 42 17 22 41 0 26 16 20 11 2 14 15
3 40 29 20 10 31 36 26 21 13 35 8 22 41 14 12 18 38 11 37 9
28 5 40 1 17 21 20 19 29 7 33 15 4 31 42 16 23 38 36 27 37
34 25 40 7 42 8 4 2 35 17 22 41 14 18 9 1 20 27 37 19
10 2 33 8 31 4 26 6 13 35 17 22 41 0 25 36 27 14 9
21 6 24 41 1 20 15 25 7 33 29 36 26 40 16 0 18 23 9 11
24 8 40 6 17 41 12 2 5 9 7 33 29 11 42 16 0 18 23 36 14
6 40 13 17 41 5 20 19 29 11 26 42 8 16 0 18 15 36 14
13 40 31 12 23 9 25 29 36 26 42 16 18 19 1 38 11 27 37
35 29 7 33 40 4 38 17 41 12 1 16 19 36 2 5 9
9 42 23 36 41 0 12 16 14 20 11 26 5 29
41 25 33 40 36 37 22 0 38 11 2 14
12 7 15 40 4 26 22 16 0 25 23 2 14
1 31 17 5 20 19 25 33 29 4 11 15 42 0 38 36 26 37
20 8 20 2 5 25 29 4 14 26 38 40 27 37
2 17 5 25 7 15 4 11 27 42 22 18 23 38 36 26 37
5 29 4 17 16 25 19 38 36 8
8 19 25 7 33 29 4 11 15 42 16 23 38 36 26 14
25 31 17 33 11 26 23 27 22 18 19 38 40
22 40 29 31 4 16 27 42 18 19 23 15 14
7 17 15 33 29 4 26 27 42 18 19 38 11 14
33 29 26 18 37 15 19 16 38 36 27
29 31 37 15 0 18 11 27 14
4 40 17 23 15 31 0 18 27
36 31 42 16 18 19 36 37
26 31 17 42 40 0 18 19 11 27 37
31 40 11 42 17 0 18 23 15 27
15 42 40 38 11 14
17 11 16 0 23 37
42 19 42 16 14 18 23 38 37
40 19 14 23 38 37
16 23 14
0 19 23 14 18 38 37
18 27 18 38 14
19 27 38 14
23 38 11 27 37
14 11 37
38 11 37
11 27
27 37
37
