#kunkel.py
# GMT Tue Apr 30 19:18:20 2019
# 
32 28 12 20 33 15 30 4 11 34 31 8 9 39 19 1 38 40 2 37 10
28 30 7 15 31 36 26 6 13 42 17 22 41 40 5 21 23 38 11 27 19
8 40 10 31 6 13 17 5 21 19 25 7 33 29 4 34 22 16 18 15 27 14
3 30 20 33 39 40 4 34 18 24 13 42 9 41 0 12 21 23 6 19 27 15
30 31 24 13 40 17 12 2 9 25 33 29 36 34 22 16 0 23 38 11 27 37
10 25 40 4 11 21 6 42 22 16 0 5 18 19 36 14 9
24 12 40 6 24 35 17 39 1 20 2 5 19 25 7 15 36 26 18 23 38 11 27
6 12 31 13 35 39 21 5 15 33 29 36 34 42 22 18 40 27 37
13 17 41 5 1 20 2 19 7 33 15 36 31 16 0 18 23 38 40 14
35 40 33 31 2 26 42 17 22 14 12 18 27 1 38 36 34 37 9
17 12 39 21 20 2 9 25 7 33 4 26 31 42 22 16 1 36 34 14
7 29 33 31 4 18 16 39 21 19 20 11 2 37 9
41 20 15 4 11 26 42 34 22 16 0 39 27 1 38 36 2 14 29
12 38 33 15 4 22 16 0 23 1 20 11 27 14 29
21 29 31 2 1 27 42 16 0 18 23 20 26 9
20 40 39 31 5 20 2 19 29 34 22 0 18 1 14 38 36 27 37
2 40 37 39 19 25 33 34 42 16 0 1 38 27 14
5 40 39 15 25 33 29 4 34 22 0 23 14 19 27 37
9 33 31 4 26 18 14 39 23 38 25 27 37 15
39 40 23 33 29 4 26 42 0 18 1 14
22 4 36 34 31 40 42 22 16 0 18 38 11 37
38 15 25 29 4 26 14 23 19 11 37 0
33 29 4 19 18 27 42 36
15 40 1 19 25 29 34 31 42 0 18 23 11
4 40 25 4 34 0 18 19 11 37
36 42 26 40 23 1 11 27 14 29
34 31 19 29 34 42 0 1 26
31 19 11 37 1 40 26 14
29 19 26 16 37 18 23 14
23 25 37 26 40 16 0 1
27 26 42 16 0 19 11 37
42 26 16 1 37
40 25 26 16 37
16 1 19 26 0 18 11 14
0 18 1 37
18 25 19
1 11 26 37
14 25 11 26
19 11
11 25 26 37
26 25
37 25
25
