#kunkel.py
# GMT Tue Apr 30 18:56:12 2019
# 
32 28 12 3 24 13 35 41 39 21 2 5 9 25 7 15 34 42 16 37 6 38 36 14
28 40 39 30 24 13 35 41 12 21 20 2 15 33 29 11 26 31 42 18 36 27 14
30 8 3 40 6 24 41 12 20 9 7 33 29 4 34 31 15 22 14 18 23 19 27 37
12 5 38 33 29 3 4 26 24 13 35 9 39 18 20 11 27 2 8
3 38 33 8 31 2 10 26 6 13 17 22 0 1 23 20 27 15
40 10 6 13 35 17 39 1 2 9 25 7 33 29 31 42 8 22 0 23 11 27 14
10 10 31 6 9 41 39 21 20 2 5 19 25 33 29 4 42 18 38 11 27
1 25 7 33 29 26 21 35 17 22 0 18 36 27 37 15
24 7 4 26 13 35 17 22 41 0 5 20 38 27 29
13 7 8 2 26 31 15 6 41 18 21 16 38 25 27 19
35 7 4 11 26 2 17 0 5 21 25 27 37 19
17 7 33 15 18 6 9 0 23 42 11 2 37 19
41 8 20 19 25 7 29 4 34 31 27 22 16 0 18 6 36 26 37
39 21 20 2 5 8 25 7 15 4 26 42 22 0 18 23 27 37
21 21 20 2 5 19 25 7 15 4 11 34 8 22 23 9 36 26
20 5 36 34 6 42 9 22 0 19 11 26 37
2 5 8 33 15 4 34 31 42 38 11 26 37
5 42 29 26 18 6 8 22 27 23 36 14
9 7 33 11 4 38 34 6 16 36 27 14 19
25 8 6 19 25 33 29 34 0 26 23 15 36 27 14
29 6 7 15 34 31 42 22 16 18 38 26 14
7 4 34 27 42 16 23 11 26 37
33 6 33 4 34 27 42 16 0 18 23 38 26 14
15 6 19 4 26 42 16 0 23 36 27 37
4 31 6 19 4 36 42 16 38 11 27 37
11 42 34 6 27 22 16 0 8 14
34 31 23 8 22 36 19 16 14
31 36 42 8 22 19 23 27 16 38 14
27 23 22 36 8 18 14
42 6 36 22 16 18 23 37
8 26 6 0 16 14 19
22 16 0 18 23 38 14
16 38 14 36 18 19 37
37 38 26 23 6 0 18
18 19 26 0 38 36 14
19 23 14 36
23 38 6 0
6 36 38
38 26 0 36 14
36 26 14
26 0
14 0
0
