#kunkel.py
# GMT Tue Apr 30 18:51:08 2019
# 
32 28 7 29 31 20 18 6 13 42 9 22 41 39 21 38 11 2 27
28 30 10 40 6 13 17 39 23 20 2 8 38 29 4 34 28 37 18 1 9 11 26 14
39 30 10 35 17 5 1 20 2 19 33 15 26 31 8 40 0 23 38 36 27 14
3 30 10 3 24 6 35 41 21 13 9 25 7 15 4 34 20 22 16 0 1 19 36 27 37
30 12 35 17 41 5 9 25 7 33 36 26 42 8 22 16 0 1 38 11 14
34 25 7 33 8 4 24 6 17 16 0 12 21 19 23 13 27 5 9
37 40 10 31 37 6 17 41 12 21 5 9 7 26 42 22 0 18 23 38 36 27 14
10 10 40 6 9 12 5 15 25 7 33 29 4 11 18 38 36 27 14
24 12 18 35 17 5 1 2 9 25 7 29 4 36 8 26 23 15 11 27 14
6 40 7 11 18 14 26 17 16 0 21 23 25 27 8
13 40 15 4 11 31 2 17 18 41 12 21 19 38 36 27 14 29
35 12 40 4 26 16 42 1 18 41 14 21 23 9 11 27 5 29
17 8 31 41 12 21 5 19 25 33 29 26 42 18 11 27 14
41 31 14 1 20 2 9 33 29 4 16 0 18 23 38 36 27
12 38 33 8 40 0 5 19 23 14 9 11 27 29
21 42 7 33 31 20 22 16 14 5 1 23 38 11
20 33 29 31 4 22 0 1 11 2 14 19
2 40 7 29 4 36 31 42 22 25 19 1 11 5 8
5 31 19 25 33 4 23 42 16 0 18 1 14 27
9 15 7 29 36 26 31 22 16 40 1 38 11
25 31 15 26 7 29 42 0 18 19 1 38 36 27
7 38 8 11 18 22 26 14 19 23
33 8 40 1 19 15 4 42 18 23 38 11 26
29 40 26 16 18 19 1 14
4 8 4 36 22 16 0 18 1 11 27 14
36 38 31 26 16 19 1 15 11 14
26 42 40 16 22 14 1 15
31 40 18 38 16 23 22 1
15 38 8 42 22 16 0 18 19 1 14
23 40 8 0 16 38 27 19
40 1 8 42 16 0 18 19
42 22 16 14 1 19
8 0 27 16 19 11 14
22 27 16 14 1 11
16 0 18 38
0 1 18 38 27 14
18 38 11
19 11 38 14
1
38 11 27
11 14
27
14
