#kunkel.py
# GMT Tue Apr 30 18:46:41 2019
# 
32 25 28 33 15 4 39 21 24 13 35 17 22 0 12 18 20 11 2 36 27
28 30 8 3 24 35 17 41 39 9 25 7 29 4 26 14 19 1 38 11 27 37
12 30 8 3 6 24 17 39 21 20 2 9 7 33 29 4 34 23 42 37 1 19 27 14
3 25 7 33 29 3 30 4 10 26 14 13 17 22 0 23 8 40 37 9
30 29 33 10 40 26 24 13 42 35 17 21 23 6 38 11 2 8 9
34 8 31 13 35 21 2 10 25 7 33 15 11 26 42 16 37 18 23 36 27 14
38 7 33 29 10 18 24 13 42 17 41 0 21 27 16 6 20 40 2 9
10 41 33 5 40 4 6 42 35 17 22 16 39 21 1 36 14 8
24 29 4 11 31 15 6 13 17 41 0 39 21 40 25
13 23 41 29 31 6 42 8 16 0 18 27 1 2 19
35 25 8 23 26 42 17 16 39 18 19 1 9 11 2 14 15
17 17 41 5 21 2 8 4 26 42 16 0 19 14 40 37
41 6 5 1 20 8 39 33 11 26 42 16 14 19 23 36 27 37
39 31 6 20 2 9 29 4 42 22 14 1 15 36 27 37
21 31 9 6 5 23 20 2 8 25 7 4 22 0 26 1 14 36 27 37
20 40 5 6 2 9 25 33 15 4 26 8 16 14 1 11 37 0
2 31 5 8 25 7 33 15 11 16 0 36
5 23 40 7 33 36 18 6 27 22 19 1 16 11 37 15
8 9 6 8 29 31 42 22 16 18 23 15
25 7 42 15 40 6 22 16 14 1 11 37
29 7 33 4 11 26 22 16 23 40 27 14 9
7 40 6 9 15 4 31 42 22 16 18 36 14
33 40 4 15 27 42 26 18 36
15 40 31 19 4 22 16 0 18 1 36 37
4 31 19 26 42 22 18 1 11 27 14
36 40 1 23 26 42 0 27 16 9 11
26 9 31 40 42 22 37 18 1 11 14
31 40 18 22 0 27 1 6 19 37
23 40 18 6 22 0 19 14 42 37
40 11 22 16 0 27 37
42 6 19 11 22 37
6 9 22 16 0 18 27 14
22 22 0 18 9 11 37
16 11 0 19 14 37
0 1 19 18 11 27
18 9 14 19 27 37
19 1 37
1 9 27
14 9 27
9 11 27
11 37
27
37
