#kunkel.py
# GMT Tue Apr 30 21:07:37 2019
# 
32 30 8 40 17 41 12 2 5 9 39 7 29 11 26 31 42 22 0 18 38 36 14
30 25 33 12 3 28 34 21 6 2 42 35 17 16 39 18 41 20 27 15
12 40 6 13 35 17 39 23 2 25 7 33 29 4 26 28 0 1 14 36 34 37
8 28 3 31 24 13 35 17 41 39 2 19 25 7 26 42 22 16 18 38 11 27 14
3 25 23 33 40 20 36 26 6 28 10 16 5 21 1 38 11 27 37 29
40 28 10 40 9 24 13 17 39 21 19 34 22 16 0 23 38 36 27 14
37 14 35 17 41 39 20 2 9 29 4 36 42 22 0 18 19 1 38 11 37
10 25 7 33 15 28 23 34 26 24 2 35 17 41 21 16 11 27 14 9
1 29 39 31 4 26 2 35 17 22 41 0 21 16 20 11 27 15
24 33 29 31 26 15 6 13 42 22 16 0 39 17 27 20 2 14
6 31 13 17 41 20 9 7 33 15 26 22 28 0 18 16 38 11 34 14
13 31 35 9 41 21 20 5 15 25 7 33 29 38 26 16 18 19 11 27
35 28 41 5 21 39 7 33 15 4 38 34 42 16 0 23 9
17 41 5 21 2 9 25 33 4 34 16 0 26 19 38 11 27
41 31 39 21 9 25 7 29 34 16 0 19 36 27 14
39 5 21 29 4 42 22 0 18 14 38 36 27
21 20 2 25 33 29 4 31 28 22 16 18 23 38 11 27
20 7 29 28 4 26 18 42 22 14 5 27 2 19
2 28 9 7 33 29 34 22 16 23 19 36
5 28 31 9 15 25 33 29 4 36 26 16 0 23 19 11 34
9 19 7 33 4 34 42 22 16 14 38 26
25 31 15 7 29 36 26 42 28 23 38 11 34
7 33 31 4 26 28 18 19 11 14
33 15 29 36 22 19 38 11 14
29 23 16 22 0 36 19
4 42 31 26 18 23 28 16 19 36 27
36 31 19 26 42 14 23 38 11 27
26 15 22 16 18 23 38 27
31 28 34 23 0 38 27 14 15
15 27 42 22 28 0 18 38 11 34 14
23 38 34 28 14 19 16 42
27 28 0 38 14
42 38 18 22 0
22 38 34 22 0 18 19
28 34 18 11
0 19 16 14 11
18 16 14 11
19 11 34 14
16 11 34
38 34 38
11 11 14
34 14
14
