#kunkel.py
# GMT Tue Apr 30 18:33:54 2019
# 
32 28 12 33 8 40 4 11 18 5 13 42 17 16 39 21 23 36 2 37 9
28 30 10 40 9 35 17 41 12 20 2 19 33 34 27 42 22 37 23 38 36 26 14
30 10 40 24 17 41 12 23 20 2 5 19 25 7 29 4 36 31 22 0 18 1 11
8 40 7 33 3 31 4 16 24 6 35 17 41 14 5 21 23 20 27 37
3 25 40 7 33 11 38 34 18 24 42 35 10 22 5 21 1 20 36 14 19
40 24 41 39 20 2 5 9 7 29 4 34 16 0 18 23 38 11 14
10 39 24 13 17 5 21 2 9 33 29 34 31 42 22 16 0 38 36 27 14
0 1 35 9 41 12 21 20 5 15 29 4 36 26 16 0 23 19 11 27 14
24 13 35 9 20 2 25 7 15 4 34 31 42 16 37 19 38 14
13 12 6 17 41 39 2 9 29 34 27 42 16 37 18 23 38 11 26 14
35 6 35 17 41 5 21 2 7 33 29 4 11 22 16 18 1 36 27 14
17 9 41 5 25 7 33 15 4 34 31 42 16 18 1 38 27 14
7 41 12 21 2 5 9 25 7 33 4 26 31 42 22 23 38 37
41 12 14 39 21 15 26 33 29 38 34 31 42 18 19 1 9 27 37
12 33 15 11 34 21 1 22 39 25 23 20 36 2 27
21 5 4 39 34 38 2 22 18 23 9 27 37
20 39 2 5 19 33 26 31 42 22 16 18 23 9 14
2 39 5 25 34 31 22 1 6 38 27 37
5 6 39 9 25 15 18 1 19 27 37
9 25 15 4 36 34 31 42 16 38 11
39 33 4 34 1 42 22 23 36 26 14 15
29 25 33 11 34 31 6 18 27 23 36 26 15
38 19 15 4 22 16 18 1 11 27 14
33 6 15 26 42 22 18 19 36 37
15 37 4 11 22 16 18 23 19 36 27 14
4 1 6 19 4 26 16 23 14
36 25 26 31 42 22 18 19 23 11 34
34 25 26 19 6 14
31 23 27 42 26 19 16 6 37
27 37 6 26 22 19 1 11 14
42 26 19 6 11
1 25 16 6 18 23 11
22 6 19 25 26 16 18 23 37
16 37 23 6 14
14 11 37
18 6 19 11
23 19 26 37
6 25 26 11 37
19
11 37 25 26
26 25 37
37
25
