#kunkel.py
# GMT Tue Apr 30 18:26:32 2019
# 
32 40 8 39 24 6 17 12 1 13 2 10 25 7 33 29 20 34 18 23 11 26 37
40 30 12 8 13 17 41 39 21 20 2 5 19 25 33 15 34 42 0 18 1 26 14
12 10 28 24 13 35 17 39 19 7 4 11 26 31 8 22 16 0 23 36 34 14
8 3 10 24 6 17 41 39 21 20 15 25 29 11 34 42 22 19 38 36 14
3 30 28 1 14 35 17 21 20 2 9 7 29 26 31 22 16 0 23 36 27 37
30 10 24 35 41 39 20 15 7 29 4 34 42 22 16 37 18 23 38 27 14
9 28 39 10 24 13 17 41 5 21 20 2 15 25 33 29 11 26 27 23 6 9 36 34 37
38 24 13 17 41 39 21 20 2 5 7 33 15 4 26 16 18 23 6 36 37
21 14 13 35 5 23 20 15 7 29 4 42 22 16 0 19 1 36 37
24 28 6 41 39 20 2 5 19 25 31 42 22 16 0 18 11 37
16 25 20 5 4 26 15 13 22 0 1 6 11 2 37 19
13 10 28 1 6 35 5 15 29 11 31 0 18 23 36 14
35 33 15 28 4 11 26 31 14 42 22 37 20 36 2 5 19
17 6 41 1 20 2 5 10 33 34 42 0 26 19 23 11 27 14
41 6 5 1 2 15 25 7 29 31 22 28 0 18 23 11 27
39 10 2 5 7 33 29 34 31 42 0 18 1 19 27 14
1 10 31 7 33 15 4 36 26 22 23 11 34 37
14 7 42 26 22 28 0 20 2 29
20 37 10 7 4 26 31 0 18 19 11
2 31 5 2 25 33 29 4 26 42 37 18 27
5 29 28 19 6 36 37
10 33 31 34 15 22 18 19 11 26 27 29
25 33 29 31 4 26 27 22 0 15 23 19 11 37
7 33 4 26 15 23 42 37 19 11 29
33 33 28 4 34 18 15 6 27 0
29 18 6 37 27 23 19
4 31 6 15 34 42 22 0 18 36 27 37
36 42 28 26 18 15 23 19 11
34 31 15 6 42 28 0 18 27 37
31 28 42 0 26 27 11 37
15 6 15 18 11 26
27 18 42 28 0 26 11
42 26 11 28
22 26 6 0 18 37 19
28 11 37 23 6 19
0 23 18
18 19 26 23
23 26 6 37
6 11 26
19 26
11 26 37
26
37
