#kunkel.py
# GMT Tue Apr 30 21:07:31 2019
# 
32 14 28 29 3 31 34 15 24 13 35 22 41 0 12 18 1 6 20 11 5 9
28 30 12 3 28 10 24 6 39 13 5 19 29 36 34 22 16 1 38 11 27 37
5 7 4 34 6 13 42 22 16 0 12 21 27 1 25 26 19
3 7 10 30 36 16 24 13 17 22 41 0 1 27 23 38 40 2 37 9
31 40 10 24 35 39 2 19 7 33 29 4 34 42 22 16 18 1 15 36 26 14
39 30 18 7 33 29 20 14 42 35 1 22 0 21 9 23 19 40 37 8
10 30 8 24 13 17 41 12 21 20 2 15 25 7 33 29 34 42 16 18 1 36
24 11 13 35 17 21 20 8 25 7 33 29 4 38 42 16 18 19 23 9 40 37
40 40 13 17 20 2 19 25 33 4 36 34 16 0 18 1 11 27 14
13 9 35 17 41 12 20 2 19 25 33 8 23 38 36 27
35 8 41 21 20 2 9 25 7 33 29 4 26 22 0 1 6 19 11 27
37 8 1 6 41 21 20 2 9 25 7 33 29 26 16 14 18 23 36 37
7 12 6 41 21 20 2 19 25 15 4 34 14 38 36 27
41 25 33 36 15 6 22 14 12 21 23 38 11 2 8
12 17 20 2 9 33 29 26 42 16 0 18 23 19 11 34 14
21 30 17 2 9 33 15 26 42 0 18 1 19 11 14
33 38 4 26 18 17 0 23 14 20 36
20 30 9 17 2 8 29 4 42 16 0 18 6 38
2 30 6 9 8 15 4 26 22 18 23 19 11
9 30 17 25 15 34 23 22 16 0 1 14 26
30 25 38 29 4 34 18 27 1 22 16 0 23 11
38 17 23 25 29 4 42 22 0 18 1 11 27 14
17 11 26 42 8 0 19 36 27 14 15
29 34 27 22 16 18 11 26 15
4 15 34 27 22 16 26 23 36 8
36 6 1 8 25 15 26 22 16 0 23 11 34
34 6 25 42 16 18 1 19 11 27
23 8 19 26 42 18 1 11 27
26 8 6 19 15 42 16 14 27
42 25 18 6 22 14 11 8
8 19 15 11 22 16 6 27 14
22 6 27 18 14
16 25 11 15 27
0 11 18 14 19 1 15
18 6 15 19 14 27
19 25 15 27 1 19
1 25 15 11
6 27 14 25
15 25 14
11 25 14
27 25 27
14
25
