#kunkel.py
# GMT Tue Apr 30 17:54:48 2019
# 
32 12 10 31 24 35 17 41 39 21 20 2 19 25 29 4 34 27 42 18 23 11 26
30 25 29 7 10 3 4 26 15 6 27 42 17 39 21 9 20 19 36 2 37 8
12 40 33 29 3 28 4 26 21 15 24 17 16 5 25 1 20 36 2 8
10 8 28 1 6 13 35 5 21 2 19 33 15 4 36 34 42 16 0 18 23 11 27
3 8 28 13 17 20 2 19 39 7 33 15 11 34 31 40 0 1 9 36 14
31 28 7 29 4 21 24 13 42 17 22 5 18 19 1 6 15 2 8 9
38 25 28 7 33 29 2 34 24 13 22 16 18 1 26 14 27
1 40 39 24 17 41 21 15 25 33 29 34 27 8 0 19 36 26 14
24 28 8 6 13 17 41 20 5 9 25 15 36 34 22 18 40 26 14
13 40 6 35 41 39 21 2 25 7 33 4 22 16 0 18 23 36
6 8 5 21 2 19 39 7 4 34 42 40 16 0 18 14 9 36 37
35 40 25 7 8 28 4 37 20 22 41 0 5 21 23 15 36 14 29
17 8 40 41 20 2 9 25 7 33 15 4 22 16 18 11 27 37
41 40 23 15 4 36 34 21 16 39 25 19 11 26 37 27
39 8 40 20 7 33 34 42 28 16 0 18 23 14 11 37
21 20 2 8 15 4 36 26 16 42 22 28 23 9 11 27 14
20 28 4 36 5 22 16 0 19 42 25 14 9
2 9 15 29 11 26 42 22 28 0 19 36
5 25 28 29 7 4 34 15 22 18 19 23 27 14 9
19 8 7 33 26 40 0 23 14 9 36 27 37
25 9 23 15 33 29 4 26 22 16 0 27
22 28 33 29 4 34 7 26 8 15
7 42 29 33 34 16 18 36 27
33 37 26 0 16 23 36 8
29 42 4 26 23 27 28 36 37
4 8 15 0 40 27 37
36 34 27 18 11 26 37
34 23 11 26 8 14 18 9
16 28 23 15 42 0 14 37 9
15 11 42 0 23 40 14
27 11 40 9 28 37
42 37 26 18 28 40 0 11 14
8 23 8 28 37 9 11 14
40 23 26 37 18 14
28 18 23 11
0 9 26 18 23 11 37
18 18 23 11 26 14
23 9 11 26 14
14 11 26 37
9 11 26
11 37
26 26 37
37
