#kunkel.py
# GMT Tue Apr 30 17:54:48 2019
# 
32 25 28 12 5 30 4 34 31 14 13 35 17 22 40 39 15 36 2 37 8
30 40 12 10 3 31 34 18 6 24 42 9 16 0 39 21 23 38 2 27
5 28 6 13 35 17 2 9 25 7 33 15 4 34 16 0 18 1 19 36 27 37
3 25 38 33 10 28 6 2 42 9 41 0 12 21 23 14 20 11 27 37 19
28 40 12 10 24 35 17 41 39 19 7 15 4 26 42 23 9 11 27 37
9 10 1 13 17 39 21 2 25 7 33 15 34 42 22 16 0 26 23 38 27 37
39 12 10 24 13 17 41 39 21 8 25 7 29 4 11 31 42 0 18 1 6 38 36
10 25 7 33 8 31 26 41 13 35 12 18 16 20 40 2 14
1 40 7 33 29 31 4 38 15 24 42 41 0 19 23 14 20 11 37
24 8 37 6 13 17 41 20 2 25 7 29 31 22 16 0 23 38 36 27 14
13 12 6 17 21 20 19 38 33 29 36 34 42 8 22 16 18 11
35 7 33 31 4 36 26 21 6 17 16 25 41 38 11 14 29
17 31 37 12 21 20 15 29 4 26 22 16 0 36 14
41 12 8 6 2 15 7 33 29 34 42 22 37 18 23 38 14
12 6 21 15 25 7 33 29 36 8 40 18 23 11 27 37
21 31 20 8 25 7 29 4 42 16 0 23 11 27 14
19 7 15 40 4 38 26 18 22 16 0 23 20 11 2 14
20 25 7 33 4 34 18 23 16 0 6 36 27 14
2 31 2 8 25 7 29 4 22 18 23 38 40 27 14
8 40 31 25 7 33 15 4 34 42 22 16 37 11 26 14
25 40 6 33 29 4 26 15 0 18 38 11 27 37
29 33 31 4 26 16 22 37 6 14
7 40 6 38 34 22 16 0 18 27
33 42 31 34 16 23 27 11 26
15 31 6 15 36 34 42 0 23 40 27 37
4 40 37 26 16 0 18 27 14
36 38 31 34 22 37 6 11 26
34 26 6 22 18 16 14
31 40 6 26 42 16 0 38 14
26 38 0 22 37 23 11 27
42 38 16 23 40 6 11 27 14
22 18 27 23 6 14
16 38 40 27 37
37 0 18 38 11 27 14
18 6 27 23 11 14
11 38 40 23 27
23 38 0 40
6 27 14
38 40
40 27
27
14 0
0
