#kunkel.py
# GMT Tue Apr 30 17:40:15 2019
# 
32 28 10 30 24 13 40 17 41 12 1 20 8 7 15 11 34 27 42 22 19 23 9 36 26
28 40 39 3 31 6 24 17 5 21 2 29 7 33 15 4 34 42 22 16 1 11 27
10 40 12 33 8 3 30 34 31 24 6 35 26 39 18 21 1 19 11 2 27
3 30 8 13 35 20 2 9 25 38 33 15 4 36 34 26 22 16 37 18 1 19 11 27 14
30 9 35 17 39 21 20 2 5 8 25 33 29 34 22 16 1 38 36 14
38 5 33 15 40 11 34 21 6 13 35 17 0 12 18 1 8 36 37 19
21 26 11 34 16 24 35 1 41 0 5 18 23 20 36 2 37
24 40 37 13 5 20 2 19 7 29 11 34 27 22 0 18 9 36 26 14
13 7 33 29 4 34 6 35 22 41 5 18 19 23 27 14 9
40 31 9 12 2 5 19 25 15 4 34 42 22 16 0 1 36 27 14
17 8 6 41 39 20 9 7 29 4 34 31 15 42 22 16 19 1 14
41 25 7 39 31 36 6 35 16 0 5 1 14 20 11 37
12 29 33 31 4 6 42 35 16 0 5 18 1 25 2 14 8
23 25 7 29 4 26 15 6 35 20 16 37 39 42 11 27 2 8
20 25 33 15 26 16 6 35 22 39 19 11 2 9
2 35 39 2 5 9 7 29 4 36 34 31 42 16 18 27
5 7 4 11 26 31 36 14
8 29 33 31 4 15 6 35 22 16 18 11 27 9
39 15 1 9 25 7 33 29 4 42 16 0 18 19 11 27
35 25 29 33 4 1 6 42 22 19
29 33 26 22 14 18 6 19 25 37 9
7 33 34 16 18 6 36 14 15
33 37 15 25 26 31 22 16 0 18 11 14
15 6 1 9 25 15 4 26 31 18 36 34 37
4 6 19 25 31 42 22 0 18 37
11 26 16 42 0 27 9
34 26 42 22 16 0 19
31 25 6 27 0 18 16 9 36
27 26 42 22 16 37 18 6 14
42 6 22 26 14 18 37 25
0 9 19 25 36 22 16 18 1 26 37
22 18 1 36 26 37
16 14 19 25 37
37 26 18 19 36 14
18 6 9 14
19 6 36 26 9
1 25 26 36 14 9
6 25 14
9 25
36 26 14
26 25 14
14 25
25
