#kunkel.py
# GMT Tue Apr 30 17:39:27 2019
# 
32 28 33 10 30 2 11 26 24 6 35 17 22 16 0 39 18 41 38 40 27 19
28 40 30 24 13 6 35 17 41 39 21 20 25 7 4 26 16 42 28 23 38 11 27 14
12 30 8 3 40 17 20 2 10 25 7 33 4 11 26 31 16 18 1 9 36 34 14
10 30 39 3 31 10 24 35 17 5 15 7 29 4 26 27 22 18 1 36 34 14
3 30 31 39 13 17 41 20 2 19 25 7 33 29 4 26 42 22 16 0 36 37
30 40 24 13 35 21 20 5 9 25 33 29 15 22 14 23 19 36 27 37
34 39 40 7 26 18 24 6 35 17 16 0 25 27 23 2 8 15
37 40 39 6 24 17 41 5 1 20 19 7 33 29 4 26 42 22 18 23 11 14
24 40 9 14 13 17 23 20 2 19 7 29 4 11 26 31 42 0 18 1 38 36
6 40 8 14 13 17 41 5 21 19 25 7 33 26 22 0 18 9 11 27
35 40 29 7 33 4 26 1 15 35 39 21 23 38 36 14 8
17 25 7 33 5 39 42 9 41 0 18 19 36
7 5 31 41 39 21 2 25 29 22 23 27 14
41 40 5 39 2 15 25 29 4 36 26 42 8 16 0 18 11
39 31 9 13 5 15 33 29 4 36 0 38 11 14
21 40 29 11 26 13 9 22 16 5 25 19 1 38 36 14 15
9 40 1 20 2 8 33 15 4 31 22 0 18 23 19 11
13 23 8 4 26 31 15 20 22 5 18 38 11 29
2 40 33 5 31 26 42 8 23 16 36 27 14 29
5 20 15 29 4 42 16 0 1 38 27 14
19 29 31 4 1 22 16 0 23 14 25 8
25 8 31 4 16 23 27
29 40 20 33 42 16 18 36 27
20 33 4 0 42 22 16 23 8
33 38 42 15 27 0 23 14 11
15 40 36 26 1 22 23 38 11 14 8
4 42 31 0 8 18 11
36 40 42 18 27 0 23 11 1
26 31 8 26 23 42 16 18 1 38 27
31 42 18 14 8
23 40 27 42 22 18 1 38
40 1 22 16 18 14
42 38 16 22 0 11
8 18 27 38 11
22 18 1 16 0 27
16 38 27 1 14
0 1 27 14
18 27 1 38 11
1 14 38 11
38 14 11 27
11 27
27 14
14
