#kunkel.py
# GMT Tue Apr 30 17:36:16 2019
# 
32 25 12 33 29 3 4 26 5 24 2 35 17 0 39 21 23 38 11 34 14 15
30 28 12 5 3 31 24 35 41 39 1 2 9 7 15 36 8 22 16 23 40 27 14
5 23 39 3 31 4 38 26 6 24 35 22 12 21 19 1 20 25 37 10
3 12 40 10 24 6 17 39 21 2 8 25 29 26 31 22 18 1 15 11 27 37
28 25 38 8 4 34 24 13 35 17 12 26 9 23 6 20 11 27 2 19
9 7 10 4 38 34 24 13 35 8 22 41 39 21 23 19 36 27 14 29
39 8 31 24 6 17 41 12 13 2 7 29 4 11 34 27 42 20 22 0 18 40 26
10 40 12 24 13 17 41 21 2 19 25 15 4 11 34 42 16 6 36 27 14
1 12 31 6 13 17 20 19 25 33 29 34 26 42 40 16 0 18 36 27
24 20 4 36 6 35 14 25 19 23 38 40 2
13 17 21 2 29 33 15 4 42 22 16 37 18 23 38 11 27 14
6 31 41 21 19 7 15 4 34 42 8 40 18 38 36 27 37
35 8 34 31 27 15 17 41 14 12 19 23 38 40 2 37
17 38 29 40 2 41 21 8 18 16 25 42 36 27
37 40 12 41 21 20 8 25 33 4 36 26 42 22 16 18 38 11 14
41 12 31 21 20 19 7 33 15 26 0 18 14 38 40
12 8 20 2 25 33 34 42 18 23 38 11 27
21 40 31 8 25 7 15 4 22 16 18 23 19 14
20 40 20 2 19 7 33 15 4 11 26 42 22 0 18 14 36
2 19 7 15 4 34 31 42 8 22 16 0 40
15 31 8 7 33 34 22 16 0 23 36 27
25 29 7 40 26 42 16 0
7 33 29 31 11 34 18 16 22 23 36
33 40 34 29 36 26 42 22 16 0 18 19 38 11 27
29 40 34 31 42 16 26 38 27
4 40 8 4 38 26 16 0 18 23 36 34
36 40 42 16 0 23 8 14 11
26 38 16 14 22 0 27
31 23 42 34 18 8 0 19 38
40 40 42 22 23 27
42 11 8 14 19
8 11 34 22 23
22 19 18 38 11 34 14 0
16 34 18 23 38
0 11 34 14 19
18 38 14 27 19
19 38 34
23 11 34 14
38 14 11 27
11 34 14 27
34 27 14
14 27 14
27 27
