#kunkel.py
# GMT Tue Apr 30 17:17:14 2019
# 
32 25 40 7 8 3 4 1 24 13 35 17 16 21 23 20 42 11 2 37 10
40 28 29 3 4 39 18 6 42 1 12 21 23 38 11 37 8
30 28 24 13 17 41 21 20 2 19 25 29 33 15 4 16 0 1 6 38 36 27 37
12 26 7 33 15 36 34 24 13 35 17 22 41 0 39 21 9 11 27 19
8 39 28 4 36 26 18 24 13 42 22 5 25 23 6 11 2 14 15
3 20 10 31 6 35 9 16 0 5 25 19 41 38 36 2 14 15
28 7 33 34 31 6 13 35 17 22 14 26 15 27 37 19
9 25 1 7 10 31 4 38 34 18 15 24 13 42 17 21 23 20 14 29
24 31 17 21 20 2 5 15 25 7 33 29 26 22 23 11 27 14
13 38 29 4 11 34 31 27 42 10 41 0 19 1 36 26
35 31 5 1 2 10 7 33 15 4 36 34 42 22 16 14 23 38 11 27 37
17 7 29 34 6 22 26 0 21 1 14 20 36 27 5
41 5 10 31 11 34 18 15 42 22 16 0 21 38 36 2 37 19
39 25 7 4 26 6 42 22 0 23 20 11 2 37
21 10 1 2 33 29 34 31 42 22 0 18 23 14 11 37
14 38 33 4 26 18 22 16 0 15 1 20 27
20 31 6 5 2 19 25 33 29 26 22 16 37 18 38 0
2 31 19 25 7 33 29 4 26 0 1 11 34
5 25 29 7 4 26 18 16 15 23 19 1 36 27 10
10 7 33 29 31 4 34 16 22 0 19 23 15 36
25 6 1 19 25 7 15 26 42 16 0 23 36 34
7 31 6 19 33 15 4 42 22 0 18 23 38 36 27 37
33 6 15 26 29 34 42 0 18 23 19 36 27
29 19 4 26 31 42 16 18 23 6 11 27
4 42 22 26 27 1 19
36 38 34 16 22 0 18 23 42
34 1 15 26 22 16 23 11 27 37
31 31 15 42 0 18 1 6 38 11 27 37
15 26 22 16 19 1 11 37 0
23 6 19 38 42 22 18 1 37
26 42 6 19 11 27 37
42 1 42 16 38 27
22 18 16
16 38 18 0 37
0 38 1
18 38 6 37 1 27
19 37 27 1
1 1 38 11
6 11 27 37
38 11 37 27
11
27
37
