#kunkel.py
# GMT Tue Apr 30 21:07:07 2019
# 
32 30 12 8 40 41 39 2 5 9 7 29 11 31 42 22 0 18 19 23 38 36 14
30 25 12 33 15 3 34 21 6 26 35 17 41 39 18 19 16 42 2 27
12 40 6 13 35 39 2 25 7 33 29 4 34 16 22 28 0 18 1 14 36 37
8 3 31 24 13 35 17 41 39 20 2 19 25 7 42 22 16 18 23 38 11 27 14
3 25 33 40 36 26 6 10 28 17 22 16 5 21 1 38 11 27 37 29
40 28 40 34 10 24 13 17 39 20 9 26 16 0 18 23 38 36 27 14
37 1 14 35 9 41 39 21 20 2 19 29 4 36 42 0 18 23 38 11 37
10 25 7 33 15 28 34 24 26 35 17 22 16 18 27 41 11 2 14 9
1 29 39 31 4 26 21 27 35 17 22 41 0 18 23 11 2 15
24 17 33 29 31 21 6 13 42 22 0 39 18 27 23 15 2 14
6 31 13 17 41 21 9 7 33 15 34 22 16 0 18 19 23 38 11 14
13 31 9 35 17 41 21 20 5 15 25 7 33 29 38 26 22 19 11 27
35 5 28 17 41 39 7 33 15 4 38 34 42 16 0 9 26
17 9 41 5 2 29 4 34 22 28 0 18 19 11 26
41 31 39 20 25 7 29 26 27 0 18 14 9 36 34
39 5 19 29 4 26 42 0 23 14 38 36 27
21 7 29 4 26 2 42 22 16 14 5 23 20 27 19
20 7 33 29 28 4 11 34 18 0 14 5 23 9 36 2
2 28 7 33 29 34 16 18 23 9 36 26
5 28 31 15 25 33 29 4 36 34 22 16 0 18 9 11
9 7 33 4 34 42 22 14 18 23 38
25 31 15 7 29 36 34 42 22 28 18 16 38 11 26
7 33 31 4 22 19 16 11 14
33 15 29 36 26 18 23 38 11 14
29 23 28 26 0 36
4 42 31 26 18 28 22 16 36 27 19
36 31 42 22 28 14 38 11 27
34 38 31 15 16 28 14 18 23
31 28 16 0 15 38 26 14 27
15 19 42 22 16 0 23 38 11 27 14
27 26 22 16 0 18 38 14
42 38 28 0 23 19
28 38 22 16 14 26
22 38 18 23 19
16 19 11 26
0 14 18 23 11
18 38 26 11
19 26 14 23 11
23 38 23 26
38 38 26
11 11 26 14
26
14
