#kunkel.py
# GMT Tue Apr 30 17:02:44 2019
# 
32 25 40 12 7 33 8 3 20 34 24 13 42 17 14 39 21 38 11 26 2 15
40 30 10 3 40 1 24 13 17 41 12 21 20 19 7 34 8 16 0 23 9 36 27 14
8 12 10 28 24 13 17 36 39 23 20 2 8 25 7 33 38 26 0 18 19 1 6 9 11 14
3 12 3 28 6 24 17 5 21 2 19 25 33 29 11 34 27 42 22 16 0 18 1 38 36 26
30 10 28 6 35 9 41 1 20 19 25 7 33 15 26 42 22 16 0 23 38 34
9 7 28 38 34 16 6 24 17 41 0 12 18 23 20 26 5 27
39 28 7 4 10 1 6 24 35 17 16 14 21 23 13 37 15
24 12 28 10 13 41 23 2 19 25 34 31 26 22 16 14 18 1 38 27 37
13 5 33 4 26 6 10 17 16 14 12 34 38 36 27 37 15
35 31 6 17 41 21 20 2 19 25 7 33 11 26 42 16 0 18 38 36 27 37
17 25 38 29 26 18 16 0 15 21 41 20 11 37
37 25 33 26 31 4 34 16 1 41 38 36 2 14 27
41 5 6 12 21 20 19 7 29 22 28 0 18 38 11 27 14
12 28 5 21 2 10 33 29 4 26 31 15 18 38 11
21 6 2 19 25 7 29 4 11 34 22 18 36 27 14
20 29 33 34 31 6 22 15 18 23 42 25 5
2 28 29 7 33 31 34 5 22 14 6 15 19
5 28 10 4 26 15 34 22 0 18 27 23 36 14
10 7 4 11 34 31 42 22 0 1 6 36 29
25 23 28 4 34 26 42 22 0 1 27 29
29 28 31 26 42 22 23 15
7 38 42 18 15 6 16 27 22 19 33
33 31 19 33 15 36 34 42 0 1 38 11 27
15 28 38 42 16 0 23 19 1
4 38 31 26 18 0 22 14 27 1 19 36 34
36 31 34 6 19 26 42 16 18 1 36 27 14
34 19 11 23 14 1 6
31 38 11 26 16 0 18 19 1 14
23 6 22 16 0 18 1 14 27
27 28 19 26 0 1 6
42 28 18 22 19
28 38 0 19 16 14 11
22 18 6 1 19
16 11 26 1 6
0 19 1 38 14
18 19 26 18 1 11 14
19
1 11 14 38
6 38 11 14
38 14
11 14 11 26
26
14
