#kunkel.py
# GMT Tue Apr 30 16:59:10 2019
# 
32 30 23 29 31 36 26 37 24 42 35 17 22 40 12 18 8 1 20 11 14 9
30 28 12 1 24 13 35 9 5 21 2 19 25 29 26 42 22 16 23 38 11 27 14
8 40 12 33 15 31 4 34 14 42 37 39 18 23 19 25 27 5 10
3 40 5 31 6 13 35 17 39 21 20 25 7 11 26 42 22 16 0 23 38 36 27
31 31 24 6 35 17 41 21 2 25 33 29 4 34 27 22 37 18 23 11 26 14
34 12 24 13 35 41 39 21 20 19 7 33 29 4 26 42 22 16 0 1 11 27 37
39 7 33 9 38 6 5 35 17 22 16 0 12 18 19 14 20 37 29
10 40 12 28 1 35 5 21 2 19 7 33 29 4 42 14 18 23 38 11 27 37
21 5 7 24 40 13 35 22 41 0 12 16 9 36 2 37 19
24 7 33 29 4 36 26 42 35 16 15 41 38 11 2 14 19
13 25 15 40 36 18 6 26 17 28 0 12 1 20 11 2 5 19
35 6 41 5 20 7 15 11 16 0 14 36 26 37 25
17 40 7 15 4 36 6 42 22 16 0 18 38 25 27 2 19
7 28 20 33 4 18 6 16 12 23 38 2 37 29
41 25 33 29 18 6 0 12 19 1 9 27 15
12 12 28 6 5 19 29 4 42 22 0 18 1 25 26 37
1 29 20 28 4 15 0 25 38 37 9
20 40 29 15 6 22 0 26 27 14 19 2 5 9
2 25 22 33 11 18 40 28 14 36 27 37 9
5 28 14 33 29 11 26 22 0 18 36 27 37
9 33 15 28 4 6 27 42 22 16 0 18 36 19
25 22 11 40 16 0 38 36 37 15
38 33 11 42 22 0 18 23 19 36 27 37 15
33 28 6 15 4 42 18 23 36 26 14
29 6 19 15 4 36 27 42 40 18 23 11 26
4 40 6 23 28 22 16 14 18 36 37
11 15 28 22 16 23 40 37
26 19 15 28 22 16 0 23 6 36 27
16 28 40 42 22 0 18 14 27 37
15 28 40 19 23
42 28 6 0 18 23 36 27 14
6 28 19 23 14
22 27 28 18 19 23 36 14
28 23 36 27 14
40 18 0 27 23 36 37
18 0 27 14
23 19 27 37
14 27 19
19 27 36 37
36 0 37
27
37 0
0
