#kunkel.py
# GMT Tue Apr 30 16:32:55 2019
# 
32 30 12 10 31 6 35 41 39 21 20 5 9 7 33 15 4 36 0 18 23 38 40 14
30 40 12 29 31 4 36 13 42 17 41 0 39 18 9 23 38 11 27 37 8
12 8 28 24 13 41 20 19 7 4 36 26 31 42 22 16 37 18 1 38 11 14
10 3 31 6 24 17 5 1 20 19 25 7 33 29 36 34 16 14 18 23 11 37
11 38 33 3 9 34 15 42 17 22 41 0 39 21 23 20 26 14
31 28 17 41 21 20 19 25 7 29 34 42 8 16 18 23 15 36 27 14
34 40 3 28 6 13 35 41 39 23 2 5 19 7 29 26 22 37 1 14
37 40 24 13 35 9 1 5 19 25 7 15 4 16 0 18 23 38 36
1 39 40 38 33 4 18 6 35 17 22 0 21 20 27 15
24 25 40 33 28 4 39 26 6 5 8 19 23 20 36 27 15
6 28 7 33 2 21 13 35 41 22 16 39 23 15 36 27 19
13 39 28 35 17 41 21 20 8 25 33 15 26 22 18 9 36 27
35 40 7 33 8 2 21 17 22 14 5 23 20 26 15
17 3 39 21 20 2 5 9 33 4 42 8 16 0 18 38 27 14
41 8 3 39 2 9 25 15 36 28 0 16 40 27 14
39 8 40 21 15 25 7 29 4 22 28 0 23 19 14
21 40 5 23 15 25 33 29 4 26 28 22 16 0 19 9 27
20 3 2 9 25 33 15 4 36 26 22 19 38
2 25 40 7 29 9 26 0 5 23 19 16 36 27 14 8
5 25 33 3 27 16 15 19 8 36 9
9 14 19 15 4 26 0 18 23 38 36 27
25 3 8 7 33 29 4 26 16 23 19 27 14
29 3 18 42 40 16 38 36 19
7 4 15 22 28 14 26 19 42 40 8
33 8 15 36 26 42 16 18 23 38
15 40 8 19 26 16 0 18 38 27
3 40 38 28 4 42 0 26 16 36 27
4 28 38 26 18 22 0 27
36 19 22 14 18 38 27
26 28 19 22 16 23 14
16 28 8 22 0 18 27
42 40 22 38 27 8
8 23 8 22 28 18 38 14
22 28 23 14
28 38 19
0 38 23 14 19
18 14 19 40
19 38 19
23 40
38
40
27 14
14
