#kunkel.py
# GMT Tue Apr 30 16:12:43 2019
# 
32 28 7 33 8 3 40 38 10 23 13 42 0 12 21 1 15 5 9
28 40 5 12 29 30 4 26 21 6 13 35 8 22 39 18 1 36 2 37 10
8 10 40 13 35 17 41 39 2 15 25 33 29 34 27 42 22 16 18 1 9 11 26 14
3 25 29 36 34 6 24 35 17 22 0 12 23 38 11 2 9
40 29 7 30 4 1 17 22 41 0 5 21 9 23 38 36 37 15
39 7 29 20 10 6 24 42 34 41 0 18 27 9 26 14
1 34 10 30 4 11 26 24 22 16 12 21 19 2 15
24 25 23 33 29 9 34 6 17 41 0 18 38 11 2 14 19
6 26 29 31 34 21 15 13 35 9 18 19 23 20 11 2 14 10
13 7 30 4 36 34 17 16 0 15 19 23 14 38 11 2 5 10
35 30 9 37 17 41 21 20 10 25 29 42 22 16 0 19 23 38 27 14
9 30 17 10 25 7 29 4 34 15 14 19 36 26 37
41 12 30 21 20 2 5 10 15 4 26 42 22 16 0 18 36 34
12 7 30 4 31 27 42 17 22 5 20 2 14
21 7 15 4 11 26 27 5 38 36 2 37 19
20 23 7 10 31 4 37 2 17 0 18 16 14 38 27 5 15
2 29 38 30 34 16 17 18 23 11 15
5 7 33 10 4 38 26 31 0 22 36 25 14 11
10 25 33 15 34 0 18 23 38 11 37
30 7 33 29 26 19 16 42 36 37 15
7 33 26 31 42 25 16 36 15
33 29 31 38 26 42 16 0 18 19 23 15 36
29 26 16 18 23 37 15
4 25 36 26 23 19 16 11 27 14 15
11 25 38 31 42 0 15 37
26 37 31 0 18 23 15 36 27 14
31 25 42 22 16 14
15 37 17 34 22 16 0 27 14
17 22 16 42 36 27 37 19
27 25 42 18 22 16 19 34 14
42 36 22 25 19
22 37 34 14 0 23 36
16 38 34 19 36 37
0 36 23 34 14
18 38 34 23 36
19 36 34 37 23 38 25 14
23 36 14
14 25 38 36
38 34 37
36 37 25 34
34 37
37
25
