#kunkel.py
# GMT Tue Apr 30 21:06:22 2019
# 
32 25 30 7 12 31 34 1 24 13 42 22 0 39 18 19 23 38 11 27 9
30 8 3 31 37 1 6 35 41 39 21 20 19 7 33 4 34 42 0 18 23 11 14
39 8 28 9 24 13 17 12 21 5 19 25 7 33 29 11 0 18 23 15 36
3 10 3 40 37 35 17 41 12 20 2 25 7 15 42 22 16 0 18 38 11 27 14
31 10 24 13 35 17 41 12 21 20 2 5 15 25 7 29 34 42 16 14 19 1 38 36 37
37 10 6 35 9 5 2 8 25 7 29 4 38 34 42 22 1 15 36 14
10 25 40 7 29 28 4 26 6 42 17 0 15 21 1 20 36 2 8
21 12 24 6 17 21 20 2 5 8 4 36 34 42 16 18 23 38 11 26
26 40 28 24 13 35 15 2 19 25 33 29 4 23 42 22 1 38 36 27 14
24 40 12 28 1 6 35 17 5 8 7 33 22 18 23 19 36 14
13 6 35 17 41 12 1 20 5 15 33 29 4 16 0 18 23 27 14
35 28 35 17 12 2 9 7 33 15 42 22 14 18 23 6 38 27
9 28 12 6 17 20 2 5 8 7 29 34 42 22 16 18 1 19 36 27
41 25 33 15 4 34 6 42 17 22 0 5 18 20 40 27 14
12 28 5 29 25 33 15 34 23 42 40 16 0 1 6 11 27
23 5 40 34 28 17 16 0 42 36 2 14 15
20 40 2 19 33 15 4 34 22 16 18 1 38 36 27
2 40 1 2 25 29 4 22 16 0 19 11 27
5 25 28 7 4 34 18 42 1 15 14 8
19 8 6 15 25 7 29 4 38 42 28 16 40 27 14
25 40 17 7 34 42 8 28 0 16 38
29 28 33 34 11 8 22 16 0 27 36 14
7 33 4 34 18 28 1 15 36
33 28 4 38 16 17 18 1 6 36 8
15 28 34 6 15 4 38 27
4 28 17 42 8 0 18 1 38 11 27
36 40 34 6 42 28 0 18 14 38 27
34 1 6 17 16 40 28 11 14
16 40 18 0 27 1 14
17 8 22 1 6 38 11 27 14
40 38 28 6 42 0 1 27
42 8 6 18
8 0 1 6 38 11 14
22 28 38 27 0 18 11
28 14
0 11 6 14
18 11 6 14
1 6 38 27
6 11 14
38 11 27 14
11 27 14
27
14
