#kunkel.py
# GMT Tue Apr 30 21:05:05 2019
# 
32 30 8 3 40 1 6 24 35 9 41 39 21 5 19 33 29 4 26 16 23 15 27
30 25 7 29 28 4 39 26 38 6 24 10 17 22 16 0 12 20 27 5 19
12 20 33 29 3 28 4 10 34 13 42 17 22 37 21 27 1 38 2 8 15
8 10 31 6 35 41 21 5 19 25 7 4 11 34 23 27 22 18 1 38 36 26
3 10 3 24 13 41 21 2 5 19 33 15 4 26 42 18 23 9 11 27 14
40 10 31 6 13 35 41 39 20 9 25 7 15 4 34 27 16 0 19 36 26 37
34 28 24 21 20 5 9 25 33 15 4 36 34 27 22 16 0 18 11 26 37
10 10 24 13 17 41 19 25 7 15 16 42 28 0 23 6 38 11 37
1 28 31 24 13 35 17 39 21 9 33 15 4 36 42 22 16 0 18 23 11 27
6 9 41 5 21 20 2 25 33 29 4 11 42 22 16 0 18 19 36 14
13 20 31 26 21 27 42 35 9 41 0 39 18 38 36 2 14
24 31 35 17 41 39 21 2 5 9 25 29 4 16 18 23 38 36 26 37
35 2 33 29 4 36 26 16 22 41 0 15 19 20 11 27
17 23 33 11 28 4 38 15 37 16 14 18 20 36 2 5 19
41 28 41 5 21 2 7 33 4 11 31 42 0 23 36 37
39 7 23 36 26 31 37 0 5 18 21 38 11 14 25
21 28 37 20 15 38 29 11 42 16 0 18 19 9 36 14
20 5 2 29 33 15 4 36 26 31 42 18 23 11 37
2 29 7 33 5 31 38 26 18 36 27 14 9
5 33 28 26 0 18 16 36 37 9
15 31 19 7 28 16 0 18 23 11 27 14
25 26 7 29 4 22 28 0 18 23 11 27
11 7 33 42 22 23 38 27 14
7 29 33 31 42 28 23 36 19
33 28 29 36 14 23 38 27 37
29 18 23 28 26 31 22 16 42 14
4 19 31 42 22 0 18 14 36 37
38 28 9 26 42 22 16 14 18 19 37
26 9 31 22 0 36 14
31 28 9 42 22 16 14 18 23 37
42 28 9 22 0 18 27 37
28 16 23 14 27
22 27 9 37 0 36 14
16 23 18 14
0 19 27 14 18 37
18 9 19
19 23 9 27 37
23 27 14
14 36 27 37
9 27 36 37
36
27 37
37
