#kunkel.py
# GMT Tue Apr 30 21:04:26 2019
# 
32 28 8 3 40 14 13 12 21 20 2 5 25 7 29 4 26 42 22 16 0 38 36 27 37
28 40 12 3 31 35 17 41 39 1 20 9 25 29 26 42 22 16 0 18 23 36 34 37
30 30 10 3 31 24 13 41 39 21 20 2 5 8 29 34 42 22 18 23 15 11 26
12 3 40 34 6 13 17 39 20 2 15 7 33 29 4 26 0 18 23 19 11 27
3 20 33 15 39 26 24 13 35 22 40 21 42 38 11 2 14 19
40 29 33 8 31 4 39 21 24 35 17 36 18 1 19 11 2 10
9 7 29 31 4 26 24 13 35 17 22 41 14 39 21 6 15 27 37 19
39 8 24 6 35 17 41 21 20 25 15 36 34 42 0 19 38 27
10 1 6 13 17 41 21 20 2 25 7 33 15 11 34 22 16 14 23 38 36 27 37
24 25 7 8 4 34 13 22 16 27 20 2 5 15
14 8 13 35 41 15 2 25 33 29 34 27 42 16 0 1 19 36 26
13 29 31 42 35 22 16 0 5 18 19 38 11 37
35 8 6 41 1 5 19 33 29 4 26 31 42 22 0 18 23 15 36
17 20 33 8 4 36 26 31 5 41 21 19 1 11 27 37
41 20 2 25 7 33 15 4 11 34 42 0 18 38 36 26 37
5 8 31 5 20 25 7 15 34 42 22 16 18 1 6 11 27 37
21 6 2 19 7 15 4 38 34 31 42 0 18 1 26 37
20 8 6 7 36 26 31 0 1 38 11 37
2 8 1 6 15 7 33 29 4 31 18 23 11
8 6 8 25 7 33 29 4 26 0 1 15 27 37
25 31 7 33 29 4 38 26 22 16 0 19 23 15 11
7 31 1 33 15 34 22 18 23 38 26
33 42 4 34 27 0 19 16 38 37
29 42 4 36 18 6 1 23 19 37
4 19 26 0 18 23 38 36 27
11 38 34 31 26 6 0 18 23 1
26 1 6 36 34 31 42 16 23 37
31 6 19 36 42 16 18 38
15 34 42 22 16 18 1
23 6 19 34 42 22 0 23 38 36 27 37
42 34 18 27
22 38 0 19 27 37
16 34 18 0 27 1 6 36 37
0 6 18 1 38 27 37
18 34 6
19 1 38 36 27 37
1 1 36 34
6 38 36 27 37
38 36 37
36 27
27 34 27 37
37 34
34
