#kunkel.py
# GMT Tue Apr 30 21:04:21 2019
# 
32 28 10 31 6 13 35 12 20 5 9 25 7 29 36 26 42 8 22 14 19 1 38 11 37
28 30 12 3 28 10 24 6 41 39 21 2 5 9 15 4 26 16 18 19 34 14
30 10 40 24 6 13 17 41 39 20 9 7 33 15 34 31 42 8 22 23 19 37
8 10 37 13 15 21 20 2 19 7 33 29 4 34 42 22 0 18 38 36 14
3 12 10 3 31 6 35 17 41 39 21 20 5 25 33 29 42 40 16 1 36 27 14
31 10 40 24 13 12 20 5 19 7 15 4 11 0 18 1 6 38 36 14
39 10 24 13 41 5 20 19 25 7 33 29 4 42 22 16 0 38 40 37
10 10 17 41 21 5 15 33 29 4 36 34 42 22 1 9 11 14
0 25 40 33 4 36 26 35 41 14 21 19 1 15 11 2 37 9
24 9 6 35 17 41 12 21 5 19 25 7 29 34 22 16 18 1 38 36 37
6 7 29 4 34 13 35 17 16 5 21 23 20 38 40 37
13 35 41 21 20 2 5 7 15 4 36 26 42 22 16 23 11 34
35 40 20 33 15 42 17 12 1 27 23 38 25 2 14 9
17 40 17 41 5 20 19 25 7 33 15 4 16 23 11 27 37
41 12 20 19 25 33 29 37 16 23 9 11 27 14
12 42 33 29 4 26 1 22 40 18 16 20 36 9
21 2 40 4 36 26 22 5 18 1 11 34 37 19
20 34 37 26 16 15 40 27 14 19
2 40 9 15 19 25 7 29 11 34 23 22 18 1 38 36 14
5 33 4 11 26 23 42 18 1 38 40 37
9 37 15 29 4 42 22 16 18 23 36 27 14
25 42 7 33 29 26 1 23 38 36 14
7 29 7 15 4 26 16 18 1 38 36 27 14
33 29 36 34 16 23 11
29 40 15 4 38 26 42 22 11 37
4 26 23 42 16 18 19 1 14 40 27 37
36 36 42 22 16 18 1 11 27
26 40 1 14 15 34 42 16 18 23 11 27 37
15 42 34 18 27 1 14
23 22 42 34 38 11 27 14 19
40 19 34 27 18 38 14
42 27 18 19 1 38 34
22 34 1 16 37 27 38 14
16 19 11 1 27 37
14 11 27 18 34 37
18 34 38 11 37
19 1 11 34 38 27
1 38 37
38 11 37
11 34 27 37
34
37 27
27
