#kunkel.py
# GMT Tue Apr 30 21:00:21 2019
# 
32 25 28 20 29 30 2 34 31 15 24 13 41 12 23 19 16 38 11 26 5 9
30 12 8 3 10 41 39 1 20 5 9 25 7 33 34 42 16 19 23 38 26 14
5 33 10 3 40 41 31 15 13 42 25 28 14 12 18 1 20 11 37 19
3 10 31 24 13 17 39 21 9 7 33 15 4 8 22 16 0 18 1 38 36 27
31 28 8 31 6 35 41 2 9 25 15 4 42 16 0 18 23 14 19 36 27 37
39 25 7 33 29 23 34 24 27 35 17 18 9 1 20 38 36 26 14 15
10 25 7 33 8 34 6 13 42 35 17 22 16 0 18 23 38 2 19
21 40 8 24 13 35 17 41 12 23 2 9 29 4 42 22 0 1 6 38 11 37
24 28 8 6 35 17 41 20 9 7 33 29 42 22 16 37 18 1 38 27 14
13 40 1 17 41 12 20 19 7 15 11 34 22 16 0 26 23 36 27 14
35 28 12 6 17 41 2 9 7 15 4 34 0 1 38 11 27 14
9 12 8 36 26 17 22 28 40 16 42 25 14 19
41 28 41 20 19 29 4 42 22 16 0 6 38 36 27
12 8 28 1 6 15 25 33 29 11 26 16 0 18 23 36 27
1 40 20 8 25 7 29 28 0 18 1 14 19 36 37
20 23 8 34 16 42 17 22 0 18 19 25 27 15
2 28 7 33 4 26 6 22 14 23 25 27 37 8
19 6 17 36 23 25 7 33 4 11 34 42 0 18 40 26
25 38 17 28 8 16 0 14 11 36
22 33 4 36 34 18 42 8 0 15 6 11 14
7 33 4 26 8 14 6 15 36 37
33 29 40 4 11 42 34 37 26 15 36
29 28 4 11 34 16 26 17 18 0 14 36 27 37
4 40 8 6 15 4 34 16 37 18 11 27 14
36 17 15 42 8 18 23 38 11 27 14
34 40 37 28 0 18 16 38 11 27 14
16 17 8 0 23 38 40 27
15 40 8 42 28 0 38 27 14
17 40 28 37 42 0 23 6 11 27 14
27 0 18 23 26 37
42 6 26 8 28 0 40 14
8 40 18 23
40 23 38 0 6 37 11 26
28 6 37 18 38 11 26 14
37 6 26 0 23 38 11 37
18 38 0 23 11
23 6 38 26 14
6 26 14 38 11
38 0 11 26
11
26 0
14 0
0
