#kunkel.py
# GMT Sat Mar 30 14:39:54 2019
# 
0 1 3 6 10 11 12 13 15 16 17 20 21 27 28 30 31 33 34 35 37 40 42
1 2 7 9 12 14 15 16 17 18 20 21 22 23 24 27 30 31 32 35 37 38 41
2 5 6 7 8 13 14 15 16 17 18 20 21 23 26 28 29 30 34 36 39 40 42
3 34 38 7 8 41 10 11 12 15 16 40 18 19 25 27 28 29 39 31
4 5 7 11 18 21 22 23 24 25 26 27 28 29 30 31 32 34 36 37 39 40 42
5 32 33 34 37 6 40 9 10 13 14 15 19 23 24 36 26 28 29 35
6 9 11 13 19 20 21 23 24 25 26 27 29 32 34 35 36 38 39 42
7 7 8 9 15 16 17 20 22 23 25 26 28 30 32 33 36 40 41
8 9 10 12 13 15 17 19 22 27 28 29 30 32 34 36 37 38 40 41 42
9 32 35 36 41 11 12 15 40 18 19 20 21 22 24 33 29
10 35 34 36 38 39 12 14 17 18 19 20 22 23 26 27 29 31
11 12 15 17 19 20 22 23 25 28 29 30 31 34 36 37 39 42
12 16 17 18 19 21 24 26 27 28 29 33 37 38 39 40 41
13 32 40 41 34 16 17 18 19 20 23 24 25 26 27 28 31
14 32 35 36 42 39 37 40 18 19 21 23 24 27 28 29 30 31
15 15 16 22 26 27 28 30 33 35 36 38 39 40 41
16 17 18 21 25 28 32 33 34 35 36 37 38 39 42
17 20 22 23 24 25 27 31 32 33 34 35 36
18 32 38 33 40 39 21 23 24 25 26 29
19 21 22 23 25 26 27 30 31 33 34 37 39
20 35 33 37 42 21 22 41 24 28 29 31
21 22 24 25 29 30 35 36 37 38 40 42
22 35 33 41 24 25 27 29 39 37
23 33 38 36 26 27 28 42 31
24 32 33 38 41 42 40 27 29
25 33 34 37 42 39 26 38 29
26 27 28 31 32 33 35 39 40 42
27 29 30 32 36 38 39 40 42
28 32 35 36 29 37
29 30 31 32 33 39 41
30 30 31 34 35 37 39 40 41 42
31 31 32 33 36 38 39 40 41 42
32 34 35 37 41 42
33 35 37 38 41 42
34 40 38 37 35
35 35 36 39 42
36 38 39 40 41
37 38 39 41
38 40 41 42
39 41 42
40
41 42
42
