#kunkel.py
# GMT Sat Mar 30 14:39:56 2019
# 
0 32 34 3 5 6 7 8 41 10 39 14 15 16 17 40 23 26 28 42 37
1 2 3 4 5 6 11 12 13 15 17 19 20 21 23 24 25 28 30 34 35 37 39 42
2 34 3 36 37 38 7 8 11 13 15 17 18 20 21 23 24 25 28 29 39
3 35 5 6 33 38 9 10 12 16 18 19 21 41 26 27 29 30 42
4 34 5 6 7 38 9 42 39 12 13 16 37 22 41 24 33 27 28 29 31
5 6 7 8 9 11 12 13 14 16 17 22 25 26 27 32 34 37 38
6 34 32 40 10 11 33 17 19 21 39 26 27 42 30 31
7 10 11 12 13 15 16 17 20 22 24 26 28 30 31 32 34 37 38 40 41
8 9 10 13 15 16 17 18 20 23 25 27 28 29 31 33 37 38 39 41 42
9 32 38 39 41 42 12 15 16 40 35 22 23 24 36 26 27 30
10 13 14 15 17 20 21 23 24 30 31 33 34 35 36 39 41 42
11 11 12 14 15 17 19 20 22 23 28 30 31 32 33 36 38 40
12 13 15 16 18 19 20 21 22 24 26 28 33 34 36 37 39 40 42
13 14 16 17 18 19 25 28 32 33 34 35 36 39 41 42
14 14 15 17 18 19 22 24 25 26 28 29 30 31 33 36 37 39 40 41
15 16 18 21 22 26 29 30 31 32 33 38 39 40
16 19 20 21 23 26 27 30 31 35 38 40 41
17 21 22 27 29 32 33 35 36 37 39 40
18 36 37 39 41 42 40 19 21 22 25 26 27 28 29
19 20 22 23 24 25 27 30 33 34 38 39 40 41
20 23 24 25 27 30 31 32 33 34 35 36 37 39
21 22 23 25 26 27 28 31 35 36 38 40 41 42
22 35 38 41 24 36 27 28 30 31
23 35 36 37 42 34 40 24 25 29 30
24 25 26 27 30 31 32 35 38 39 40 42
25 32 36 37 41 26 27 28 29 31
26 27 28 29 30 31 32 33 39
27 35 40 28 30 31
28 29 30 32 34 35 37 38 40 41
29 32 33 37 38 42 36 35 30 31
30 35 36 41 42
31 31 33 35 36 37 42
32 33 34 35 37 38 40 42
33 34 35 36 38 42
34 35 41 39 38
35 40
36 37 38 39 41 42
37 42 40
38 38 39 40 42
39 41
40 41
41
42
