#kunkel.py
# GMT Sat Mar 30 14:39:57 2019
# 
0 2 4 5 7 9 10 12 15 23 24 25 28 29 30 31 33 34 35 36 37 38 40 42
1 3 4 5 8 9 10 12 16 17 18 19 24 25 26 27 29 30 33 36 38 39 40 41
2 3 4 5 6 11 12 13 14 19 21 25 26 27 28 32 33 35 36 38 39 40 42
3 5 6 7 40 9 10 39 12 13 14 16 19 20 21 41 38 28 30 37
4 4 6 12 14 17 18 20 21 23 24 26 30 31 33 34 35 37 39 40 41 42
5 6 7 8 9 10 39 15 40 19 20 21 41 24 25 27 42 35
6 7 8 9 13 16 20 21 23 25 26 27 28 31 32 33 36 38 39 40 41 42
7 11 14 15 17 18 22 23 24 25 26 27 28 29 34 35 37 39 41 42
8 8 10 11 12 16 19 21 22 23 25 26 27 33 34 35 37 39 40 41 42
9 9 10 16 17 21 22 23 25 28 29 30 31 33 34 35 37 38 41 42
10 10 12 16 17 18 19 21 22 23 24 25 26 27 34 36 37 41 42
11 14 17 18 20 21 22 24 25 28 29 31 32 33 37 38 39 40 41 42
12 13 15 16 18 19 21 27 28 29 32 34 36 39 41 42
13 32 33 36 37 39 41 15 16 18 35 20 22 23 26 38 29 31
14 15 16 17 21 22 24 27 28 29 30 34 36 37 38 40 41 42
15 16 17 18 20 21 23 24 25 26 27 29 30 32 33 36 37 39 40 42
16 20 22 23 24 26 27 29 32 35 37 38 39 40 41
17 19 20 21 22 24 25 26 30 31 32 34 36 38 39 41 42
18 23 25 26 27 28 29 30 31 32 36 37 38 39 40 42
19 20 21 23 25 27 28 29 31 32 33 34 35 38 40 41
20 22 24 26 27 29 30 32 34 35 36 37 38 39 41 42
21 30 31 32 36 37 38 39 40
22 23 24 26 27 29 30 33 35 36 37 39 40 42
23 25 26 29 32 33 34 35 36 40 41
24 28 31 33 34 35 38 39 40 41 42
25 28 29 31 32 33 37 40 42
26 27 31 34 35 37 40 41 42
27 28 30 31 33 34 36 39 42
28 33 38 40 42 34 39 30
29 31 32 34 35 38 39 41
30 32 33 35 36 39 40 41 42
31 34 35 36 37 38 39 40 41
32 37 39 40 41 42
33 35 36 37 39 40 42
34 34 36 39 40 41 42
35 37 38 40 42
36 38 39 40 41 42
37 39 40
38 39 40 41 42
39 39 41
40
41 42
42
