#kunkel.py
# GMT Sat Mar 30 14:40:03 2019
# 
0 1 2 4 5 7 8 9 10 11 12 15 16 19 20 21 22 25 27 28 29 31 32 33 36 37 38 39 40 42
1 1 3 4 5 6 8 9 11 13 15 16 17 18 19 20 21 22 24 25 26 27 28 30 32 33 34 35 36 38 39 40 41 42
2 2 3 4 8 9 12 14 15 17 18 19 20 21 22 23 24 25 26 28 31 32 33 35 36 37 38 39 40 41
3 4 7 9 11 12 13 14 15 16 17 19 20 21 24 26 27 28 29 31 33 34 35 36 37 38 41 42
4 4 5 8 11 13 14 15 16 17 18 19 20 21 22 24 25 26 27 28 29 30 31 32 33 35 36 38 39 42
5 6 7 8 9 10 11 12 13 16 17 18 19 20 22 23 24 25 26 27 28 30 31 32 33 35 37 38 39 41 42
6 9 10 11 12 14 15 16 17 18 19 20 21 22 23 24 25 26 27 28 29 30 32 34 36 37 38 41 42
7 8 10 11 12 13 14 15 16 17 19 21 22 23 24 25 26 28 29 30 31 33 34 35 36 37 38 39 40 42
8 9 10 11 12 15 19 21 23 24 25 26 28 30 36 37 38 39 40 42
9 15 18 19 20 23 24 25 30 33 34 35 38 39 40 41
10 11 12 14 15 17 22 23 24 25 27 29 30 31 33 34 36 39 41 42
11 11 12 14 16 17 18 19 20 22 26 28 29 34 36 37 41
12 13 15 18 20 21 23 24 25 27 28 31 35 36 37 40 41 42
13 13 14 18 19 21 22 24 25 27 28 29 32 33 36 37 38 40 42
14 14 17 18 20 23 24 25 26 27 30 33 35 36 41 42
15 16 17 23 24 25 27 28 31 32 33 38 39 40
16 17 18 21 22 23 25 26 29 30 32 33 34 37 39
17 18 22 24 28 29 30 32 37 38 40 42
18 19 21 24 25 29 32 33 38 39 41 42
19 20 23 24 28 29 31 32 35 37 39 40 41 42
20 22 23 24 25 29 30 32 33 34 35 36 37 38 40
21 23 24 26 27 28 31 32 34 35 37 42
22 23 25 26 28 29 30 31 35 38 40 41
23 26 30 31 32 33 35 36 39 40
24 25 29 31 33 35 36 38 39
25 29 30 32 35 36 39 40 41
26 29 31 32 33 34 38 39 41 42
27 34 41 37 36 38 28 29 30 31
28 29 30 33 34 35 38 40 41
29 30 33 34 38 39 42
30 31 32 34 35 36 37 41
31 33 34 35 37 39 42
32 32 33 34 36 37 38 40 41 42
33 36 37 40 41 42
34 36 38 39 40 41
35 37 40 42
36 37 38
37 42
38 39
39 41 42
40 40 41 42
41
42
