#kunkel.py
# GMT Sat Mar 30 14:40:04 2019
# 
0 1 3 4 5 8 11 13 16 17 19 21 22 25 26 28 29 30 32 34 36 38 41
1 3 36 37 8 9 10 12 15 17 18 19 20 21 22 23 24 40 27 28 31
2 3 5 6 7 8 10 13 15 16 17 21 23 24 25 27 29 33 35 36 37 38 41 42
3 3 4 5 8 9 10 11 13 16 19 20 27 29 30 31 33 34 36 37 38
4 4 6 7 10 12 13 14 16 18 19 20 22 23 24 26 29 31 33 34 38 39 41
5 32 37 35 7 40 41 10 11 15 16 19 22 23 25 27 28 39 31
6 42 33 38 7 10 13 18 19 20 21 22 23 24 25 26 27 29 30 36
7 8 9 14 17 20 21 23 24 26 27 29 31 32 34 35 37 40 41
8 32 41 39 12 13 14 15 16 34 18 25 26 27 28 36
9 10 11 12 13 14 16 17 20 21 22 23 24 28 29 31 32 34 37 39 41 42
10 39 38 41 12 34 17 40 21 23 24 26 27 29 31
11 15 16 18 20 21 26 27 28 30 31 32 33 34 35 37 38 39 42
12 13 14 15 17 20 21 22 25 27 28 30 32 33 34 37 40 41
13 13 14 18 19 21 23 25 27 29 31 32 33 37 39 40
14 32 35 37 16 18 20 41 23 24 25 28 29 30 36
15 18 20 21 22 23 25 26 28 29 31 33 34 35 36 39 41 42
16 18 22 24 25 28 29 30 31 35 36 38 39 41
17 17 18 19 23 25 26 28 29 30 31 32 34 36 37 38 40 42
18 21 22 24 26 28 29 30 31 38 40 41 42
19 32 41 42 39 35 20 23 25 33 38 29 30 36
20 32 33 41 21 23 36 38 42 30 35
21 22 23 25 26 28 29 31 34 36 37 38 40
22 23 24 26 28 30 32 33 36 37 38 41 42
23 24 27 28 30 32 33 34 39 42
24 33 40 39 25 26 38 28 30 37
25 36 39 42 40 26 27 37
26 27 28 31 33 34 35 37 39
27 41 33 40 39 37 30 31
28 35 32 42
29 30 32 34 37 39 40 42
30 33 35 36 37 40 41 42
31 32 33 35 36 39 40 42
32 33 34 36 40 41
33 35 38 42
34 34 35 38 39 41 42
35 36 38 40 42 39 37
36 38 39 40
37 39 40
38 39 40 41 42
39 40
40
41 42
42
