#kunkel.py
# GMT Sat Mar 30 14:40:12 2019
# 
0 33 2 35 37 38 8 9 10 15 16 17 42 20 22 41 24 25 27 28 29 31
1 6 8 11 12 16 17 18 21 22 23 24 25 27 28 31 33 34 35 38 40 41 42
2 2 4 6 7 8 16 17 18 19 23 24 26 27 30 31 35 36 37 38 40 41 42
3 4 5 8 10 11 12 13 15 16 18 20 21 22 23 24 25 28 30 34 35 36 37 38 39 40 42
4 6 7 8 14 15 16 19 21 25 26 28 32 34 36 37 38 39 40 41 42
5 7 9 11 12 14 18 19 21 22 24 26 27 28 29 31 32 35 37 38 39 41 42
6 32 37 7 8 39 13 14 16 17 19 20 21 40 24 25 26 30 31
7 9 10 11 14 16 17 18 24 25 26 27 30 32 34 35 36 39 40 41 42
8 10 13 15 17 18 20 21 22 23 25 28 30 32 34 38 41 42
9 13 14 18 19 20 22 23 25 26 29 30 34 35 36 37 38 39 40 41 42
10 10 11 13 14 15 16 17 21 24 25 28 29 30 34 36 38 39 40
11 13 14 15 16 21 23 24 25 26 27 29 30 33 36 37 38 39 41 42
12 13 15 16 18 19 20 24 27 28 29 30 31 33 34 36 37 40 41 42
13 14 16 17 19 20 24 26 27 28 30 35 36 38 39 41 42
14 14 15 16 17 18 20 21 23 24 25 26 28 29 32 35 39 41 42
15 18 19 20 22 25 30 31 32 33 36 37 38 39 41 42
16 16 17 19 20 23 27 32 33 34 35 37 38 41 42
17 18 19 20 22 25 29 30 31 34 35 36 37 39 40 41
18 19 21 22 25 26 29 32 35 36 37 38 39 40 41 42
19 21 25 26 30 32 33 34 35 38 39 40 41 42
20 21 23 24 26 27 31 32 33 36 39 40 41 42
21 22 24 26 27 28 30 32 33 36 37 38 39 42
22 34 36 38 39 42 35 40 29 30 37
23 24 28 29 30 32 33 34 35 36 37 38 39 40 41 42
24 29 31 33 34 35 38 40 41
25 27 28 33 35 38 39 40 41 42
26 27 28 29 31 32 33 36 38 39
27 28 30 31 32 33 35 36 38 39 40 42
28 29 30 33 36 39 40 41 42
29 30 31 32 33 34 36 38 40 41
30 30 31 37 39 40 41 42
31 33 35 36 38 39 40 41 42
32 32 33 34 38 39 40 42
33 34 37 40 41 42
34 35 36 38 39 40 41 42
35 38 39 40 42
36 37 38 39 41 42
37 38 39 40 41
38 39 41
39 40 41 42
40 42
41
42
