#kunkel.py
# GMT Sat Mar 30 14:40:12 2019
# 
0 6 7 9 10 13 14 18 19 20 22 23 24 25 26 27 28 29 31 32 33 36 38 39 40 41 42
1 1 3 5 6 8 9 10 11 12 20 24 25 26 28 29 31 32 33 34 37 39 40 41 42
2 3 4 5 6 7 8 9 12 14 15 16 17 18 20 22 25 27 28 30 32 33 34 36 39 40 41 42
3 3 4 5 6 7 11 16 17 18 19 21 22 23 24 25 29 30 32 34 35 36 38 40 41 42
4 5 9 10 11 13 14 15 17 18 19 22 23 30 32 33 34 35 36 37 38 39 41
5 6 7 11 12 13 14 16 18 19 23 24 26 31 32 34 35 36 37 38 40 42
6 9 13 14 15 17 19 20 21 23 24 28 32 33 34 35 36 37 41 42
7 9 11 13 14 15 16 17 19 20 21 22 24 25 33 34 35 36 37 38 39 40 41 42
8 35 36 33 40 41 42 39 12 14 16 18 21 22 23 24 26 27 31
9 15 17 19 21 24 25 26 30 31 32 33 34 35 36 37 38 40 41 42
10 11 13 15 16 17 23 24 25 28 29 30 31 32 33 34 35 36 37 38 39
11 12 13 14 17 19 20 21 24 25 26 30 32 33 34 35 36 37 38 39 40 42
12 14 18 19 20 23 24 25 26 28 29 31 32 33 34 35 36 37 38 39 40 42
13 15 17 18 20 21 22 25 26 27 28 32 35 36 37 38 39 40 41 42
14 16 17 20 21 22 23 26 27 28 31 34 35 36 38 40 41
15 17 18 19 21 25 27 28 29 30 31 32 36 37 38 39 41 42
16 18 19 21 22 27 28 32 33 34 35 36 37 38 39 40 42
17 18 20 23 26 29 31 34 35 37 38 39 40 41 42
18 21 25 26 27 29 31 33 35 36 37 38 40 41 42
19 22 24 29 30 32 33 34 35 36 37 38 40 41 42
20 20 22 23 25 31 32 33 34 35 36 38 39 40 41 42
21 25 26 27 29 30 34 36 37 38 39 41 42
22 23 27 28 29 30 32 33 34 35 37 40 41 42
23 24 27 28 32 33 35 36 37 38 39 41 42
24 24 26 27 30 32 33 34 36 37 38 39 40 41 42
25 26 27 28 31 32 35 36 37 38 39 40 41
26 27 29 30 32 33 38 39 41 42
27 29 31 32 33 34 36 37 39 40 41 42
28 29 31 32 33 34 35 36 37 38 39 40 41 42
29 31 32 33 34 35 36 37 38 39 41
30 32 33 35 39 40 34 41 42 31
31 33 35 36 37 38 39 40
32 34 39 40 42
33 34 35 38 39 40
34 37 39 40 41
35 36 38 40 41 42
36 37 40 42
37 37 38 39 40
38 39 40 42
39 41
40 41 42
41
42
