#kunkel.py
# GMT Sat Mar 30 14:40:15 2019
# 
0 2 8 9 11 12 14 16 18 21 23 24 25 26 27 31 32 33 34 35 36 38 39 40 41 42
1 4 6 8 12 15 16 19 20 21 22 23 24 26 27 28 30 31 34 35 36 37 39 40 41 42
2 6 7 9 11 12 14 15 19 20 21 24 25 26 27 28 30 33 34 36 37 38 41 42
3 4 6 7 9 10 11 12 13 18 19 20 21 23 24 25 27 29 30 32 33 34 35 37 39 40 41 42
4 4 5 6 9 10 16 18 19 21 22 24 25 26 27 29 30 31 33 35 36 37 38 40 41 42
5 7 11 13 14 15 18 19 21 22 23 24 25 27 29 30 33 34 35 36 37 38 40 41 42
6 8 12 15 20 22 25 27 29 30 32 33 34 36 37 38 39 40 42
7 7 8 9 11 12 15 16 19 20 21 23 25 26 27 28 29 33 34 35 36 38 39
8 10 11 13 17 21 22 23 24 25 27 31 33 35 36 37 38 40 41 42
9 11 14 17 18 20 23 24 26 27 28 29 30 32 33 34 35 37 38 40 41
10 10 11 12 14 16 18 22 23 25 26 28 33 34 35 36 37 38 39 41 42
11 13 14 18 20 21 26 27 30 32 33 34 38 39 41 42
12 15 17 18 20 22 23 24 27 29 30 32 33 34 35 36 37 38 39 41
13 14 15 16 17 18 20 22 24 25 27 29 30 31 33 34 35 36 37 38 40 41 42
14 14 16 19 20 22 25 28 29 30 31 32 34 35 36 37 38 40 41
15 16 21 23 24 27 28 30 31 32 33 34 35 36 37 38 39 40 42
16 18 20 21 23 24 26 28 29 30 32 33 34 35 36 37 39 40 41 42
17 18 19 20 21 22 23 24 29 30 31 32 33 34 35 36 37 38 39 40 42
18 19 20 21 28 29 31 33 35 38 39 40 41 42
19 19 21 23 24 26 28 29 30 31 33 34 35 36 37 38 41 42
20 23 25 26 27 28 30 33 34 35 36 39 40
21 21 22 25 29 32 33 34 35 36 37 38 39 41
22 24 25 26 28 29 32 33 34 35 36 37 40 41 42
23 24 25 26 28 31 32 33 37 38 39 41 42
24 25 27 28 29 32 33 34 36 37 39 41
25 26 27 31 34 35 36 37 38 42
26 28 33 34 35 36 39 40 42
27 30 34 35 37 39 40 41
28 29 34 35 36 37 38 39 40 41 42
29 32 33 35 36 37 38 39 40 42
30 36 37 38 40 41 42
31 32 33 34 35 36 38 39 40 41 42
32 33 37 39 41 35
33 35 36 37 38 39 40
34 36 37 38 39 40 41 42
35 36 37 38 40
36 38 39 40
37 37 38 39 41 42
38 39 41
39 40 41
40 42
41 41 42
42 42
