#kunkel.py
# GMT Sat Mar 30 14:40:16 2019
# 
0 1 3 4 5 8 11 13 16 17 19 21 22 25 26 28 29 30 32 34 35 36 38 39 41
1 3 8 9 10 12 15 17 18 19 20 21 22 23 24 27 28 31 35 36 37 38 39 40 41
2 3 5 6 7 8 10 13 15 16 17 21 23 24 25 27 29 33 35 36 37 38 41 42
3 3 4 5 8 9 10 11 13 16 19 20 27 29 30 31 33 34 35 36 37 38 40 41 42
4 4 6 7 10 12 13 14 16 18 19 20 22 23 24 26 29 31 33 34 36 38 39 41 42
5 7 10 11 15 16 19 22 23 25 27 28 31 32 34 35 37 39 40 41
6 7 10 13 18 19 20 21 22 23 24 25 26 27 29 30 33 35 36 38 42
7 8 9 14 17 20 21 23 24 26 27 29 31 32 34 35 37 39 40 41
8 12 13 14 15 16 18 25 26 27 28 32 34 35 36 37 39 40 41 42
9 10 11 12 13 14 16 17 20 21 22 23 24 28 29 31 32 34 35 37 38 39 41 42
10 12 17 21 23 24 26 27 29 31 34 38 39 40 41 42
11 15 16 18 20 21 26 27 28 30 31 32 33 34 35 37 38 39 40 42
12 13 14 15 17 20 21 22 25 27 28 30 32 33 34 36 37 39 40 41 42
13 13 14 18 19 21 23 25 27 29 31 32 33 37 38 39 40 42
14 16 18 20 23 24 25 28 29 30 32 35 36 37 38 39 40 41 42
15 18 20 21 22 23 25 26 28 29 31 33 34 35 36 38 39 41 42
16 18 22 24 25 28 29 30 31 34 35 36 38 39 40 41
17 17 18 19 23 25 26 28 29 30 31 32 34 35 36 37 38 40 42
18 21 22 24 26 28 29 30 31 35 37 38 40 41 42
19 20 23 25 29 30 32 33 34 35 36 37 38 39 40 41 42
20 21 23 30 32 33 34 35 36 38 40 41 42
21 22 23 25 26 28 29 31 34 35 36 37 38 40 41 42
22 23 24 26 28 30 32 33 34 36 37 38 40 41 42
23 24 27 28 30 32 33 34 35 37 39 40 41 42
24 25 26 28 30 33 34 36 37 38 39 40 41
25 26 27 34 36 37 38 39 40 41 42
26 27 28 31 33 34 35 36 37 38 39 40 41
27 30 31 33 34 35 37 39 40 41
28 32 34 35 36 37 38 40 41 42
29 30 32 34 36 37 39 40 42
30 33 34 35 36 37 38 39 40 41 42
31 32 33 35 36 39 40 41 42
32 33 34 35 36 37 38 39 40 41
33 34 35 37 38 39 42
34 36 37 40 42
35 36 37 38 39
36 37 38 39 41
37 37 39 40 41 42
38 40
39 42
40 42
41 42
42 42
