#kunkel.py
# GMT Sat Mar 30 14:40:16 2019
# 
0 2 6 7 9 11 12 14 16 17 18 19 22 23 24 25 26 27 29 30 31 32 33 34 35 36 39 40
1 3 4 5 9 11 13 14 15 16 18 19 20 23 24 26 28 29 30 31 33 35 36 37 39 40 41
2 4 5 6 10 12 14 15 18 20 21 22 23 24 25 26 28 29 30 31 35 36 37 39 41 42
3 5 7 9 10 11 12 13 14 16 17 19 21 22 23 25 27 28 29 30 31 32 33 35 38 40 41 42
4 8 10 11 13 15 18 19 20 21 22 23 24 25 28 30 31 32 33 34 36 37 39 40 41
5 7 8 11 12 14 18 19 20 21 23 25 27 28 29 30 31 32 34 36 38 39 40 41 42
6 6 9 10 12 13 14 16 17 18 19 20 22 25 26 27 28 29 30 31 32 33 34 35 36 37 38
7 9 10 11 14 15 16 18 19 20 22 23 24 27 28 29 30 31 33 35 36 37 38 40 41 42
8 9 13 16 17 18 19 21 22 23 24 25 26 27 28 30 32 34 35 36 38 39 40 41
9 10 13 15 16 19 20 21 22 23 24 25 28 30 31 32 35 36 37 38 39 41 42
10 11 12 13 14 16 17 18 19 20 21 22 23 24 25 26 27 28 29 30 34 35 38 39
11 13 16 17 18 20 23 24 25 26 27 28 30 31 33 35 36 37 38 41 42
12 13 15 16 18 19 23 24 25 27 28 29 30 31 32 33 34 35 37 38 39 40 41 42
13 14 18 19 20 21 22 23 24 25 26 27 29 32 33 34 35 36 37 38 39 40 41 42
14 15 17 18 19 21 23 24 26 27 28 29 30 31 32 33 34 36 40 41 42
15 16 18 20 21 22 25 26 27 28 29 30 32 33 34 35 36 37 38 39 40 41
16 16 18 19 20 21 22 24 25 26 27 29 30 31 34 35 37 39 41 42
17 18 19 21 22 24 25 26 27 28 29 31 32 33 35 36 37 38 39 40 41 42
18 19 21 24 26 28 31 33 35 36 37 39 40 41
19 20 21 23 24 28 29 31 33 36 39
20 20 22 24 25 26 30 31 33 38 39
21 22 23 26 28 30 32 33 35 37 40 41 42
22 23 24 26 27 35 38 40 41 42
23 25 27 30 32 34 36 37 38 39 40
24 25 27 28 29 30 31 33 37 38 39 41 42
25 26 27 28 29 32 33 34 35 39 40 41
26 28 29 30 31 32 33 34 38 40 41
27 28 31 32 34 36 37 38 39 41
28 28 29 33 36 38 40 42
29 30 32 34 35 36 38 39 40 42
30 33 34 35 36 37 39
31 32 33 34 37 40 42
32 33 34 36 37 41 42
33 35 36 40 42
34 35 37 39 40 42
35 37 40 42
36 37 38 42
37 38 39 41
38 39 40
39 39 42
40 41 42
41
42
