#kunkel.py
# GMT Sat Mar 30 14:40:17 2019
# 
0 0 2 4 5 6 7 9 10 13 14 15 18 19 20 21 23 24 25 28 29 30 31 32 33 34 35 38 39 40 42
1 4 6 7 9 10 11 13 14 15 16 17 18 19 20 21 22 23 24 25 26 27 28 29 31 32 35 36 37 38 39 41
2 2 4 5 6 8 9 10 11 14 15 16 17 18 19 20 21 22 23 24 26 27 28 31 32 33 35 37 38 40 41
3 4 5 6 7 8 9 10 12 13 15 16 18 19 20 21 22 23 24 25 26 27 28 29 31 33 35 36 37 38 40 41 42
4 7 9 11 12 14 17 19 20 21 22 23 25 26 29 33 34 36 42
5 8 9 11 12 14 15 16 19 20 21 23 24 27 29 30 31 34 35 40
6 7 8 10 11 12 14 15 16 17 18 19 23 25 26 27 28 30 32 35 38
7 9 10 12 13 15 16 18 20 23 24 25 26 27 30 31 33 35 39
8 9 10 11 12 13 15 16 20 21 23 27 29 31 33 35 36 37 40 41 42
9 10 13 15 16 20 23 26 29 30 32 34 35 38 39 42
10 11 12 16 17 20 21 22 24 26 28 31 32 34 41 42
11 17 18 19 21 25 26 27 28 29 30 32 37 38 39 40 42
12 14 16 18 19 20 25 26 27 28 29 31 32 36 39 41 42
13 14 15 16 19 20 22 23 27 28 29 31 37 38 39 40 42
14 17 20 23 24 27 29 32 33 35 36 38 39 40 41 42
15 17 18 19 24 28 29 30 31 33 36 38 41 42
16 34 17 19 40 22 23 25 27 28 30
17 18 19 20 21 22 26 29 30 31 35 36 40 42
18 20 21 22 24 26 27 28 29 31 32 33 35 37 41 42
19 25 28 30 34 35 36 37 39 40
20 29 30 33 34 35 38 40 42
21 22 24 27 28 30 31 35 38 40 41 42
22 22 23 24 27 28 29 31 32 34 36 40 41
23 25 26 28 29 32 33 34 35 37 40 41 42
24 32 40 41 39 34 36 26 27 31
25 34 38 40 41 42 32 36 26 29 39
26 27 28 29 31 34 36 38 39 40 41
27 27 28 31 33 34 35 37 39
28 33 34 36 37 38 40 41
29 30 31 32 33 34 36 37 39
30 34 35 36 42 41 39 38 31
31 33 39 41
32 35 36 37 38 39 40 41
33 37 38 42 39 34 35
34 36 37 40 42
35 36 37 38 39
36 37 38 39 41
37 37 39 40 41 42
38 40
39 42
40 42
41 42
42 42
