#kunkel.py
# GMT Sat Mar 30 14:40:24 2019
# 
0 0 40 39 11 28 31 6 29 32 26 42 38 3 14 19 21 9 12 37 16 15 7
24 28 38 18 3 34 19 20 36 5 21 29 12 8 23 6 33 22 16 27 2 26
40 29 18 40 20 39 42 15 33 32 25 30 2 3 22 5 12 37 4 41 23 17 27
35 42 38 34 11 36 5 21 37 23 28 14 31 15 1 17 6 32 13 7 26
20 30 28 31 33 1 25 26 42 38 34 22 36 9 12 37 10 14 13 41 17 27
39 3 17 31 1 30 29 25 18 38 2 34 19 36 9 12 37 10 13 41 16 7
11 38 8 28 31 15 33 1 25 18 30 34 5 21 9 23 42 14 4 16 12 7
28 29 28 17 18 33 25 30 19 5 42 14 4 13 41 16 27 7
17 18 8 4 15 33 1 29 32 34 36 5 9 12 42 37 13 16
31 3 30 6 1 32 25 26 2 19 22 36 5 21 23 14 10 4 13 41 16
6 38 42 15 33 1 32 25 18 26 30 2 19 5 9 12 37 13 41
33 18 4 15 1 29 25 26 21 23 8 37 10 13 41 16
1 29 38 32 30 34 36 5 21 9 23 37 10 14 27 7
34 18 42 29 15 23 26 2 36 21 9 12 14 10 13 7
30 42 25 18 22 36 38 14 10 4 41 29 2 7
29 25 26 42 3 36 21 9 4 37 10 14 41 16
23 38 18 3 22 36 21 37 15 32 25 27 26 41
18 3 16 32 2 26 42 19 22 5 21 14 7
32 3 42 16 25 26 38 2 19 36 21 9 14 13 27 12
26 3 37 8 26 38 19 12 14 4 41 27 7
42 25 22 5 21 42 37 14 16 27 7
38 3 15 25 2 22 21 9 8 13 27
2 8 15 22 21 12 37 10 4 13 41 16 27
3 36 22 5 21 9 12 10 4 16 7
14 25 9 12 8 10 4 41
19 15 25 22 36 5 21 9 12 10 4 13 27 7
22 5 9 8 10 4 15 16 27 7
36 8 16 10 4 13 27 7
5 9 37 4 41 16 27 8
21 25 12 8 37 10 4 27 7
9 4 15 25 37 13 41
12 4 37 10 13 41 16 27
8 37 10 4 13 16 15 27 7 41
37 41 15 7
10 25 4 41 7
4 15 27
13 27 25 15
41 25 16
25
16 15 27 7
15 7
27 7
7
