#kunkel.py
# GMT Sat Mar 30 14:40:24 2019
# 
29 42 38 24 3 34 19 22 39 21 8 28 14 10 31 13 41 20 17 27 7 32
0 18 24 39 38 28 31 6 1 32 25 35 30 2 34 19 9 23 42 37 10 4 15 7
24 3 20 38 8 42 33 32 2 18 30 40 34 19 22 36 21 9 4 37 14 13 41 27
3 30 40 39 11 28 17 18 33 1 35 22 36 5 21 9 23 42 4 16 7
20 30 8 28 31 15 33 23 35 2 19 22 36 5 21 9 12 4 41 7 11
39 30 40 39 11 42 6 1 35 38 34 36 5 9 14 10 4 13 41 17 7
38 8 28 31 33 1 25 18 26 30 11 36 21 12 37 10 4 13 27
8 31 28 18 34 9 11 42 37 10 4 41 1 16 30 27 25 26
28 11 28 17 15 33 32 18 42 40 34 22 9 37 4 13 41 16 27
17 25 18 23 5 9 11 42 14 30 4 6 1 16 15 32 2 26
31 35 34 11 5 21 9 12 37 18 6 33 22 13 2 32 26
6 27 25 19 36 5 21 9 11 14 10 15 41 16 30 32 2 33
33 18 40 25 26 2 34 19 22 36 5 21 37 10 41 7
1 35 25 34 19 22 21 37 10 41 16 32 23 18 36 26
32 40 37 11 16 30 15 2 26 34 19 22 5 21 12 14 10 13
25 35 40 37 19 22 36 9 12 14 15 11 42 26 41
18 35 19 12 10 30 15 27 2 42 7 26
14 27 19 37 11 5 9 12 42 23 16 13 2 36 15
26 30 40 42 35 34 19 36 5 9 10 4 13 41 7
35 11 42 22 36 5 21 9 12 4 13 41 23 7
30 16 4 2 5 12 10 13 41 27 7
2 34 5 21 37 9 11 42 10 4 15
40 4 15 40 34 19 36 5 9 23 37 13 16 27 7
34 5 9 23 10 4 13 27 41
19 42 22 36 21 23 4 41 15 27 7
22 27 36 21 12 13 16 15 7
36 11 15 9 10 13 41 16
5 23 5 21 9 12 4 37 41 27
21 11 42 15 9 23 13 16 27
9 23 42 15
23 11 16 15 12 37 10 13 27 7
42 16 12 41 7 11
37 10 4 13 41 16 12 7
10 27 11 7 41
4 15 12 13 16 11
13 15 12 41 16 27
41 15 16
16 12 27 7
15 11
27 12 7 11
12 11 7
7
11
