#kunkel.py
# GMT Sat Mar 30 14:40:25 2019
# 
0 31 35 38 18 34 20 39 9 11 42 37 30 4 6 33 23 15 27 12 14 36
24 30 3 39 8 28 31 15 33 32 25 18 42 2 22 5 9 14 10 13 17 6 27 7
3 31 35 30 18 40 37 20 39 5 9 11 28 17 4 33 1 16 8 7 36
20 20 8 31 6 29 25 18 32 2 40 37 19 22 5 21 12 14 10 13 16 7
39 11 42 31 6 1 29 8 26 35 2 34 22 36 5 12 13 23 16 15 7
11 28 31 15 33 29 25 35 38 2 40 34 19 5 21 23 37 10 13 6 27
42 35 30 40 34 5 32 37 23 28 16 18 6 41 17 29 7 26
17 30 40 8 31 15 33 29 26 38 19 22 36 5 12 14 10 4 41 27
30 31 36 5 21 9 23 16 10 4 13 33 1 29 18 7 32
6 40 8 28 4 6 25 18 14 36 21 12 37 10 41 16 15 7
33 18 29 15 1 32 8 38 22 21 23 14 4 41 16 27 7
1 8 28 18 15 29 2 26 35 38 25 40 34 36 21 12 37 13 16
29 16 15 8 26 35 34 19 36 9 37 10 14 13 27 7
12 31 25 40 19 5 13 21 38 8 10 18 15 41 2 23
18 28 32 25 18 26 38 19 22 36 21 9 37 13
14 40 37 31 25 26 35 38 2 34 22 36 21 9 23 14 4 7
26 40 8 16 31 15 25 26 38 2 19 22 5 9 23 37
31 16 15 32 2 35 38 40 19 21 9 10 13 41 27
35 38 40 34 2 37 8 28 15 41 27 23
38 40 28 16 15 32 23 2 22 36 5 9 41 27
2 25 34 36 5 21 8 10 13 22 7
40 32 23 22 36 5 37 4 13 41
34 28 4 15 32 25 19 22 36 5 21 10 41 27
19 28 16 25 32 22 36 5 9 23 37 10 13 41 27
22 28 4 15 32 21 9 37 10 41 16
36 8 28 15 32 9 4 13 16
5 28 23 25 21 9 37 41
21 37 28 8 10 4 13 41 23 27
9 23 10 4 15 16 27 25
23 15 32 4 13 41 7
8 25 28 4 41 16 13
37 28 32 25 15 7
10 27 25 15 32 13 7
4 27 25 16 15 32 7
13 27 25 32
41 28 27 7 32
25 28 16 15 27
16 28 32 27 7
15 32 7
27 28 7
7 28 32
32
28
