#kunkel.py
# GMT Sat Mar 30 14:40:26 2019
# 
29 28 38 24 40 37 19 21 12 8 14 4 6 41 17 13 27 2 42 7 26 32
0 0 24 40 20 8 28 16 15 33 1 25 26 42 38 11 36 21 23 14 13 17 7
24 30 40 8 42 6 1 12 18 35 38 2 34 36 5 21 23 37 4 16 7
40 3 20 8 28 4 15 33 1 25 18 32 35 38 2 19 36 5 10 17 6
35 30 20 17 31 33 1 25 35 38 34 19 36 5 9 12 4 13 41 23 16 7
20 30 3 20 39 8 15 11 18 26 34 19 22 36 5 12 14 10 4 27
39 18 3 28 16 31 6 33 1 25 42 30 34 22 36 5 21 12 14 23 17 27
8 11 28 31 1 25 26 30 34 19 36 9 23 37 4 13 16 27 12
28 28 31 1 2 3 34 19 22 9 23 37 10 14 13 41 16 7
16 3 31 15 1 2 26 19 36 9 23 14 10 4 41 17 12 11
30 38 18 37 22 5 21 9 11 14 31 42 1 2 26 41
15 27 38 3 34 11 36 21 37 12 17 18 6 33 25 32 2 7
33 25 22 12 42 14 10 4 41 1 17 27 11 18 7 32 36
1 11 6 32 38 25 3 5 42 37 10 41 7
34 3 11 31 32 25 38 2 19 5 12 14 10 4 13 42 7
32 31 25 19 38 9 37 14 10 4 6 17 27 2 7 26
25 27 3 5 23 37 31 4 41 17 18 7
18 11 42 4 6 38 2 19 22 5 9 12 14 23 7
26 3 11 17 6 2 37 19 36 5 21 9 14 10 4 13
31 17 4 38 2 22 5 9 12 42 37 10 13 27
42 22 21 37 12 14 4 13 27 2 7
38 3 37 11 19 9 23 14 10 13 17 27
2 11 6 3 36 21 10 4 41 7
3 3 19 22 5 21 12 37 14 13 41 27 7
37 22 5 9 23 10 13 11
11 17 6 22 36 21 23 10 41 27
22 6 19 21 9 12 10 4 13 41 17 7
36 23 5 21 9 12 10 13 17 7
5 6 21 23 10 4 41 7
21 12 10 23 6 41 27
9 27 19 14 17 13 41 23 7
23 6 14 19 23 13 27
14 12 10 4 13 27
10 6 19 12 13 41 27
4 6 19 17 27
13 6 12 41 7
41 12 19 6 27
19 12 27
17 27 6 7
6 12 27 7
27 12 7
12
7
