#kunkel.py
# GMT Sat Mar 30 14:40:26 2019
# 
29 0 20 8 28 18 6 2 32 11 38 25 36 9 12 37 10 13 41 17 15 27 7
30 35 25 24 40 34 19 20 39 5 9 8 42 37 26 15 33 17 32 23 28 11
24 7 38 0 3 40 22 36 2 9 11 28 14 18 6 33 23 16 27 25 39
3 35 38 12 14 19 20 11 28 37 26 31 6 33 1 22 17 27 23 16 41
20 27 35 40 22 36 5 21 9 12 7 10 18 6 1 16 13 39 26
39 40 11 42 0 6 33 32 2 18 26 34 36 5 9 12 37 14 13 27
11 7 35 38 14 19 5 8 28 37 31 15 1 13 25 18 32
28 40 8 28 0 15 33 18 26 35 19 22 21 12 42 14 16 6 27
17 40 42 15 1 32 25 31 2 14 0 5 21 23 37 4 13 16 27 36
0 35 34 22 5 21 8 42 37 10 31 15 2 27 16 7
15 40 15 33 1 32 2 26 31 35 38 19 5 12 8 4 13 16 7
9 40 8 42 6 1 32 25 35 38 37 22 21 9 12 4 14 10 31 16
1 35 38 18 21 8 14 4 33 23 16 6 32 12 7 26
32 40 4 33 25 18 26 2 34 19 5 14 13 41 6 7
25 35 34 19 36 5 21 8 4 37 10 13 41 12 14
18 40 8 31 6 35 38 22 36 5 21 12 14 10 4 13 41 16
26 40 8 4 2 26 14 19 22 5 21 23 37 41 27 12
31 42 4 6 23 35 38 34 22 5 21 12 8 14 27 7
35 33 42 37 19 36 5 21 23 14 10 4 13 7
38 4 33 40 34 19 22 36 12 10 13 41 27 7
2 40 8 33 23 34 21 12 37 10 14 13 41 27 7
4 40 8 42 16 4 33 34 36 21 41 27
40 8 42 23 37 10 13 41 27
34 14 19 22 5 10 12 37 23 6 33 36 41
19 12 36 5 37 14 13 42 16 7 41
22 8 6 33 21 23 37 14 13 41 16 7
36 8 16 33 5 23 14 10 13 41 27 12
5 21 42 37 41 16
21 8 33 12 42 10 13 41 16 7
8 42 6 33 14 37
12 33 42 23 41 6
42 6 23 10 13 41 16 27
37 6 13 41 16 7
10 23 13 41 16 27 7
14 23 27 7
13 23 16 7
41 33 23
23 33 6
16 6 27
6 33 7
27 33
7 33
33
