#kunkel.py
# GMT Sat Mar 30 14:40:26 2019
# 
30 7 29 24 40 39 11 28 4 6 1 32 2 34 22 0 23 37 13 41 17 15 12 36
24 40 20 39 28 31 29 2 18 32 35 38 14 0 5 21 9 12 42 37 4 13 36
40 3 39 11 42 17 31 15 33 1 29 2 18 32 35 25 19 36 23 14 10 41 16 7
35 20 39 11 42 4 15 8 38 25 3 34 22 21 12 37 10 31 41 27 7
20 29 3 20 28 0 15 32 25 18 38 34 19 22 5 23 14 10 31 13 17 27
39 3 11 16 31 33 1 32 26 19 22 36 5 9 12 37 10 13 17 7
11 18 38 0 4 34 22 5 9 12 42 10 6 41 16 15 23 8
28 29 3 8 16 18 15 33 2 26 38 25 34 19 36 12 13 41 17 6 7
17 29 16 4 15 33 32 2 26 25 14 19 22 21 9 12 37 17
0 29 5 23 42 10 31 13 33 2 22 16 32 12 18 27 26 41
6 38 29 1 36 2 8 12 42 14 10 31 13 41 23 27 25 7 33
33 29 8 4 1 2 18 3 34 5 21 9 12 14 10 31 13 41 27 7
1 7 38 14 22 5 21 9 8 4 37 31 16 15 32 36
34 3 31 15 25 18 26 19 5 21 9 12 37 4 13 41 27
29 19 5 4 12 42 14 10 31 16 25 26 41
25 3 4 32 26 38 36 9 12 42 37 10 13 41 15 7
18 15 23 42 19 22 36 21 12 8 14 10 13 41 16
32 3 15 23 38 37 36 5 21 9 12 14 13 27
26 3 8 16 15 2 38 22 36 5 21 9 14 10 27 7
31 7 3 4 23 42 14 22 16 15 36
42 12 2 19 5 21 4 37 23 16 27 36
38 8 37 19 22 36 5 12 14 10 15 27 7
2 3 8 4 37 19 22 5 21 23 14 10 41
3 14 21 9 8 37 13 16 27 41
37 5 9 12 10 23 13 27 8
19 8 4 15 23 36 21 9 12 14 10 41 27
22 12 21 8 16 10 15 36
36 8 9 4 41 27 7
5 8 15 21 12 10 23 7
21 8 4 15 14 13 16 7
9 7 4 10 14 13 27 41
12 23 14
8 14 23 16 27
14 16 4 23 7
10 4 23 13 41
4 16 15 23 4 27
13 7 16 27 41
41 7 27
23 16 27 7
16 27 7
15 27 7
27 7
7
