#kunkel.py
# GMT Sat Mar 30 14:40:27 2019
# 
0 38 18 24 26 19 22 5 2 9 12 28 10 31 15 33 1 16 27 25 7 11
24 29 40 39 8 42 17 4 6 33 30 32 18 28 38 3 19 5 9 12 10 16 7
3 40 8 28 4 15 1 32 25 38 34 22 36 5 12 14 10 31 13 41 23 17 27
35 38 30 40 19 13 39 23 2 9 12 42 37 8 31 15 1 17 6 25 18 36
20 29 39 42 4 15 33 1 18 26 38 34 22 36 5 21 23 10 31 13 41 17 7
39 30 40 39 11 16 4 15 8 26 2 14 22 36 12 37 31 13 41 17 6 7
37 38 30 34 22 5 21 9 23 28 31 6 42 25 16 13 32 2 26
11 29 40 28 16 31 6 33 1 30 32 2 18 38 19 5 21 9 12 41 17 36
28 30 42 4 15 1 32 25 18 26 34 19 22 36 5 13 16 6
17 38 30 40 34 5 2 42 14 15 41 1 27 8 36 26
31 42 4 33 1 25 18 26 38 34 21 9 12 8 10 13 16 27 7
15 30 40 8 16 1 32 25 26 34 19 22 5 42 10 13 27
33 38 30 40 10 9 42 14 8 41 1 22 16 27 12 18 7
1 29 34 19 36 2 14 23 22 27 8 7
30 29 42 16 32 25 38 22 21 9 23 10 41 27
29 4 6 32 23 18 26 25 2 34 21 9 12 8 10 13 16 7
2 42 4 8 18 26 25 21 9 23 14 10 13 27 36
18 12 40 19 5 21 10 13 42 16 25 26
32 6 38 40 34 19 5 21 9 23 10 14 13 41 7
26 40 6 23 34 21 9 12 4 13 41 27
42 40 8 25 22 36 9 14 4 13 41 6 27 7
38 14 36 21 9 10 13 22 8 7
25 14 40 34 22 5 9 23 4 41 16 7
40 23 19 5 21 9 12 14 6 7
34 14 19 36 5 9 12 6 8 7
19 8 4 6 19 36 23 10 13 41 27 12 7
22 8 4 5 9 23 14 10 6 36
36 5 21 9 14 13 41 27 7
5 4 21 7 16 12
21 14 10 13 41 23 27
9 6 10 13 16
12 14 10 6 16 27 41
8 10 4 13 7 41
14 27 7 16 23 6
10 4 41 6 27
4 4 6 23 13 41 16
13 41 16 27
41 6 16 27 7
23 7 6 27
16 7
6 27
27 7
7
