#kunkel.py
# GMT Sat Mar 30 14:40:28 2019
# 
7 24 3 20 39 11 28 17 4 15 33 2 26 38 25 19 36 9 37 10 31 16 27
29 30 24 40 8 16 0 6 33 1 32 25 18 26 35 14 19 22 36 5 9 37 10 41 17 15
24 24 3 42 16 31 15 33 1 30 23 18 26 35 38 2 34 22 36 21 12 17 27
3 0 40 20 39 8 42 18 6 33 2 35 25 34 5 9 12 37 14 13 16
20 35 38 0 40 22 36 11 42 14 10 4 15 33 2 16 32 23 28
39 30 40 42 4 15 33 1 25 26 28 34 19 0 5 12 14 13 41 16 27
11 30 42 16 4 15 1 32 18 26 35 14 19 22 0 9 23 37 41 17 27
42 0 8 4 6 33 1 32 25 26 36 21 9 12 37 10 31 27
17 38 40 19 36 5 9 28 6 10 31 13 41 1 15 27 2 26
31 30 40 28 4 6 1 32 25 18 26 35 34 22 0 21 9 10 16 15
15 30 16 33 12 32 35 38 19 5 21 23 37 10 41
33 0 19 4 8 23 37 30 13 1 25 36 32
1 30 22 5 12 37 26 0 6 2 13 27 16 41
30 40 8 28 4 32 18 35 25 34 36 12 37 10 41 23 16
32 35 38 4 34 9 10 13 23 2 8 26 41
2 38 0 40 34 19 23 21 8 14 10 4 6 22 25
18 40 19 22 36 21 9 28 14 6 23 16 25 8 27 12
26 28 4 6 8 38 34 5 21 23 37 14 13 41
35 6 8 25 34 19 22 21 9 12 14 13 41 16
38 0 40 28 4 25 22 36 21 12 37 13 41 6 27
25 0 6 34 22 36 21 12 37 10 41 23 16 27
4 40 28 19 22 9 12 8 37 13 27
40 8 16 0 34 19 21 9 12 14 10 13 27
34 8 28 14 19 22 36 21 23 37 10 13
19 12 22 21 37 28 14 0 13
22 8 28 0 6 5 14 10 13 27
0 36 5 12 37 13 41 23 16
5 37 13 9 12 28 14 10 6 41 27 23 8
21 36 23 8 12 14 10 13 27
9 6 8 28 9 23 37 10 41 16 27 12
12 28 36 14 10 13
8 36 37 6 27
37 6 36 23 27
10 28 6 14 23
14 28 6 23 36
13 16 27 41
41 27 23 28 6 36
23 36 16
16 28 16 27
6 27
27 28
36 28
28 28
