#kunkel.py
# GMT Sat Mar 30 14:40:28 2019
# 
0 18 24 3 40 37 19 20 36 21 23 14 26 29 6 41 1 22 16 13 25 2
24 42 30 4 11 20 36 5 12 28 14 10 31 33 1 22 17 32 25 18 29
40 3 39 8 42 31 6 32 2 26 35 38 14 19 36 5 9 37 15 27 7 11
35 30 3 20 42 31 33 1 29 32 28 38 34 19 22 5 21 12 4 13 41 27 7
20 30 3 8 42 31 6 23 26 36 37 22 21 12 14 4 13 16 15 27 7
39 38 30 19 5 21 8 11 4 37 10 31 15 33 1 17 25 7 16 41
38 29 28 18 15 33 32 25 26 38 34 5 21 23 37 14 13 41 27 7
11 27 7 30 34 9 23 4 37 31 14 41 17 13 32 25 36 26
28 25 34 22 21 29 9 42 37 14 15 33 1 17 27 2 18 32 16
17 7 42 30 12 3 34 36 21 8 37 14 6 41 16 27 2 32
18 3 8 42 4 6 33 1 30 29 26 34 22 36 21 23 13 15 27 7
6 3 34 5 21 8 37 26 31 13 41 22 15 29 23 14 32
33 29 3 8 4 32 2 26 25 19 9 12 42 14 10 41 23 16
1 8 4 15 23 34 19 22 5 21 9 12 14 10 13 41 16 27
34 42 30 32 25 26 2 14 19 22 36 5 12 8 37 10 41 7
9 42 4 15 2 26 3 36 5 21 9 23 14 10 41 16 12 7
29 3 31 30 2 25 37 19 22 36 5 21 14 4 15 7
25 30 23 26 2 22 36 5 12 10 41 16 27 7
32 31 2 26 19 36 5 21 12 4 37 14 13 15 27
26 4 30 23 2 21 12 13 41 16 7
42 30 8 16 23 2 19 5 12 42 37 10 27
30 4 15 2 19 22 36 31 13 41 27
2 8 16 19 5 21 23 4 13 41 27
3 19 21 8 14 10 23 22 15 27 13 7
14 16 31 19 22 36 5 13 41 27
19 22 21 12 37 10 31 16 7
22 36 5 8 10 16 13
36 15 8 12 37 4 13 41 7
5 31 23 16 15 27 12
21 8 4 21 12 16 7
8 4 23 10 31 41 27 7
23 4 12 31 13 41 23
4 15 10 31 7
37 31 12 10 41 16 15 27
10 12 31 13 16 27 7 41
31 15 12
13 41 15 27
41 15
16 12 15
15 7
27 12 27 7
12
7
