#kunkel.py
# GMT Sat Mar 30 14:40:28 2019
# 
29 38 30 24 40 14 20 39 5 12 8 37 10 4 6 22 16 15 32 25 17 7
24 35 38 40 3 34 19 22 36 9 7 15 10 18 6 1 17 30 27 25 32
40 20 39 11 42 31 6 33 23 35 38 2 34 36 21 9 12 14 10 15 7
20 3 42 17 18 6 33 1 2 26 35 38 25 19 22 36 5 14 13 41 16 7
39 30 3 42 31 15 33 1 2 32 28 35 0 5 21 23 14 10 4 26 27
8 30 11 28 0 6 33 25 32 2 34 19 22 5 21 9 12 37 10 14 41 17
42 35 0 3 34 5 9 11 28 37 10 31 6 41 13 27 18 14
17 31 25 30 19 0 5 9 12 28 37 13 41 23 22 32 2 18
4 0 3 11 15 33 32 25 18 38 2 34 19 22 5 21 37 10 41 16 27 7
15 3 11 28 6 30 26 38 34 22 36 9 12 37 31 13 41 16 7
33 0 28 30 2 18 26 35 38 34 11 22 36 5 21 12 37 13 23 27 7
1 0 11 28 18 1 32 2 26 35 25 34 22 36 21 23 37 10 13 27 12 7
34 0 3 6 32 18 28 35 19 22 36 37 10 41 27
30 7 38 3 22 5 21 13 10 31 6 32 25 18 27
32 3 11 6 2 18 38 25 36 23 14 31 41 16 7
25 35 38 0 12 3 36 5 21 11 22 7 28
18 6 23 35 38 22 5 9 12 10 31 41 27
26 7 38 3 37 19 21 9 12 28 14 6 22 16 27 23 36
36 11 28 31 6 2 38 5 21 9 23 10 13 41
35 38 19 5 2 37 9 23 14 31 16 41
38 14 11 37 13 22 16 7
2 6 14 19 21 9 23 37 31 13 16 27
3 11 28 19 22 5 21 14 10 31 13 41
37 0 11 28 5 9 12 14 13 16
19 0 6 23 19 5 9 12 14 10 31 13 41 7
22 11 28 16 6 9 23 41
0 5 21 11 10 31 41 27 7 16
5 11 28 9 12 27 7
21 28 6 31 9 12 10 13 41 16 27 7
9 28 23 14 12 41 16 7
12 11 6 14 23 10 13 41 27
14 7 23 6 13 27
10 28 31 23 13 7
31 7 11 13 41 16
13 28 23 16 7
41 11 16 6
23 27 11 16
16 7 11 27
6 28 6 27
27 11 7
7 28
11
28 28
