#kunkel.py
# GMT Sat Mar 30 14:40:29 2019
# 
29 24 40 20 17 4 6 33 1 32 25 38 36 21 9 10 31 13 41 16 15 27 7
24 30 3 20 39 11 4 15 33 32 38 34 22 5 21 23 14 10 31 13 41 16
40 35 7 19 20 0 5 9 12 28 14 31 13 41 2 22 27 25 39 26 11
20 30 20 39 11 28 31 15 25 32 38 14 19 22 5 21 9 23 37 4 12
39 18 3 11 28 4 15 32 25 26 35 34 19 22 36 12 42 37 13 41 16
11 3 8 42 17 31 15 2 26 38 25 11 22 5 21 23 10 41 16 7
28 35 30 18 34 19 5 21 9 42 14 31 13 26 1 22 15 25 2
17 3 42 4 6 33 1 32 8 35 25 34 19 21 9 23 37 31 13 41 16 27 7
4 30 8 42 16 4 15 33 1 18 26 19 36 5 21 9 23 14 27 7
6 27 35 30 12 3 22 5 21 9 8 10 31 15 33 1 25 18 32
33 35 38 0 3 34 19 9 12 14 10 41 13 27 23 18
1 8 16 32 2 26 35 38 25 34 22 36 21 9 12 14 10 7
8 30 12 14 26 35 38 2 34 36 5 21 23 37 31 13 41 27
30 35 38 0 3 34 19 36 37 10 31 15 27 2 14 26
32 0 3 42 2 18 26 38 25 19 22 5 10 13 16 27
25 0 34 19 5 9 12 15 41 22 23 27
18 0 3 35 34 19 22 36 5 21 23 14 10 31 13 41 7
14 2 35 34 22 0 12 42 37 10 13 41 16 7
26 3 31 15 2 35 38 34 19 0 21 9 12 42 10
35 3 22 5 9 42 37 13 23 36
38 7 12 3 36 9 42 37 0 13 2 41
2 7 36 5 9 42 37 10 31 41 23 27
3 22 5 21 12 37 10 13 41 15 7
34 7 16 31 15 42 0 21 9 23 13 41 27 36
19 5 21 9 12 16 0 13 7 41
22 31 21 9 42 37 13 16 27 7
36 31 12 23 5 21 42 37 15 27 7
5 21 9 12 13 41 15 27
21 0 31 42 37 16
9 0 16 31 9 23 42 37 13
0 15 23 12 37 10 13 41 16 27 7
42 27 7 23 37 16
37 16 31 15 12 10 41 7
10 23 31 15 16 27
31 27 7
13 15 23 27
41 16 12 7
23 15 27 7
16 16 12 27
15 7 15 12
27
12 7
7
