#kunkel.py
# GMT Sat Mar 30 14:40:29 2019
# 
18 35 38 2 3 40 34 19 20 36 8 4 37 10 31 6 41 15 32 25 14 11
29 35 38 3 19 20 39 5 21 9 11 28 31 13 41 1 2 42 7 26 33
24 7 35 38 0 40 11 22 23 12 4 14 31 15 33 25 16 27 8 32 26 41
3 39 8 28 4 15 1 30 23 38 19 22 36 9 0 37 10 13 41 12 11
20 42 0 4 34 22 36 5 2 11 28 10 13 33 1 17 15 32 25 27
39 42 30 4 34 11 5 9 12 28 37 41 2 16 32 8 17 14 26
37 35 34 11 22 21 8 42 17 10 4 6 33 16 15 27 12 36 32
11 38 14 19 9 23 10 6 33 1 16 13 2 36 26
28 0 40 34 5 2 12 4 14 10 31 15 33 1 8 23 41
17 40 8 4 33 25 14 35 38 34 19 22 36 5 9 12 10 31 16 27 7
31 35 30 34 22 5 21 9 23 14 10 6 42 15 32 25 7
6 0 42 1 32 2 35 38 34 19 22 36 5 21 9 8 14 41 16 7
33 30 8 0 15 1 32 35 38 34 19 22 36 9 23 13 41 27 7
1 30 40 8 32 12 38 34 19 36 5 21 23 10 13 41 16 7
30 7 30 40 42 32 25 26 38 34 19 0 21 9 12 41 16 36
32 40 8 42 25 35 0 5 21 9 14 10 4 36
2 0 40 8 42 25 38 19 5 21 9 12 13 15 27 7
8 0 16 4 26 40 19 22 10 41 27
26 40 42 4 15 25 35 38 19 0 5 21 12 14 13 41 16
36 35 38 40 19 42 0 16 25 27 12
35 41 34 5 21 9 12 4 10 16 13
38 40 42 4 38 25 34 14 10 41 15 7
25 16 0 19 22 5 21 12 14 13 23 27 7
40 0 15 34 19 5 9 10 41 16 27 7
34 42 23 19 0 12 10 41 27
19 42 21 9 23 14 10 4 13 27
22 0 13 21 9 42 23 15 27 7 16 41
0 42 5 23 13 16 27 12
5 16 21 12 14 4 13 15
21 42 9 23 10 41 16 15 7
9 42 4 23 14 13 12 7
23 12 14 15 16 27 7 41
42 10 4 13 27
14 4 13 41 16 15 27
10 16 4 15 13
4 7 27
13 15 12 41 27 7
41 12
16 16 15
15 12 27 7
27 7
12 7
7
