#kunkel.py
# GMT Sat Mar 30 14:40:30 2019
# 
7 35 24 40 3 34 19 22 39 5 9 12 28 14 10 31 33 16 42 2 8 17
30 38 0 1 40 34 19 20 2 9 11 37 10 29 13 41 23 22 27 25 32
24 29 40 0 6 1 23 31 35 38 25 34 36 21 9 12 37 4 13 41 17 15
3 0 39 11 42 31 33 29 2 18 32 28 35 38 25 22 5 21 9 23 37 10 27
42 39 8 28 17 4 33 25 26 38 40 34 19 5 21 37 14 13 41 16 27
20 35 38 29 19 22 39 5 21 28 12 8 14 10 31 6 41 1 17 25 16
39 29 40 4 6 32 2 18 26 35 38 19 5 21 9 23 14 10 16 15
37 40 11 4 15 1 2 18 26 28 38 34 19 36 5 9 31 13 41
11 11 16 0 15 25 18 14 26 31 35 38 34 19 22 5 12 10 4 13 17 6
28 0 34 19 36 21 8 12 10 4 6 33 1 17 32 23 2
16 31 33 1 32 2 26 38 34 22 5 9 12 14 10 41 17 27
29 18 6 33 1 32 2 26 38 25 40 21 9 12 14 13 41 17
6 0 8 4 15 33 1 2 18 32 35 25 36 5 21 13 17 27
33 40 17 4 33 2 18 35 38 22 36 21 9 12 13 26 15
1 8 0 25 18 38 34 19 22 21 9 12 10 13 23 27
32 31 23 18 32 2 0 5 9 12 10 4 41 17 15 36
2 0 23 38 25 36 9 12 10 13 15 27
18 4 8 40 22 36 5 23 14 13 41 17 27 12
26 0 8 17 4 15 35 38 25 5 21 23 31 13 41 27 12
31 8 15 38 40 19 36 5 21 9 10 41 17 27
35 38 34 19 5 21 9 10 22 17 15 27 8
38 15 34 19 22 0 41 27 36
25 40 0 22 5 21 23 8 10 41 27 12
40 34 22 23 10 15 17 13 14 41
34 15 23 22 36 5 21 12 14 41 27
19 15 23 8 36 22 0 21 9 12 4 41 17 27
22 36 5 4 23 13 27
0 12 36 8 23 14 4 17 15
5 12 14 9 27
21 8 36 21 10 4 13 41 15
9 14 23 4 13 17
12 8 4 36 13 41
8 4 36 14 10 17 27
14 4 17 10 13 41 23 27
10 15 23 13 27
4 13 36
13 15 27
41 36
23 15 36 17 27
17 27
15 15 27
27 36
36
