#kunkel.py
# GMT Sat Mar 30 14:40:30 2019
# 
29 38 0 24 19 20 39 5 9 11 42 37 10 18 13 33 2 22 30 32 23 7
0 35 38 30 24 40 19 22 5 2 9 8 14 10 4 33 23 32 25 27 11
24 30 39 8 28 17 33 1 2 32 38 19 22 36 5 21 9 12 37 4 41 23 16 7
40 39 11 28 4 6 33 8 35 19 36 5 21 23 42 14 10 31 41 16 15 27
42 30 3 39 11 28 4 6 33 1 2 18 32 26 38 34 19 12 10 17 27
20 3 39 8 16 4 6 1 32 12 35 34 19 22 9 23 14 31 13 17 27 11
39 30 11 31 15 1 25 18 32 28 34 22 36 21 23 37 10 4 13 27 7
11 17 31 6 33 32 2 26 35 38 34 22 21 9 23 37 14 16
28 38 3 4 8 12 14 10 31 6 33 1 17 32 25 36 41
17 18 31 15 33 1 25 34 19 22 36 21 9 8 37 10 13 17 27 7
4 3 18 33 1 32 25 26 22 21 23 14 10 13 41 16 27
6 18 3 31 32 2 26 35 38 19 22 36 12 14 13 41 16 27
33 19 22 36 21 9 14 13 27 23 18 32 26
1 35 38 3 34 5 9 23 37 31 15 27 25 36 32
34 38 30 14 19 5 8 37 18 15 41 16 13 27 25 7
30 3 8 31 15 2 18 35 25 22 5 9 12 13 16 27 36
32 8 31 15 2 26 38 25 19 10 41 36
2 31 25 18 26 35 38 21 9 23 37 10 16 27 12 7
18 8 31 15 35 19 22 36 21 9 12 37 16 7
26 3 25 19 22 36 5 21 9 12 8 37 31 41 23 7
35 3 15 35 19 22 36 5 21 9 23 37 31 41 27
38 12 19 22 36 13 37 10 15 16 7
25 3 8 15 19 5 21 12 37 13 23 36
3 5 21 8 12 10 31 22 16 13 7
37 22 5 21 10 41 16 27 36
19 31 15 5 9 23 14 12
22 15 5 14 13 41 7
36 8 15 21 23 16 27 12 7
5 7 10 15 41 16 13 27
21 31 8 21 14 10 16 7
9 8 23 14 10 31 13 41 16
23 7 12 8 14
8 31 41 27 12 7
14 12 10 15 16 27 7 41
10 31 15 13 16 27 7
31 13 41
13 12 15 16 41
41 12 16 15 27 7
16 15 27
15 12 7
27 7
12 7
7
