#kunkel.py
# GMT Sat Mar 30 14:39:42 2019
# 
0 4 6 7 8 9 13 15 16 18 19 20 23 25 26 28 29 30 31 32 34 36 38 39 40 41 42
1 2 4 6 8 10 13 14 16 19 20 22 27 28 31 32 33 34 36 37 38 39 40 41
2 3 5 6 8 12 15 17 19 22 24 25 27 29 30 32 33 35 36 37 38 39 41 42
3 4 6 7 9 11 12 13 15 17 21 22 23 24 26 27 28 29 30 31 33 34 36 37 38 40 41 42
4 6 7 8 9 12 16 17 18 19 22 23 24 25 26 27 29 31 32 33 34 35 37 38 39 40 41
5 6 8 9 10 11 14 15 16 17 18 21 24 25 27 28 30 31 32 34 35 37 39 40 41 42
6 9 12 13 14 15 16 18 19 21 24 25 26 27 28 29 30 33 36 38 40 41 42
7 14 15 16 17 21 22 24 25 26 27 28 29 30 31 32 33 34 35 36 37 38 39 40 41 42
8 8 9 10 11 13 14 18 19 23 24 25 26 27 28 30 31 32 34 35 36 37 38 39 41
9 9 11 14 15 16 17 18 19 20 21 22 26 28 29 31 32 34 37 38 39 40 41 42
10 10 12 14 15 17 18 19 21 25 26 27 29 31 32 33 34 35 37 38 39 40 41 42
11 12 13 16 17 20 21 24 26 27 28 29 30 31 32 33 34 35 36 37 38 39 41 42
12 15 16 18 19 20 21 22 25 26 27 28 30 31 32 33 34 36 37 38 40 41 42
13 14 15 17 18 19 20 22 25 26 27 28 29 30 31 32 33 34 35 37 39 40
14 15 18 22 24 25 28 29 30 31 32 33 34 35 36 37 38 41
15 17 18 19 23 24 25 26 27 28 29 30 31 33 34 35 36 37 38 39 40 41 42
16 17 18 20 21 22 24 25 27 28 29 30 31 32 34 35 36 37 38 39 41
17 17 19 20 23 24 25 26 28 29 30 31 32 33 34 35 36 37 38 40 41 42
18 23 24 26 28 29 30 31 34 35 36 38 40 41 42
19 20 21 22 25 26 27 29 30 31 32 33 35 36 38 39 41 42
20 25 27 28 29 30 32 33 34 35 36 38 39 40 41 42
21 22 23 25 26 27 28 29 31 33 34 35 36 37 38 40 42
22 23 26 28 29 30 31 32 33 34 35 36 37 38 39 40 41 42
23 23 27 28 29 30 32 33 34 35 36 37 38 39 40 41 42
24 25 26 27 28 30 33 35 36 37 38 39 40 41 42
25 26 27 36 37 39 40 42
26 27 28 31 33 34 35 37 39
27 30 31 33 37 39 40 41
28 32 35 42
29 30 32 34 37 39 40 42
30 33 35 36 37 40 41 42
31 32 33 35 36 39 40 42
32 33 34 36 40 41
33 35 38 42
34 34 35 38 39 41 42
35 36 37 38 39 40 42
36 38 39 40
37 39 40
38 39 40 41 42
39 40
40
41 42
42
