#kunkel.py
# GMT Sat Mar 30 14:40:34 2019
# 
30 29 3 39 42 31 6 33 30 32 18 38 34 22 21 9 23 37 10 13 41 17 27 7
24 35 25 40 20 5 21 9 8 42 37 10 4 6 33 1 17 15 27 2 7 28
40 20 8 42 31 15 1 32 23 26 35 38 34 19 22 12 10 4 41 17 6 7 11
20 29 3 8 42 16 6 33 2 35 38 14 19 12 37 10 13 41 17 27 7 11
39 11 28 4 6 33 1 29 25 18 26 35 38 19 22 0 5 21 12 37 17 27
8 0 3 34 19 21 11 42 37 4 14 6 41 23 22 13 32 2 26
42 28 31 29 25 18 32 35 34 22 36 5 21 23 37 13 17 27
16 18 11 28 23 15 33 1 32 25 35 38 34 19 22 36 5 21 9 12 14 4 41 16 6 27
31 3 11 31 15 33 29 2 28 38 25 19 21 23 37 41 17 6 27 12 7
6 35 25 19 9 4 17 13 22 27 2 18 7 11
33 3 11 33 1 29 32 35 38 34 22 0 12 37 10 4 7
1 35 18 3 36 21 9 12 28 37 15 13 27 25 7 26 32
29 35 19 22 0 5 9 23 10 4 13 17 25 26 41
25 3 11 17 4 15 32 2 35 34 19 36 37 14 13 41
18 17 0 15 2 26 35 38 34 22 36 21 9 12 37 10 14 23
32 3 11 4 32 26 2 22 0 21 9 23 37 10 13 27 12
26 3 35 38 34 36 5 21 9 23 37 10 14 41 17 7
36 38 3 34 19 21 37 11 28 14 10 4 15 41 13 27
35 3 0 15 28 34 9 23 10 13 7
38 3 11 28 17 15 14 0 5 37 10 4 41 27
2 0 3 23 34 19 5 21 12 14 10 4 13 41 7
3 11 4 34 22 5 21 12 41 17 27
34 11 4 28 0 9 23 37 10 13 12 7 41
19 7 4 0 21 23 10 15 41 13 11
22 4 15 28 0 5 9 12 41 27 7
0 28 15 23 5 21 9 12 13 41 11
5 21 9 12 28 14 4 13 41 17
21 17 15 28 7 14 27
14 11 9 12 4 37 10 23 15 13 17
9 7 23 10 12 17
23 12 28 27 11
37 11 15 28 17 27 7
10 11 4 15 13 7
4 28 12
13 27 41 17
41 15 12 27
17 12 17 7
15 28 27 7
27 28
12 11 28 7
7 28
11
28
