#kunkel.py
# GMT Sat Mar 30 14:40:34 2019
# 
29 3 20 39 8 28 4 6 33 1 32 2 26 35 38 34 22 36 5 21 14 16 27
24 25 3 34 19 22 5 21 9 11 28 14 10 31 41 1 17 2 8 7 16
3 35 30 39 5 9 11 4 17 10 31 6 25 16 13 27 2 32 26
20 40 20 39 8 42 6 33 32 23 28 38 2 19 22 36 21 9 12 14 16 15 7
39 35 19 36 9 12 37 10 31 13 23 22 17 15 27 2 7 26 11
37 31 38 0 12 25 22 5 27 8 28 14 23 15 41 1 17 32 11 7 26
8 0 40 11 42 31 1 2 18 36 5 21 9 12 14 10 23 27 7
28 30 11 42 17 31 6 25 18 26 35 34 19 22 36 23 10 14 16 7
17 35 38 0 40 21 9 10 31 4 42 1 16 15 18 7 41
4 18 42 31 15 33 1 25 26 35 2 0 21 23 13 41 6 27 12 7
6 30 42 31 33 23 32 38 25 19 0 5 9 12 13 16 27 7
33 30 11 0 15 33 25 26 38 2 34 5 21 9 14 10 13 41 27
1 27 36 30 40 22 0 2 11 32 26 23 13 18 7 16
30 30 40 42 31 25 18 35 38 34 19 36 9 12 14 10 13 26
32 40 0 15 32 25 35 34 36 5 23 10 13 41 16 12 7
2 31 40 34 0 5 23 13 22 16 11 41
18 31 35 38 40 19 22 36 21 14 10 15 42 27 23 41
26 40 11 31 15 26 38 22 36 5 9 12 14 10 41 7
35 11 42 31 38 34 22 5 21 9 10 13 16 27 7
38 40 42 31 25 34 19 22 0 21 16 15 27 36
25 41 42 40 19 22 0 12 16 13 7 36
40 42 15 34 22 23 14 10 13 41 16 27 7
0 16 22 36 21 9 23 14 10 13 15 12 7
34 11 31 15 19 36 5 21 9 23 13 41 16
19 42 22 5 21 9 11 10 41 13 27 36
22 36 5 12 13 16 27
36 42 5 21 14 10
5 42 9 12 10 14 41 11
21 42 31 15 11 12 14 10 41 16
9 11 12 14 10 41 16 15 27 7
23 42 12 10 41 15 7 11
42 12 10 13 11
14 31 15 7 13 41 16 27
10 15 13 41 27
31 12 13 16 27
13 11 12 27
41 12 41 27 7
16 12
15 27 12 11
27 11 12 7
12
7 11
11
