#kunkel.py
# GMT Sat Mar 30 14:39:43 2019
# 
0 1 2 3 4 37 35 33 38 12 34 16 17 18 19 20 23 25 27 29 30 31
1 6 7 8 9 10 15 16 17 19 20 21 22 23 31 33 34 35 36 37 38 40 42
2 6 7 8 9 12 13 14 15 16 18 19 21 23 24 26 27 29 31 32 34 35 36 37 39 40 41 42
3 5 6 7 10 11 14 15 17 18 21 25 28 31 32 33 34 35 36 37 38 40 41
4 4 6 7 9 11 12 14 15 16 19 20 21 23 24 26 27 28 31 32 34 35 36 37 38 39 40 41 42
5 7 8 11 13 18 19 20 27 28 29 30 31 32 34 35 36 38 39 40 41 42
6 7 12 13 14 17 20 21 22 25 26 27 30 31 34 35 36 37 38 39 40 41 42
7 8 9 13 15 22 24 25 26 27 30 32 33 34 35 36 38 39 42
8 9 10 11 12 13 14 17 19 20 23 26 27 34 36 37 38 39 40 42
9 10 11 13 14 15 17 19 23 25 30 31 33 34 35 36 38 42
10 11 12 14 15 18 21 24 25 26 27 30 31 32 33 34 36 39 40 41 42
11 13 15 16 20 22 23 25 26 27 28 32 34 35 36 37 38 39 40 41
12 16 17 18 19 20 21 22 24 26 27 29 30 33 34 35 36 37 38 39 40 41
13 15 24 26 27 28 29 30 31 32 34 35 37 39 40 41 42
14 15 16 19 20 24 25 26 28 30 32 34 35 36 37 38 40 42
15 16 17 20 23 28 29 32 33 34 35 38 40 41
16 37 38 40 41 42 34 19 23 24 36 27 29 30
17 19 20 22 26 27 28 30 33 35 36 37 39 40 41 42
18 20 21 23 25 28 31 32 33 34 35 36 37 38 40 41 42
19 20 21 22 24 28 29 34 35 36 39 41 42
20 21 22 23 25 26 27 29 35 39 40 41
21 21 22 23 24 26 27 31 32 34 35 37 38 39 40 42
22 23 24 25 28 29 32 33 34 35 36 37 38 39 40 41 42
23 25 26 28 29 31 32 33 35 36 37 38 39 40 41 42
24 25 26 27 30 31 32 35 38 39 40 41 42
25 27 29 33 34 36 38 40 41 42
26 28 33 34 35 36 37 38 39 40 42
27 28 29 30 34 35 36 39 41 42
28 29 30 33 35 36 37 38 39 40 41 42
29 30 31 32 33 34 35 36 37 38 39 40
30 31 32 33 36 37 39 41 42
31 34 35 36 37 38 39 40 41 42
32 33 35 37 38 39 40 41 42
33 34 35 36 37 38 39 40
34 35 37 38 39 40 42
35 36 37 39
36 37 38 40 41
37 37 38 39 41
38 39
39 40 41 42
40 41
41
42
