#kunkel.py
# GMT Sat Mar 30 14:40:37 2019
# 
0 0 20 8 28 16 29 33 1 23 18 38 2 34 19 9 12 37 10 13 41 17 7
24 30 40 20 39 42 31 33 29 25 35 38 2 3 14 19 22 36 5 21 37 4 16
3 30 40 39 28 29 6 33 32 18 26 38 34 22 5 21 9 23 37 14 13 15 7
35 30 37 11 20 9 12 14 10 31 6 33 1 22 17 13 32 2 18 7
20 29 40 11 31 6 33 32 25 26 38 2 12 14 10 4 41 23 16 15 7
39 29 30 34 19 36 5 21 14 12 8 37 10 31 13 2 27 23 7 26
8 7 29 40 42 31 6 1 18 30 19 22 12 14 10 4 13 41 16 27 36
28 25 40 22 36 5 21 9 12 42 31 15 33 23 17 11 18 7 26 41
16 4 15 1 32 25 18 26 38 2 14 36 5 9 37 41 17 27 7
29 11 4 6 33 26 25 2 37 36 5 21 9 23 14 31 17 27
6 30 42 15 33 1 32 2 26 31 34 19 22 36 12 4 17 27
33 30 1 25 32 34 36 5 9 37 10 13 17 15 27
1 38 12 34 19 22 36 21 14 10 31 13 23 18 7 26
30 2 40 11 22 12 15 37 23 17 13 27 36 41
32 18 42 17 4 32 25 40 34 5 9 23 14 13 41 27 7
23 42 31 15 25 26 36 2 34 22 21 10 4 13 17 27 7
18 11 31 15 18 26 38 40 34 22 36 5 9 37 10 27
14 42 4 2 26 38 34 21 9 12 13 41 7
26 38 5 21 10 41 22 15 25 17 36
42 40 42 31 25 38 2 34 19 36 5 9 12 10 13 17 27 11
38 11 17 31 25 34 19 22 37 4 13 41 27 7
2 37 9 4 31 27 25 17 41
40 25 34 19 22 36 21 9 37 10 4 13 17 27 7
34 31 4 19 5 21 10 27 7
19 11 31 19 22 36 5 12 4 13 41 17 7
22 4 12 21 9 10 17 27 7
36 25 21 9 37 41 15 11
5 11 4 15 25 21 9 37 10 41 7
21 11 10 4 13 15 25 12
9 11 17 31 12 37 4
12 4 37 10 25 7 11
4 31 10 13 15 27 11
37 7 11 10 41 27
10 11 25 13 41
31 15 27 11
13 15 41 17 27
41 15 25 41 7 11
25 15 27
17 11 15 27
15 11 27
27 7
7 11
11
