#kunkel.py
# GMT Fri Apr 12 17:07:39 2019
# 
0 1 2 3 4 5 10 11 13 14 16 17 18 19 21 23 24 25 26 27 28 29 30 31 32 33 35 36 37 38 40 41
1 2 4 6 7 8 9 10 12 14 15 16 17 18 20 22 23 24 27 28 29 30 31 32 33 34 35 36 37 38 39 41 42
2 3 4 5 8 9 10 12 13 14 16 18 19 20 21 22 24 25 26 27 28 29 30 31 32 33 34 36 39 41 42
3 9 10 11 12 14 15 16 17 18 19 20 21 22 23 24 26 28 29 30 31 33 34 35 37 39 40 41 42
4 5 7 8 9 10 11 12 13 14 15 16 17 19 20 21 22 23 25 28 29 30 33 34 35 36 38 39 40 41 42
5 5 8 9 10 11 12 13 14 16 17 18 19 20 21 23 24 25 26 27 28 29 31 32 33 35 36 38 40 41
6 8 9 10 11 12 14 15 16 17 20 21 22 23 24 25 26 27 28 32 33 34 35 37 38 40 41 42
7 8 9 14 15 16 18 19 20 21 22 23 24 25 26 27 30 33 34 35 36 37 38 40 41 42
8 12 13 14 17 18 20 22 23 25 26 27 29 30 34 36 38 39 41 42
9 11 15 16 18 21 22 23 25 26 30 32 34 36 37 41 42
10 11 13 17 18 24 27 28 29 30 31 32 35 36 39 42
11 13 14 17 18 19 21 22 23 25 27 28 33 34 35 36 37 39 40 41
12 15 16 17 19 20 22 23 24 25 29 30 32 35 36 37 38
13 18 19 20 22 25 26 29 31 32 37 38 39 40 41 42
14 15 16 19 22 28 29 31 32 34 36 37 40 42
15 16 17 18 19 20 21 22 23 24 25 26 31 33 36 40 41 42
16 17 18 19 21 23 29 32 38 39 40 42
17 18 20 21 24 26 27 29 33 35 38 39
18 23 26 28 29 30 33 34 39 40 42
19 23 24 25 26 27 28 31 34 35 38 40 41
20 21 22 23 24 26 27 29 31 32 34 35 36 42
21 23 26 28 29 30 33 34 35 36 39 40 41
22 27 28 29 32 36 37 40 41
23 28 29 30 31 32 33 37 39 41
24 25 26 27 28 30 31 33 34 35 38 41 42
25 26 29 32 34 35 36 37 38 42
26 28 29 30 34 35 36 37 38 42
27 30 31 33 34 36 37 38 40 41
28 29 30 33 34 35 37 39 40
29 31 32 33 34 35 36 38 39
30 31 32 33 35 38 40 41 42
31 42 32 41 39 37
32 33 36 37 39 40 41 42
33 36 37 38 39 40
34 35 37 39 41 42
35 36 37 39
36
37 38 39 41 42
38 40 41
39 40 41
40 40 42
41 41
42
