#kunkel.py
# GMT Fri Apr 12 17:07:41 2019
# 
0 2 3 6 7 10 12 15 16 18 19 20 21 22 32 34 35 36 37 39 40 41 42
1 3 4 5 7 8 10 11 12 13 17 19 25 26 27 32 33 34 35 36 37 38 39 41
2 5 7 9 14 15 16 17 20 21 26 28 30 31 32 33 35 36 38 39 40 41 42
3 35 32 5 38 7 9 42 39 13 16 18 21 41 24 36 27 29 30 37
4 4 5 7 8 9 10 12 14 17 20 22 23 24 26 28 30 33 35 38 40 41 42
5 6 7 8 9 11 17 18 20 26 31 34 35 36 38 39 40 41 42
6 8 10 11 14 17 19 21 22 23 24 25 26 28 30 31 32 33 34 36 37 39 40 41
7 8 9 10 11 12 15 16 17 20 23 24 26 27 28 31 34 35 37 38 40 41 42
8 11 16 17 18 19 20 22 23 24 25 29 33 35 36 37 38 39 40 41 42
9 13 14 15 16 17 18 21 23 24 26 29 30 31 33 36 37 41 42
10 12 14 16 17 18 20 21 22 24 25 27 31 33 34 37 38 39 40 41 42
11 12 14 15 16 18 19 20 22 23 24 27 29 32 33 36 37 38 39 40
12 13 14 19 21 22 24 28 31 32 36 37 38 39 40 41 42
13 14 21 22 24 25 26 27 28 30 31 34 35 36 37 38 39 41 42
14 14 15 16 18 19 21 22 24 25 26 27 28 30 35 36 37 38 39 40
15 16 17 18 20 22 23 24 25 26 30 31 32 33 36 37 38 39 40
16 18 19 21 23 29 30 31 33 34 36 37 38 39 41
17 20 22 24 27 29 30 31 32 35 36 38 40 41 42
18 19 21 24 25 26 29 31 33 34 35 36 37 38 39 41 42
19 19 21 22 24 28 31 32 34 35 36 37 38 40 41 42
20 21 23 25 26 28 29 32 35 36 37 38 39 41 42
21 21 23 24 25 29 35 36 38 39 40 42
22 25 27 29 31 32 33 37 38 40 41 42
23 24 27 29 32 33 34 35 36 37 39 41 42
24 26 28 29 32 36 37 38 39 40 41 42
25 27 28 29 30 31 33 35 36 37 38 39 40 41
26 28 29 30 32 33 35 38 39 40 41
27 30 32 33 35 36 37 38 39 40 41 42
28 29 30 33 34 35 36 37 39 40 41 42
29 30 31 32 33 34 35 37 38 39 40 42
30 32 34 35 36 37 38 40 41 42
31 34 37 38 39 40 41 42
32 32 33 35 37 38 39 40 41 42
33 34 35 36 37 39 40
34 35 36 37 38 40 41 42
35 35 37 38 39 40 42
36 37 38 39 40 41 42
37 37 40
38 39 40
39 40 42
40 41
41 42
42
