#kunkel.py
# GMT Fri Apr 12 17:07:45 2019
# 
0 1 4 5 6 7 9 10 11 12 13 15 16 19 20 22 23 25 27 28 29 31 32 34 35 36 37 40
1 2 3 5 9 10 11 12 13 14 15 17 18 20 21 22 23 24 25 26 28 30 31 32 33 34 37 38 39 40 41 42
2 3 6 9 12 13 14 17 18 20 21 22 23 24 25 26 27 28 29 30 31 32 33 34 35 38 39 40 42
3 4 6 7 9 10 11 13 14 15 16 18 19 20 21 22 23 24 25 26 27 28 29 34 35 37 38 39 40 41 42
4 10 11 13 14 15 16 17 18 19 20 21 22 23 24 25 26 27 29 30 31 32 33 34 35 36 38 39 40 41
5 7 8 9 10 11 12 13 14 15 16 18 19 21 22 23 24 25 26 27 29 30 31 32 33 35 36 37 38 39 40 41
6 7 8 9 12 13 14 15 16 17 18 19 20 21 22 23 24 26 27 28 30 31 32 33 34 35 36 37 38 39 40 41 42
7 8 9 10 11 12 13 16 18 19 20 21 22 23 24 27 28 31 32 33 34 35 36 37 38 39 40 41
8 8 9 10 11 12 13 14 16 17 18 19 20 21 22 24 25 27 28 29 30 31 32 33 34 35 36 37 38 39 42
9 10 11 14 15 16 17 18 19 22 25 27 30 33 34 35 37 38 39 40 41 42
10 12 15 16 19 21 24 25 27 30 32 33 34 36 37 38 40 41
11 14 15 16 17 18 19 23 26 29 30 32 35 36 37 38 42
12 12 15 17 18 20 24 26 27 28 29 31 33 34 36 38 40 41 42
13 14 15 16 17 19 20 22 23 24 25 28 29 31 35 38 40
14 16 17 20 21 22 26 27 30 33 34 35 37
15 18 20 21 24 25 28 29 30 31 35 37 41 42
16 16 18 24 25 28 29 31 32 34 37 39 40 41 42
17 20 21 22 23 25 26 27 28 29 30 31 33 36 37 38 39 40 41 42
18 19 23 25 27 28 29 31 34 35 38 41
19 20 22 25 27 28 29 31 33 34 35 36 37 39 41
20 22 24 26 28 30 31 32 33 34 35 39 40 42
21 22 23 24 25 32 36 37 38 39 42
22 23 25 26 27 28 31 32 33 36 39
23 23 25 29 30 36 37 38 39 41 42
24 27 30 33 35 38 39 40 41 42
25 26 28 30 31 32 34 42
26 27 28 29 30 34 35 36 37 38 40 41 42
27 28 31 32 33 37 41 42
28 32 34 36 39
29 30 31 33 37 38 39 41 42
30 32 33 38 40 41 42
31 32 33 35 42
32 35 37 38 42
33 33 34 35 39 41 42
34 34 35 36 38 39
35 37 39 40 41 42
36 36 38 39 40 41 42
37 38
38 39 41 42
39
40 41
41
42
