#kunkel.py
# GMT Fri Apr 12 17:07:49 2019
# 
0 1 3 7 8 11 12 13 14 16 17 19 20 21 28 29 32 35 37 38 39 41 42
1 33 2 35 36 42 7 8 9 10 11 12 14 19 39 22 23 25 29 30 31
2 3 5 8 9 13 15 16 17 19 24 25 28 31 33 34 35 36 37 38 39 40 42
3 5 6 7 9 11 13 17 19 21 22 25 27 29 30 31 33 35 37 38 39 40 41 42
4 6 7 8 9 11 13 15 19 20 21 22 23 25 26 27 28 29 30 35 36 37 38 39 41
5 5 6 10 11 12 15 18 19 21 22 23 25 26 28 30 31 32 34 35 36 37 38 40 41 42
6 10 11 16 18 22 23 26 27 29 30 31 32 33 34 35 37 38 40 41 42
7 9 10 11 12 13 14 19 22 24 25 29 32 34 35 37 39 40 41 42
8 10 11 12 13 17 19 20 22 23 28 29 30 34 35 36 38 39 40 41 42
9 10 15 16 18 19 22 23 26 27 29 30 32 33 37 38 39 40 41 42
10 13 14 15 17 18 20 21 23 25 28 32 33 35 36 37 38 40 41 42
11 12 14 15 16 17 21 22 25 27 29 32 34 36 37 39 40 41
12 13 14 15 22 23 24 25 26 28 29 31 33 34 35 36 37 38 39 40 41
13 15 16 17 19 22 24 25 26 28 31 33 35 36 37 38 39 40 41 42
14 15 18 20 21 23 25 26 29 30 34 35 36 37 39 40 41 42
15 15 16 17 20 23 24 25 27 28 30 32 34 37 39 40 42
16 17 18 19 21 22 23 24 25 26 31 32 33 35 36 37 38 39 41 42
17 18 20 22 25 28 29 33 34 35 36 38 40 42
18 18 25 26 27 28 30 33 34 35 36 37 38 39 41 42
19 20 21 22 26 27 28 29 30 31 35 36 37 38 39 40 41 42
20 21 22 23 24 25 26 27 30 32 33 34 35 36 37 39 40 41 42
21 33 35 38 40 41 24 25 26 27 29 36
22 23 26 28 29 34 35 36 37 41 42
23 30 32 35 37 38 39 40 41 42
24 32 34 36 37 40 41 42 39 25 27 28 29 31
25 28 30 31 33 35 36 37 39
26 27 28 29 30 31 32 33 35 36 38 40
27 29 30 31 32 33 34 35 37 38 39 40 41
28 30 32 34 35 36 37 38 40 41 42
29 31 32 33 34 35 36 37 38 39 41
30 31 32 33 34 35 36 38 39 40 41 42
31 36 39 40 41 34 35
32 33 35 36 37 38 39 42
33 36 37 38 39 40 41 42
34 35 36 39 41
35 36 37 38
36 37 42
37 37 39 42
38 40 41 42
39 40 41 42
40
41
42 42
