#kunkel.py
# GMT Fri Apr 12 17:07:49 2019
# 
0 32 33 34 3 36 7 8 41 10 11 12 13 15 17 18 20 40 25 27 42 30
1 5 7 8 10 14 15 16 17 18 21 22 24 27 28 29 32 33 34 35 36 37 38 40 41 42
2 4 7 8 9 10 11 12 14 15 17 18 21 22 23 24 25 27 29 32 33 35 37 38 39 40 41 42
3 4 7 8 9 10 11 12 14 15 16 17 21 23 27 30 31 32 34 37 38 39 41 42
4 32 5 38 39 40 41 11 12 34 14 15 21 23 25 26 37 30 31
5 7 9 11 13 17 18 19 23 25 26 28 30 34 35 36 38 39 40 41 42
6 32 33 34 37 38 7 40 41 42 39 12 13 19 20 21 22 23 24 25 30 31
7 12 13 14 15 16 20 25 26 28 30 34 36 37 39 40 41 42
8 9 10 11 12 13 15 17 18 19 21 22 23 26 27 28 31 32 33 36 38 39 40 41
9 13 16 17 19 20 21 22 24 27 28 29 30 33 34 36 38 39 40
10 11 13 14 15 18 19 20 25 26 31 32 33 35 37 38 39 40 42
11 18 20 21 23 24 25 26 27 29 36 37 38 39 40 42
12 13 14 15 19 20 21 23 24 26 27 29 30 34 36 37 39 41 42
13 14 15 16 20 22 23 24 27 28 29 32 35 36 37 38 41
14 16 18 22 24 25 26 29 31 33 35 37 38 39 41 42
15 18 19 21 27 29 30 31 33 34 37 38 40 41
16 17 18 19 25 26 27 28 29 30 31 34 35 36 37 38 39 40 41 42
17 22 23 25 28 32 33 34 35 36 37 38 39 40 41
18 19 20 23 25 29 30 31 34 35 37 38 39 41 42
19 20 22 25 26 27 29 31 32 35 38 39 40 41 42
20 21 22 24 26 27 28 31 33 35 37 38 39 40 41
21 22 25 27 28 29 30 37 38 39 40 41
22 32 36 37 41 40 24 25 26 38 42
23 23 26 27 28 31 32 34 35 36 40 41 42
24 25 26 27 29 32 33 35 36 37 38 39 40 41 42
25 28 29 31 32 33 34 37 38 39 40 41 42
26 27 28 31 32 34 35 36 38 39 40 41 42
27 27 28 30 35 37 38 39 40 41 42
28 29 30 32 33 35 37 39 40 41 42
29 31 32 33 34 37 38 40 42
30 31 32 33 35 36 37 38 39 40 41 42
31 32 33 34 38 39 40 41
32 33 35 36 37 38 39 40 42
33 34 37 39 40 42
34 39 40 41 42
35 37 38 39 40 41 42
36 36 37 38 39 41
37 41 42
38 40
39 41
40 41 42
41 42
42 42
