#kunkel.py
# GMT Fri Apr 12 17:07:53 2019
# 
0 3 5 7 9 10 11 12 14 15 16 17 18 21 24 26 28 31 32 33 34 36 37 38 39 41 42
1 3 4 5 6 8 13 14 15 16 17 18 19 20 22 23 24 27 28 30 31 32 33 35 36 38 39 41
2 2 5 6 14 15 16 17 18 20 21 22 23 24 25 26 27 28 31 33 34 35 36 38 39 42
3 8 9 10 12 16 17 18 19 20 21 22 23 24 26 27 28 29 32 33 34 35 37 38 39 40 41 42
4 4 5 7 12 16 18 19 21 22 23 24 25 26 27 28 29 30 31 32 33 34 36 38 39 40 42
5 6 11 12 16 17 18 20 21 22 23 25 26 28 29 30 32 33 34 35 36 37 38 39 40 41
6 7 9 10 11 12 13 14 16 18 19 21 22 23 25 26 28 30 32 33 34 35 36 37 39 42
7 9 10 13 14 15 16 17 18 19 22 23 24 27 30 32 33 34 35 36 37 38 39 40 41
8 8 9 10 11 12 14 17 18 19 20 21 22 23 24 25 27 28 30 32 34 35 36 37 38 39 40 41
9 11 15 17 18 20 21 22 23 24 26 27 28 29 30 32 33 34 36 37 38 39 40 41 42
10 11 12 13 14 15 16 20 21 22 23 24 25 27 29 30 31 32 33 35 36 37 38 39 40 41 42
11 12 14 15 18 19 20 21 22 25 26 27 28 29 30 31 33 34 37 38 39 40 41 42
12 14 15 16 17 18 19 20 22 23 24 25 26 27 29 31 33 35 37 38 39 40 41 42
13 13 14 17 18 19 21 23 24 26 27 29 30 31 32 33 34 35 36 37 39 40 41
14 15 17 18 19 20 21 22 24 27 28 29 30 31 32 33 34 36 38 39 40 41 42
15 16 20 21 22 24 25 26 27 29 30 31 32 33 34 35 36 37 38 39 42
16 18 19 21 22 25 26 27 29 30 31 33 34 35 36 38 39 41
17 20 21 22 23 25 27 31 33 34 35 39 40 41
18 18 19 21 23 24 25 27 28 29 30 31 33 34 36 39 40
19 19 20 22 23 24 25 27 29 30 36 37 38 39
20 21 23 25 26 27 29 31 34 36 37 38 39 41 42
21 22 24 28 30 32 35 36 37 38 40
22 26 27 28 30 32 35 37 38 40 41
23 24 25 31 32 35 36 38 40
24 28 31 32 33 36 37 38 39 40 42
25 26 28 32 34 35 38 41 42
26 27 29 30 32 34 35 40 41 42
27 28 30 34 35 36 38 39 42
28 29 31 33 34 35 37 38 39 41 42
29 30 31 32 35 36 38 39 42
30 32 33 37 39 41 42
31 34 37 38 39 40 41 42
32 33 35 37 38 40
33 34 39 41 42
34 36 39 41
35 36 37 38 39 40 41
36 37 40 41 42
37 39 41
38 41
39 40
40 41 42
41 42
42 42
