#kunkel.py
# GMT Fri Apr 12 17:08:05 2019
# 
0 4 5 6 7 9 11 12 15 16 17 19 20 25 28 29 30 31 32 33 35 37 38 39 40 41
1 2 5 8 9 11 12 13 14 17 21 22 23 24 25 26 28 29 30 31 32 34 36 37 38 39 40 41 42
2 3 6 7 9 12 13 17 18 19 21 22 24 25 26 27 28 29 30 31 32 33 35 36 38 40 41 42
3 5 6 7 8 10 11 12 13 16 17 18 19 24 28 29 31 32 33 34 36 37 39 40 41
4 4 10 15 16 17 18 19 21 22 23 25 26 27 28 30 31 32 33 34 36 37 38 39 41 42
5 5 6 7 9 11 17 18 19 20 21 22 25 26 27 28 30 31 32 35 36 38 39 40 41 42
6 7 8 9 10 13 15 16 19 21 22 23 25 26 27 28 29 30 31 32 33 35 36 37 38 39 40 42
7 7 11 12 13 14 15 20 22 23 24 25 27 28 29 30 33 34 36 37 39 40 41 42
8 10 11 12 13 14 16 18 19 20 21 26 27 28 30 31 32 33 35 38 40 41 42
9 10 11 14 15 17 18 24 25 26 27 29 31 33 35 36 37 39 40 41 42
10 12 13 14 15 16 17 19 20 21 22 23 24 25 26 27 30 31 32 33 34 35 37 39 40 41 42
11 17 18 21 22 23 24 27 28 29 30 32 33 34 35 36 37 38 39 40 41
12 13 14 16 17 18 19 20 22 23 26 27 28 30 32 35 37 39 40 41 42
13 13 14 16 18 21 22 24 25 26 28 30 31 35 36 37 39 40 41 42
14 18 20 21 23 24 25 26 27 28 29 30 31 32 33 34 35 36 37 38 39 40 41
15 16 19 20 23 24 25 27 29 30 31 32 34 35 36 38 39 40 42
16 17 18 20 22 24 25 27 28 29 31 32 33 34 35 36 37 38 39 41 42
17 18 20 23 24 25 26 27 28 29 30 32 33 34 35 36 37 38 39 42
18 19 25 26 27 28 29 31 32 33 34 36 37 38 39 41 42
19 23 25 26 27 28 29 30 31 32 33 34 36 37 38 40 41 42
20 22 24 25 27 28 29 31 32 33 35 37 38 40 41 42
21 23 24 25 28 29 30 31 32 33 34 35 36 37 38 39 41 42
22 23 24 25 26 27 28 29 30 31 32 34 36 37 41 42
23 25 26 27 28 30 31 32 33 34 35 36 38 39 40 41
24 25 27 28 29 30 31 33 34 35 36 37 38 39 41 42
25 25 26 29 31 32 36 37 41
26 28 33 35 36 37 39 40 42
27 27 29 30 32 33 34 36 38 41 42
28 30 31 32 33 34 35 36 39 40 41 42
29 30 32 33 34 35 38 40 41
30 31 33 34 35 37 39 41
31 33 34 37 41
32 33 38 39 40
33 36 37 39 40 41 42
34 35 36 37 38 42
35 36 37 38 40
36 40 42
37 39
38 40
39 39 40
40
41
42
