#kunkel.py
# GMT Fri Apr 12 17:08:11 2019
# 
0 1 2 3 4 7 9 10 14 15 17 19 21 23 24 27 28 30 31 33 34 35 37 39 41 42
1 2 3 7 11 14 15 19 24 25 26 28 29 31 32 33 35 36 37 38 39 40 41 42
2 5 6 9 10 13 15 17 18 20 21 23 27 28 29 30 32 33 34 35 36 37 39 40 41
3 4 5 6 11 12 14 19 20 21 23 24 25 27 29 30 31 33 35 38 39 41 42
4 7 11 13 14 17 19 20 24 25 26 28 29 30 31 34 35 36 37 38 39 40 41 42
5 5 6 11 13 17 18 19 20 21 22 23 25 27 28 31 32 33 35 36 37 38 39 40 41 42
6 8 12 15 16 17 20 21 22 24 26 27 28 29 31 32 33 35 36 37 38 39 40 41
7 8 9 13 15 16 17 24 25 26 29 30 31 32 33 34 35 36 37 39 41 42
8 9 10 13 14 15 16 17 18 19 20 21 27 28 30 31 32 33 34 36 38 39 40 41 42
9 10 12 13 15 19 20 23 25 27 29 30 31 34 36 38 39 40 41 42
10 10 11 12 13 14 18 20 21 22 23 24 25 26 28 29 30 32 33 34 35 36 38 39 40 42
11 11 12 15 17 18 19 20 24 25 26 27 28 33 35 36 37 38 39 40 41 42
12 13 14 16 17 19 21 22 23 24 25 29 30 31 32 33 34 35 36 37 38 39 40 41 42
13 18 19 20 23 25 26 28 30 31 32 33 34 35 36 37 38 39 42
14 15 16 17 20 22 23 26 27 28 30 32 33 34 35 37 39 40 41
15 16 17 19 20 21 22 23 28 29 30 31 32 33 35 36 37 38 40 41 42
16 18 19 22 27 28 29 30 31 33 35 36 37 38 39 40 41 42
17 18 21 24 26 29 30 31 33 34 35 36 38 39 41
18 19 20 21 22 24 26 27 29 30 32 34 35 36 37 38 39 41
19 19 20 26 28 29 30 31 32 34 35 36 40 42
20 21 24 26 27 28 29 30 32 33 34 36 37 38 39 40 41
21 22 23 25 26 28 29 30 31 32 33 34 35 36 37 38 40 41 42
22 24 25 26 27 28 29 31 32 35 36 38 39 40 41 42
23 24 27 29 30 31 32 33 34 35 36 37 38 39 41 42
24 25 28 29 31 33 34 35 36 38 39 40 42
25 26 32 33 34 35 36 37 40 41 42
26 27 29 31 32 33 35 36 37 38 40 41 42
27 28 29 30 34 35 36 37 38 39 42
28 29 30 31 33 36 37 38 39 41
29 29 32 33 34 36 38 40 41 42
30 34 37 38 39 41
31 32 34 36 37 39 42
32 34 36 38 39 40 42
33 34 35 39 41 42
34 36 37 39
35 37 39 40 41
36 37 38 39 40 41 42
37 39 41
38 38 40 41
39 40
40 41 42
41 42
42
