#kunkel.py
# GMT Fri Apr 12 17:08:27 2019
# 
0 1 2 3 7 8 10 11 12 13 15 16 17 19 20 23 24 26 28 32 33 34 35 36 37 38 39 41 42
1 2 3 4 9 12 13 15 16 18 19 20 22 23 24 27 28 31 33 34 35 36 37 39 40 41 42
2 2 3 4 5 8 11 12 13 14 15 16 17 19 20 22 23 25 28 29 30 33 34 35 36 37 38 40 41 42
3 4 5 6 8 9 10 11 14 16 17 18 19 20 22 24 25 26 27 29 30 31 32 33 35 36 37 38 40 41 42
4 10 11 13 14 15 16 17 18 19 20 21 22 24 25 26 27 28 29 31 32 36 37 40 41 42
5 8 9 10 13 16 17 18 19 20 21 22 23 25 27 28 29 30 31 32 33 34 35 36 37 38 39 41 42
6 7 8 9 10 11 15 16 18 19 20 21 22 23 24 25 26 27 29 30 31 32 33 34 35 37 38 39 40 41
7 9 10 13 14 16 17 18 19 20 21 23 24 25 28 29 30 31 32 34 35 36 37 38 39 40 41 42
8 10 11 12 13 14 17 18 20 21 22 23 24 25 27 28 29 30 31 32 34 35 39 42
9 9 11 12 17 18 19 20 21 22 24 25 26 27 28 30 33 34 35 37 38 40 41 42
10 16 17 20 23 24 25 26 27 29 30 31 32 33 34 35 36 37 38 39 40 42
11 11 13 14 17 18 19 20 21 22 23 24 25 26 28 29 30 32 34 37 38 39 41 42
12 13 14 15 16 17 19 21 22 23 24 27 28 29 30 31 32 33 35 36 38 39 40 42
13 16 18 22 24 25 26 27 30 31 33 34 35 37 38 39 40 41 42
14 16 17 20 22 23 24 27 28 29 30 31 32 33 36 37 38 39 41 42
15 17 18 19 20 21 23 24 25 26 28 29 30 32 34 35 36 38 39 40 41 42
16 17 23 25 26 28 29 30 31 32 34 39
17 21 22 24 26 27 30 32 33 35 36 38 39 40 41
18 21 22 24 25 27 28 29 30 32 33 35 36 39 40 42
19 20 22 23 25 26 29 31 33 34 35 37 41
20 20 21 22 23 27 29 30 35 37 38 39
21 22 23 25 26 27 31 33 35 36 38 41 42
22 25 26 32 33 37
23 26 28 30 35 37 39 41 42
24 25 26 27 29 30 32 33 36 37 39 41
25 26 28 31 32 34 37 39
26 32 34 35 36 37 38 40
27 27 28 29 32 33 34 37 38 39 40 41 42
28 29 30 32 33 36 37 39 40 42
29 31 33 34 38 40 41
30 31 34 35 38 40 41 42
31 34 33 36 35
32 35 36 37 38 40
33 34 36 40 41
34 35 36 37 38 40 42
35 39 41 42
36 39 40 42
37 40 42
38 39 40 41
39 40 41
40 42
41 41
42
