#kunkel.py
# GMT Fri Apr 12 17:08:29 2019
# 
0 1 2 3 5 6 7 8 11 12 13 14 16 17 18 19 20 21 22 23 28 30 33 34 35 36 37 38 40 41 42
1 1 2 9 10 11 12 13 16 17 18 19 20 21 24 25 27 28 31 33 34 35 36 37 38 39 40 41 42
2 3 4 5 8 9 13 14 15 16 17 18 19 21 23 24 25 28 29 30 31 32 33 35 36 37 38 40 41 42
3 6 7 8 10 11 14 15 16 17 18 19 20 21 24 25 29 30 31 32 33 34 35 36 38 39 41 42
4 5 7 8 9 10 12 13 14 15 16 17 18 21 22 24 26 29 30 32 33 34 35 36 38 40 41
5 6 11 14 15 17 18 20 21 22 24 25 26 27 29 32 34 35 36 37 38 39 40 41 42
6 8 10 11 13 14 15 17 18 19 20 21 23 24 26 27 28 29 30 33 34 35 36 37 39 41 42
7 9 10 11 12 13 15 16 17 18 19 20 22 23 24 25 26 27 29 30 31 32 33 34 36 37 39 40 41 42
8 10 15 16 17 18 20 21 22 23 24 25 26 27 28 30 31 32 33 34 35 36 37 38 40 41 42
9 12 13 14 15 16 17 18 19 20 21 22 23 24 27 28 29 30 31 32 35 36 38 39 40 41
10 11 12 15 16 18 19 20 22 23 25 26 27 29 31 32 33 34 35 36 37 38 40 41 42
11 13 14 15 16 17 18 19 20 22 23 24 25 26 28 29 30 31 32 33 34 35 36 38 40
12 15 16 17 18 19 20 21 22 23 24 25 26 27 28 29 30 31 32 33 38 39 40 41 42
13 15 16 18 19 20 21 23 24 25 26 27 29 30 32 34 35 36 37 38 39 40 41 42
14 15 17 18 19 20 22 23 24 25 26 27 28 29 31 32 34 35 36 38 39 40 41 42
15 17 18 21 22 23 27 29 30 36 40 41 42
16 19 20 21 22 23 24 26 27 28 33 34 35 38 39 42
17 19 20 23 24 25 29 30 32 33 38
18 22 24 25 27 28 32 33 34 35 39 40 41
19 21 23 24 28 31 34 36 37 40 41 42
20 21 23 25 29 31 32 34 35 37 39 41
21 27 32 34 35 37 38 41
22 24 26 28 29 31 33 34 35 36 37 40 41
23 23 25 27 29 30 34 35 41
24 26 27 31 32 35 36 39 40 42
25 26 28 29 31 33 34 35 37 41
26 28 29 30 31 32 33 34 36 37 38 39 40
27 28 31 32 36 37 38 39
28 29 31 33 35 39 40 42
29 30 32 33 35 36 38 41
30 31 32 33 34 37 40 41 42
31 31 33 37 38 42
32 35 37 39 41 42
33 33 36 38 39 41 42
34 36 37 39 40 42
35 37 38 40 41
36 36 37 38 39
37 38 39 41 42
38 39 40 41 42
39 40 41 42
40
41
42
