#kunkel.py
# GMT Fri Apr 12 17:08:30 2019
# 
0 0 7 10 11 12 15 16 18 20 21 22 23 24 26 27 28 29 30 31 33 34 36 37 38 39 41 42
1 8 9 11 12 13 14 15 16 18 21 22 23 25 26 29 31 32 35 36 37 38 40 41 42
2 6 8 9 11 16 17 19 20 21 22 23 24 25 26 28 29 30 33 34 35 36 37 38 39
3 4 8 10 12 13 15 17 19 20 21 22 23 24 25 26 27 28 29 30 33 34 35 38 39 41 42
4 7 15 17 18 19 21 23 24 25 26 27 28 29 30 31 32 34 35 36 38 39 40 41 42
5 6 8 9 11 12 14 17 19 21 22 23 24 25 26 28 29 30 31 32 33 34 35 36 37 38 39 41
6 12 13 14 15 16 18 19 21 22 23 24 25 27 28 29 31 32 33 35 36 37 38 41 42
7 8 10 13 14 15 16 17 18 19 20 21 22 23 24 25 26 27 29 30 31 32 33 35 37 39 42
8 10 13 14 15 16 17 18 22 23 24 25 26 28 29 30 31 32 33 34 35 36 37 39 41 42
9 11 12 14 15 17 18 20 22 24 25 26 29 30 31 33 34 36 37 39 40 41 42
10 11 12 13 17 18 20 21 22 23 24 26 27 28 29 30 31 32 33 34 35 36 38 40 41 42
11 11 15 16 18 19 20 22 23 25 26 27 28 30 32 33 34 35 37 38 39 40 42
12 13 14 16 17 18 19 20 21 22 23 25 26 27 28 30 31 32 33 34 35 37 38 39 40 42
13 14 18 21 22 24 26 27 28 31 34 35 36 37 38 39
14 15 16 17 22 23 24 25 26 27 28 30 32 33 35 36 37 38 39 40 41 42
15 18 21 22 24 26 28 30 31 32 33 34 36 37 38 39 40 41 42
16 20 21 22 23 26 27 28 30 31 32 33 35 36 37 38 39 40 41 42
17 21 22 23 25 28 29 30 33 34 35 36 38 39 40 42
18 19 23 24 25 26 27 29 30 31 35 36 37 38 39 40 41 42
19 20 21 23 24 25 26 27 28 29 30 32 34 35 37 38 40 41 42
20 21 22 23 24 25 26 27 28 29 30 32 34 36 38 39 40 41
21 22 23 24 25 33 34 35 36 39 41
22 22 24 27 29 30 31 32 35 36 37 40 41 42
23 25 27 32 35 38 39 40
24 25 31 34 38 39 40 41 42
25 25 27 33 35 36 37 39 40 41
26 28 29 30 31 33 34 35 36 37 38 41
27 30 31 32 33 34 35 36 37 38 39 41 42
28 34 35 36 39 40 41 42
29 29 30 31 32 36 39 40 41 42
30 31 32 35 36 37 38 39 40
31 32 34 37 38 41 42
32 33 34 37 38 39 40
33 33 34 35 37 39 41
34 36 37 38 39 40 42
35 35 36 37 40 41 42
36 37 38 39
37 39
38 40
39 40
40 41
41 42
42
