#kunkel.py
# GMT Fri Apr 12 17:08:31 2019
# 
0 1 2 3 7 8 10 11 12 13 14 15 16 17 18 19 21 22 23 24 25 26 29 32 33 34 35 36 37 38 39 41
1 2 3 4 9 12 13 14 15 16 17 18 19 20 22 23 24 28 29 30 31 32 33 34 35 36 37 38 39 40 41 42
2 2 3 4 5 8 11 12 13 14 15 16 18 19 20 21 22 24 25 28 30 31 33 35 36 37 38 40 42
3 4 5 6 8 9 10 11 14 15 16 18 19 20 21 22 24 26 27 28 30 31 32 33 36 37 38 40 41
4 10 11 13 14 15 16 17 18 19 20 22 23 24 25 26 27 28 29 30 31 33 35 36 38 39 40 41 42
5 8 9 10 13 14 15 17 20 21 22 23 24 25 28 29 30 31 32 33 34 36 37 38 39 41 42
6 7 8 9 10 11 15 16 17 19 20 21 23 24 25 27 28 29 30 31 33 34 35 37 38 39 40 41 42
7 9 10 13 14 17 18 19 20 21 22 23 24 25 28 29 30 31 32 35 36 37 38 39 40 42
8 10 11 12 13 14 15 17 18 20 21 22 23 24 25 27 28 29 30 31 32 33 34 35 38 39 41
9 9 11 12 14 15 16 17 18 19 20 21 22 24 25 26 27 28 30 32 33 34 35 36 38 40 41 42
10 16 17 18 19 20 23 24 25 26 27 29 30 31 32 33 34 35 36 40 41 42
11 11 13 14 16 17 18 19 20 21 22 23 24 26 28 29 30 31 32 34 37 39 40 41
12 13 14 15 16 17 19 20 21 22 23 24 26 27 28 29 30 31 32 33 34 35 37 39 41
13 15 16 18 21 24 25 26 27 30 33 34 35 37 38 39 40 42
14 15 16 17 18 23 25 26 29 31 32 33 35 37 38 41 42
15 17 20 21 25 26 27 29 30 31 36 37 38 39 40 41 42
16 17 18 20 23 28 31 32 33 34 35 36 38 39 40 42
17 20 21 25 27 28 29 30 32 33 34 35 36 37 38 42
18 19 20 24 25 26 31 32 36 37 38 40 42
19 20 23 24 27 29 31 34 35 36 37 38 41
20 21 22 24 25 27 28 30 32 34 35 37 38 39 40 42
21 33 36 22 39 25 40 30
22 23 24 25 26 27 30 31 33 38 40
23 24 25 26 27 28 29 30 32 36 39 40 41 42
24 26 27 28 31 33 34 36 39 41
25 27 29 31 34 35 36 38 42
26 27 29 30 32 33 34 36 37 38 39 40 41 42
27 28 29 30 32 34 35 38 39 41
28 34 36 37 38 40 41 42
29 30 31 32 34 40
30 32 34 35 40 41
31 32 33 36 37 39 40
32 33 37 41
33 35 38 39 41
34 35 36 38 40 42
35 37 38 39 41 42
36 36 42
37 40 41
38 40
39 39 40 41 42
40 42
41 41 42
42
