#kunkel.py
# GMT Fri Apr 12 17:08:37 2019
# 
0 2 3 4 6 7 9 11 12 13 14 15 16 17 18 19 21 22 27 28 32 33 34 35 36 37 39 41
1 4 7 10 11 12 14 15 18 19 20 22 23 24 26 27 28 30 31 32 33 35 36 38 39 40 41 42
2 5 9 10 11 14 15 16 17 18 19 21 23 24 25 26 27 28 29 30 32 33 34 35 36 37 38 39 40 41
3 4 5 6 7 8 11 13 14 15 16 17 18 19 20 23 25 27 28 29 30 31 32 33 34 37 38 39 40 41 42
4 4 7 10 13 14 15 17 18 19 20 21 23 24 26 27 29 30 31 32 33 34 35 36 39 42
5 7 9 12 14 15 16 17 19 20 21 22 23 24 25 26 27 28 29 30 31 32 33 34 35 36 38 39 40 42
6 8 10 11 12 13 14 15 16 17 18 19 20 21 22 23 24 25 26 28 29 30 31 33 34 36 37 38 39 40 42
7 9 10 12 13 14 16 17 18 19 20 21 23 24 25 27 29 30 31 32 34 35 36 37 38 42
8 8 9 10 12 13 14 15 16 17 18 20 21 22 23 24 25 26 27 28 29 30 31 34 35 36 37 38 39 40 42
9 11 12 13 15 16 17 19 20 21 22 23 24 26 27 28 29 30 31 32 33 35 36 37 38 40 41 42
10 10 13 14 15 16 20 21 23 26 27 28 29 30 31 32 33 34 35 37 38 39 40 41 42
11 13 14 15 16 17 18 21 23 25 26 27 28 29 30 31 34 35 36 37 39 40 41
12 13 14 16 18 21 22 23 24 25 26 27 29 30 31 32 33 34 36 37 39 40 41 42
13 32 34 33 38 17 23 24 25 26 27 36
14 17 19 20 21 22 24 27 30 31 32 35 38 39 41 42
15 17 18 19 21 23 24 25 26 28 30 32 35 40 41
16 18 19 21 22 25 26 27 28 29 35 38 40
17 19 20 22 24 25 27 28 29 30 32 33 34 35 36 39 40 42
18 18 20 21 22 23 25 27 28 33 34 36 39 40 41 42
19 20 22 23 24 25 26 27 30 35 37 38 39 41 42
20 21 22 23 29 31 32 34 36 37 38 42
21 21 22 24 29 31 34 35 36 37 41
22 23 24 25 27 28 29 30 32 37 38 39 41
23 24 25 27 29 34 36 38 41
24 25 26 30 31 37 38 39 41
25 25 28 32 33 34 35 36 39 40 41
26 28 29 31 34 37 38 39 40 41
27 30 32 41 42
28 32 33 35 36 38 39
29 29 31 32 33 35 37 41
30 31 32 33 34 36 38 40 42
31 33 34 36 37 38 39 41
32 33 36 38 41 42
33 34 35 37 39 40
34 36 37 39 40 42
35 37 38 40
36 38 40 41
37 39 40 41 42
38 39
39 42
40 40 41 42
41
42
