#kunkel.py
# GMT Fri Apr 12 17:08:39 2019
# 
0 1 3 4 7 9 11 12 14 15 16 17 18 22 23 25 26 29 30 31 32 33 34 36 37 38 39 41 42
1 2 5 9 13 15 17 18 20 22 25 26 27 28 31 33 34 35 36 37 40 41 42
2 3 4 6 8 9 12 17 19 20 21 22 25 26 27 28 29 30 31 33 34 37 39 40 41
3 4 6 7 9 12 13 15 16 18 21 22 23 25 26 28 33 34 35 36 38 39 40 41
4 5 6 9 13 15 16 17 18 19 23 28 29 30 31 32 34 35 39 41 42
5 6 7 8 9 10 12 13 14 15 17 20 21 23 24 26 27 28 31 32 33 35 37 38 39 40 41
6 6 8 9 10 11 14 16 17 19 22 23 24 27 30 33 34 35 36 38 39 41 42
7 12 13 14 16 17 20 21 22 27 31 32 33 34 35 37 38 39 40 41 42
8 9 10 13 14 15 16 17 19 20 22 24 25 30 32 33 34 36 37 39 40 42
9 16 18 20 21 22 24 27 28 30 32 33 34 36 37 38 41 42
10 12 15 17 19 24 25 26 27 28 30 31 32 33 35 36 37 38 39 40 42
11 13 14 15 16 17 19 21 23 24 25 26 27 29 30 31 32 33 34 36 38 39 41
12 15 16 21 22 24 25 26 27 29 30 31 32 33 34 35 36 37 39 40 41 42
13 16 17 18 20 24 25 26 29 31 32 33 34 35 36 37 38 39 40 41 42
14 15 18 22 23 27 28 29 30 31 32 33 34 35 36 38 40 41 42
15 19 22 24 28 29 31 32 33 34 36 38 39 40 41 42
16 17 18 19 22 24 26 27 28 29 30 31 32 35 36 37 38 39 40 42
17 18 21 22 23 30 31 32 33 34 35 36 37 38 40 41 42
18 22 26 29 30 31 32 33 34 35 36 37 38 39 40 41
19 20 22 23 24 26 27 28 29 30 31 34 36 37 38 39 40 41 42
20 21 22 25 26 28 29 30 31 32 34 35 37 38 40 41 42
21 22 23 26 27 28 29 30 31 33 34 35 36 37 38 39 40 41 42
22 25 27 28 31 33 34 35 36 38 40 41 42
23 24 26 29 30 31 32 33 34 35 36 37 38 39 40 41 42
24 28 30 31 32 33 34 35 36 37 38 39 40 41
25 25 29 30 31 32 33 34 35 36 38 39 40 41 42
26 27 30 31 32 33 34 36 37 38 39 41
27 28 30 31 34 37 38 39 41 42
28 30 31 32 33 34 38 40 41 42
29 30 31 32 33 35 36 37 38 39 40 41 42
30 31 32 35 36 37 38 41 42
31 33 34 36 37 40
32 35 36 37 39 40 41 42
33 37 39 40
34 35 42
35 38 41 42
36 38 40 42
37 38 39 42
38 38 39 41
39
40 41 42
41 42
42
