#kunkel.py
# GMT Fri Apr 12 17:08:42 2019
# 
0 3 5 7 8 9 11 14 15 16 17 18 20 22 23 24 25 26 27 28 29 30 31 33 35 36 37 39 40 41 42
1 2 3 4 7 9 12 13 15 17 18 19 20 21 22 23 24 25 27 28 29 30 31 34 35 36 37 38 39 40 41
2 3 7 10 11 12 13 14 16 17 18 20 21 23 25 26 27 28 29 30 31 36 37 38 39 40 41 42
3 4 6 8 10 11 14 15 17 18 19 20 21 22 24 25 26 28 30 31 32 33 34 35 36 38 39 40 42
4 5 6 8 9 10 11 13 14 15 16 17 18 19 21 22 24 25 28 30 31 32 34 35 37 38 39 40 42
5 6 9 10 11 12 19 20 22 23 24 25 26 28 29 30 31 32 33 34 35 36 37 38 39 40 41 42
6 11 12 14 16 18 19 20 21 22 23 24 25 26 27 28 29 30 31 32 33 35 36 37 38 39 40 41 42
7 8 9 11 15 16 17 19 22 26 27 28 31 32 33 34 35 37 38 39 40 41 42
8 10 11 13 14 15 16 17 18 19 20 21 22 23 25 26 27 31 32 33 34 35 36 37 38 39 40 41 42
9 11 14 15 17 18 19 20 21 22 23 24 25 26 27 29 31 32 34 36 37 38 39 40 41
10 11 13 15 16 17 19 20 21 22 23 24 26 28 30 31 32 34 36 37 38 40 41 42
11 11 16 17 18 19 20 23 25 26 27 29 30 32 33 34 35 36 37 38 39
12 13 14 17 18 19 20 22 24 25 26 27 28 29 30 31 32 33 34 36 37 38 39 41 42
13 16 17 19 20 21 22 23 24 25 27 29 30 32 33 34 35 37 38 39 40 41 42
14 15 16 17 18 20 22 24 25 27 28 29 30 32 34 36 37 39 40 41
15 15 16 17 18 19 20 21 22 23 25 26 27 28 30 31 32 33 34 35 36 37 38 40 41 42
16 17 18 19 20 21 24 25 26 28 29 31 32 34 36 37 38 39 41 42
17 17 19 20 21 23 24 25 27 29 31 32 33 34 35 36 41 42
18 20 21 22 24 26 28 29 30 32 38 39 41 42
19 21 25 26 30 32 33 35 36 37 38 42
20 22 23 24 26 27 30 38 39 42
21 22 25 26 29 30 33 35 36 39 40 42
22 22 23 24 26 27 28 30 34 37 38 40 41
23 26 27 29 30 33 34 35 37 39 41 42
24 25 26 27 28 29 30 31 36 37 38 40 42
25 26 29 30 31 35 37 38 41
26 27 28 31 33 34 35 39 40 41
27 31 33 38 39 40 41 42
28 29 30 31 33 34 36 37 39 40 41 42
29 31 32 35 37 38 39 40
30 33 34 35 36 37
31 32 34 38
32 34 35 37 42
33 34 35 36 39 40
34 35 36 38
35 35 37 38 39 40 42
36 37 38 39 40 41 42
37 37 40
38 39 40
39 40 42
40 41
41 42
42
