#kunkel.py
# GMT Fri Apr 12 17:09:03 2019
# 
0 1 7 10 11 12 13 16 17 18 20 24 25 27 28 29 31 32 34 35 36 39 40 41 42
1 2 3 5 7 8 9 10 14 16 19 22 23 24 26 27 28 29 30 31 33 34 35 36 37 40 41
2 3 8 11 12 13 15 18 19 20 21 23 25 29 30 31 32 33 34 35 36 37 39 40 41 42
3 4 5 6 9 11 13 14 15 17 21 22 23 24 25 27 29 30 32 34 35 36 37 38 39 40 41
4 5 6 8 9 13 14 17 18 19 20 21 22 24 25 29 30 31 32 33 34 35 36 37 38 39 40 41 42
5 6 8 9 10 12 14 16 17 20 22 24 25 26 27 28 31 32 34 35 37 38 39 40 41 42
6 8 9 10 11 16 21 22 23 26 27 28 31 32 34 35 37 38 39 40 41 42
7 8 9 13 14 16 18 19 22 23 26 27 29 30 31 34 35 36 37 38 39 40 42
8 9 13 14 15 16 17 18 19 23 27 28 29 31 32 33 34 35 37 38 39
9 10 13 15 17 18 20 23 26 29 31 32 33 34 35 38 39 40 41 42
10 11 12 16 18 20 23 25 28 30 31 32 33 35 36 38 39 40 41 42
11 17 19 21 24 25 27 28 29 30 31 32 33 35 36 37 38 39 40 41 42
12 14 15 18 19 21 22 23 24 25 28 29 30 31 32 33 34 36 37 38 40 41 42
13 17 19 22 26 27 28 29 30 31 32 33 34 35 36 37 38 39 40 41 42
14 16 17 18 21 24 28 29 30 31 33 34 35 37 38 40 41 42
15 16 17 19 20 21 22 23 24 25 28 30 31 32 33 35 36 37 38 39 40 41 42
16 16 17 20 21 25 26 27 29 31 33 35 38 39 40 41 42
17 17 18 20 25 27 28 29 30 31 32 33 34 35 36 37 38 39
18 19 20 22 23 24 26 28 29 30 31 32 34 35 36 37 38 39 40 41
19 23 24 27 28 29 30 31 36 37 39 40 41 42
20 21 23 24 26 27 30 31 32 34 36 37 38 39 40 41 42
21 23 24 27 28 29 30 31 34 36 37 38 39 41 42
22 23 26 27 28 29 30 31 32 33 35 37 39 40 42
23 24 28 30 31 32 33 34 36 37 38 39 40 41 42
24 27 29 30 31 32 33 35 36 37 38 41
25 26 27 28 29 31 32 33 34 36 37 38 39 40 41 42
26 26 27 28 29 30 31 32 33 34 36 37 38 40 41
27 28 29 31 33 36 38 39 40 41
28 31 32 35 37 38 40 41 42
29 30 31 32 33 34 36 37 42
30 31 32 36 37 40 42
31 35 37 39 40
32 35 36 37 38 42
33 35 36 37 38 39 41
34 34 35 36 38 39 41
35 35 37 38 41 42
36 38 39 40 42
37 39 41 42
38 40
39 40 41
40 42
41 41 42
42
