#kunkel.py
# GMT Fri Apr 12 17:09:08 2019
# 
0 0 2 3 4 5 6 9 10 11 12 13 14 16 17 18 19 22 24 25 27 28 29 30 31 32 33 35 36 37 38 39 40 41 42
1 2 3 5 6 7 10 12 13 14 15 16 18 20 21 22 24 25 27 28 29 31 32 33 36 37 38 39 40 41 42
2 4 6 8 10 12 13 14 15 19 20 23 25 26 27 30 31 32 33 37 38 39 41
3 5 6 8 9 10 12 13 14 16 17 19 21 22 25 26 28 29 32 37 39 41
4 33 36 5 7 8 9 10 11 12 14 40 18 21 23 24 39 27 30
5 7 8 10 13 15 18 20 21 24 25 26 27 29 30 31 33 36 37 38
6 32 35 7 40 9 10 12 34 14 17 19 21 24 25 26 28 42
7 7 10 11 12 15 19 20 21 22 23 24 26 27 30 32 33 40 41 42
8 8 13 14 17 19 21 22 23 26 27 29 30 31 33 34 37 39 40 42
9 33 37 40 42 13 15 16 17 18 24 25 26 27 28 29 30
10 11 13 14 15 18 23 24 26 32 34 36 38 41 42
11 33 35 40 41 39 14 15 17 18 19 22 24 36 26 28 29 31
12 14 16 17 18 20 21 22 24 28 29 30 31 32 33 34 36 37 40 41 42
13 18 20 21 23 24 25 27 31 32 33 35 36 40 41 42
14 15 16 17 20 21 26 29 34 35 38 39 40 41 42
15 15 16 17 18 19 20 21 26 27 28 29 31 32 34 36 37 40
16 34 38 39 40 41 18 35 20 21 22 23 24 28 42
17 18 21 22 24 26 30 31 33 34 35 37 40 42
18 20 23 25 26 28 29 30 31 32 34 36 37 39 40
19 19 21 22 24 25 27 28 31 32 33 34 35 36 38 39 40 42
20 34 36 42 39 35 21 23 27 28 30 37
21 21 23 24 25 28 29 30 31 35 38
22 23 24 26 27 30 31 32 33 34 37 38 39 40 41 42
23 24 25 26 28 30 32 34 35 36 40 41
24 25 27 28 30 32 34 35 36 41
25 26 29 30 32 33 34 36 38 41 42
26 29 30 31 34 35 40
27 28 29 31 33 34 35 39 40 41 42
28 29 35 37 38 40 41 42
29 30 32 34 37 38 39 40 42
30 33 34 35 36 37
31 35 33 41 42 37
32 35 36 37 38 39 42
33 38 39
34 35 36 38
35 36 37 38 39 42
36 38 39 41
37 40 38
38 39 40 41 42
39 40
40
41 41 42
42
