#kunkel.py
# GMT Fri Apr 12 17:09:10 2019
# 
0 1 2 5 6 8 12 13 15 16 17 20 21 22 23 24 25 27 28 30 33 35 36 38 39 40 41 42
1 3 4 5 6 12 15 17 18 21 22 23 24 30 31 32 33 34 35 37 38 39 42
2 6 7 8 15 17 20 21 22 26 28 29 30 31 32 33 34 36 37 38 39 40 41 42
3 4 7 8 10 11 13 14 15 16 18 19 20 23 24 28 29 30 31 32 33 34 35 36 37 38 41 42
4 5 7 10 11 12 13 17 19 21 22 25 28 30 32 33 34 36 37 38 39 40 41
5 6 8 11 12 14 17 18 19 20 21 22 27 28 29 31 32 33 34 35 36 37 39 40 41 42
6 7 8 9 10 12 17 18 20 22 23 25 27 28 29 30 32 33 35 36 37 39 40
7 8 10 11 13 14 16 18 20 21 23 24 30 32 33 34 36 37 38 39 40 41 42
8 9 11 12 13 16 18 24 26 30 31 32 33 34 35 36 37 38 39 40 41 42
9 10 17 19 24 25 26 27 28 29 30 31 32 33 34 35 36 38 39 40 42
10 10 14 15 19 20 21 22 23 26 28 29 31 32 33 34 35 36 37 38 39 40 41 42
11 13 15 16 17 18 20 24 26 27 29 30 32 33 34 36 37 39 40 41 42
12 13 14 15 16 17 20 22 25 26 28 30 31 32 33 34 35 37 38 39 40 41
13 14 16 21 27 28 29 30 31 32 33 34 35 36 37 39 40 41 42
14 16 17 19 20 22 23 24 26 27 28 30 31 33 34 35 36 37 39 40
15 16 18 19 24 25 28 29 30 31 32 33 34 36 37 38 39 42
16 16 19 22 24 27 30 31 32 33 35 36 37 38 39 40 42
17 17 19 21 24 26 27 29 30 31 32 33 34 35 36 37 38 41 42
18 19 23 26 27 28 29 30 31 32 34 35 36 37 38 39 41
19 25 28 29 30 31 33 34 35 36 37 38 40 41 42
20 22 23 25 26 28 31 32 33 34 35 36 38 40 41
21 23 24 25 26 27 29 30 32 33 34 39 40 41 42
22 22 23 24 27 30 31 32 33 37 38 40 41 42
23 23 26 27 28 29 30 31 32 33 34 35 36 38 40 41 42
24 25 26 27 28 29 30 31 33 36 37 38 39 40 41 42
25 26 29 30 31 32 34 35 36 37 38 39 40 41 42
26 28 31 32 33 34 35 37 38 39 40 41 42
27 27 28 32 34 35 36 37 38 39 40 41 42
28 29 31 34 35 36 37 38 39 41 42
29 30 31 32 35 36 39 40 41 42
30 31 32 35 36 37 40
31 35 38 39 41 42
32 33 35 36 40
33 38 39 40 42
34 35 37 38 39 41 42
35 38 39
36 38 40 41
37 38 39 40 41
38
39 40 42
40 42
41 42
42
