#kunkel.py
# GMT Fri Apr 12 17:09:11 2019
# 
0 1 2 3 4 5 8 9 11 13 14 18 20 22 23 26 27 28 29 33 36 38 39 40
1 2 3 6 7 9 10 13 16 18 21 24 27 28 31 32 33 36 38 40 41 42
2 7 10 11 14 15 16 17 19 20 21 25 27 28 30 31 32 33 34 36 39 40 41
3 5 8 10 11 14 15 17 20 22 23 24 26 28 31 32 33 35 36 38 39 41
4 5 6 8 10 13 14 15 17 18 19 20 21 22 23 25 27 29 33 36 39 41
5 6 7 9 11 12 13 14 15 16 17 20 22 23 24 27 28 30 31 32 36 37 39 41 42
6 7 8 9 12 14 15 16 18 24 25 26 27 29 34 35 37 39 40 41 42
7 35 33 41 10 39 14 16 18 42 21 22 23 25 28 29 30 37
8 9 10 12 13 17 18 19 21 22 26 27 28 29 30 32 34 36 38 39 40 41 42
9 10 11 12 13 15 16 19 20 23 28 32 35 36 37 40 41 42
10 12 14 15 18 21 23 28 29 31 32 33 34 37 38 40
11 12 13 14 15 16 18 23 24 27 29 30 31 33 35 37 41 42
12 14 15 16 19 21 23 26 27 29 34 35 37 39 40 41 42
13 15 16 18 19 20 25 26 27 29 31 33 35 37 39 40 41 42
14 32 38 15 40 22 25 26 27 29 39
15 17 20 21 22 23 25 26 30 31 37 38 40 42
16 19 21 22 23 24 25 28 29 30 32 34 37 39 40 41 42
17 32 35 38 39 41 42 34 40 19 20 22 24 25 28 30
18 20 21 24 27 30 31 33 34 35 37 38 39 40 41 42
19 20 21 24 25 26 27 29 30 35 36 37 38 40 42
20 23 25 29 31 33 35 36 37 38 39 40 42
21 21 22 26 29 30 31 33 35 36 37 38 40 41 42
22 24 27 28 29 30 32 34 36 39 41 42
23 25 26 27 30 33 35 36 37 39 40 41 42
24 25 27 30 31 34 35 36 37 38 40 41 42
25 26 27 28 29 33 34 35 37 40 41 42
26 26 27 28 29 31 32 33 35 36 38 39 40 41
27 28 30 31 34 35 37 38 39 40 42
28 38 39 33 41 42 37
29 30 31 32 39 40 41 42
30 32 35 36 38 39 40 41 42
31 32 33 40 34 42 39
32 32 33 34 35 36 37 39 40 41 42
33 35 37 39 40 42
34 34 35 36 38 39 40 41 42
35 36 40 42
36 39 40 41
37 38 39 41 42
38 38 39 40 41 42
39 40 42
40 40 42
41
42
