#kunkel.py
# GMT Fri Apr 12 17:09:12 2019
# 
0 32 42 2 3 4 5 6 7 41 10 14 15 16 18 19 21 22 23 26 27 29
1 3 4 5 6 7 15 16 17 20 21 23 24 29 30 31 32 35 36 37 38 41 42
2 3 4 10 11 12 13 17 18 19 20 21 23 29 31 32 34 35 36 39 40 42
3 5 8 9 13 15 19 20 22 23 24 25 30 32 34 35 37 38 39 41 42
4 10 11 12 17 20 21 22 23 24 26 28 29 31 32 33 34 35 36 37 38 39 40 41
5 9 10 13 17 18 19 21 22 23 24 25 27 28 29 30 31 33 34 35 39 40 42
6 9 11 13 14 15 16 18 19 21 22 24 25 28 29 33 35 36 37 38 40 41
7 8 9 10 12 14 15 16 18 19 21 23 24 26 27 28 29 30 31 34 40 41 42
8 11 13 14 15 19 20 21 22 23 25 26 28 29 32 34 36 38 39 40 41 42
9 11 12 13 14 16 17 19 20 21 26 27 28 31 32 34 38 39 40 41
10 10 11 12 13 14 16 17 19 20 23 28 29 30 33 37 39 42
11 32 37 13 14 17 42 22 40 24 25 26 27 29 30 31
12 13 15 18 19 20 21 22 23 24 25 26 28 29 33 34 36 37 39 41 42
13 14 15 20 23 25 26 27 28 29 31 33 34 35 37 41
14 33 34 38 17 18 22 41 24 39 26 27 42 30
15 16 18 19 20 21 22 23 24 27 28 29 31 32 37 42
16 32 33 18 19 41 22 23 26 38 28 42 37
17 19 22 24 26 28 30 31 32 33 35 37 38 40 41 42
18 19 20 22 27 28 30 31 32 35 36 37 39 42
19 25 27 28 30 31 33 38 39 40 41 42
20 21 27 28 29 31 32 33 36 38 39 40 41 42
21 23 26 32 33 35 36 39 40 41 42
22 24 27 30 32 33 35 36 38 40
23 25 27 29 30 31 33 36 41
24 29 30 31 34 35 37 38 39 40 41 42
25 33 36 39 38 42 40 41 26 27 29 30 31
26 32 34 33 38 41 40 42
27 27 34 35 36 37 38 39 40 41 42
28 33 34 35 37 40 41 42
29 31 32 36 38 41 42
30 31 32 34 36 37 38 39 40 41 42
31 34 35 38 41 42
32 35 37 38 42
33 34 36 37 39 40 41 42
34 39 35 41 36
35 39 41 42
36 37 38 42 39
37 41 42
38 40 41
39 41 42
40 41 42
41 42
42
