#kunkel.py
# GMT Fri Apr 12 17:09:18 2019
# 
0 2 4 7 10 11 12 13 14 15 17 19 20 22 23 24 26 28 29 30 32 33 34 35 38 40 41 42
1 2 4 5 8 9 10 14 16 18 19 20 21 22 23 24 27 28 29 30 31 32 33 35 36 39 40 42
2 3 7 9 10 11 13 15 17 19 20 22 24 25 26 27 28 30 31 33 34 35 36 37 38 39 40 41 42
3 4 5 10 11 12 15 16 17 18 26 27 29 30 31 32 33 34 35 38 39 41 42
4 8 12 13 14 17 18 20 23 24 26 28 29 30 31 32 34 35 37 38 39 40 41
5 5 6 7 8 10 14 15 16 17 18 19 20 23 25 28 29 30 31 32 33 34 35 36 37 38 39 40 42
6 7 12 13 17 19 21 22 25 26 27 28 29 30 31 32 33 37 38 39 40 41 42
7 8 9 12 13 14 15 21 22 23 24 28 31 32 33 34 35 37 38 39 40 41
8 12 13 14 15 16 17 19 22 24 25 27 28 30 32 37 38 39 40 41 42
9 12 13 14 16 18 20 22 23 24 26 28 29 30 31 32 33 34 35 36 39 40 41 42
10 11 13 19 20 21 23 24 25 27 29 30 31 32 33 34 35 36 37 39 41
11 12 13 14 17 19 22 23 24 28 29 31 32 33 34 35 37 39 40 41 42
12 14 15 18 20 23 24 25 28 30 31 32 37 38 40 41 42
13 14 15 17 18 21 23 25 28 30 31 32 34 36 37 38 39 40 42
14 20 22 25 29 30 31 32 33 34 35 37 40 41 42
15 16 17 18 21 22 24 26 27 29 31 34 35 36 37 38 39 40 41 42
16 17 18 21 23 25 26 30 33 34 35 36 37 38 39 40 41 42
17 20 24 27 28 29 30 31 32 35 36 37 38 39 41 42
18 19 20 24 25 30 31 32 33 34 35 36 38 39 40 41 42
19 21 22 24 25 27 28 29 31 32 33 35 38 39 40 41 42
20 20 23 28 29 30 31 32 33 34 35 36 37 38 39 41 42
21 21 22 23 24 26 28 29 30 32 33 34 35 37 38 40 41 42
22 23 24 25 26 27 28 29 30 31 33 34 35 36 37 38 39 40 42
23 24 27 28 30 31 32 33 34 35 36 37 38 39 40 41 42
24 25 28 29 30 31 32 33 36 38 39
25 27 28 29 30 31 32 33 34 35 36 37 38 39 40 41 42
26 27 28 29 30 31 32 33 35 36 37 38 39 40 41 42
27 28 29 30 31 32 33 34 35 37 38 39 40 41 42
28 30 31 35 37 40 41
29 31 35 36 38 40 42
30 32 33 34 38 39 40
31 33 34 35 36
32 35 36 37 40
33 34 35 37 38 40 41 42
34 41
35 36 37
36 38 40 41 42
37 39 41
38 39 40 41
39 40 41
40 41
41 41 42
42
