#kunkel.py
# GMT Fri Apr 12 17:09:19 2019
# 
0 1 2 3 5 6 7 8 10 12 14 16 18 21 22 28 29 33 35 38 39 40 41 42
1 1 2 4 5 6 8 9 10 12 16 17 18 21 22 23 26 31 32 33 38 39 40 41 42
2 2 3 5 7 8 17 20 21 22 23 24 25 26 27 30 33 35 38 39 40 41
3 6 8 9 11 13 16 17 18 22 24 25 26 27 29 30 31 32 34 36 38 39 40 42
4 6 7 9 10 11 13 17 18 19 20 21 24 27 28 30 31 33 35 36 37 38 40 42
5 6 13 16 17 21 23 25 26 28 29 30 32 33 34 36 37 38 39 40 41 42
6 34 38 7 9 42 11 12 14 18 41 23 24 36 28 39
7 7 11 13 15 20 21 22 23 24 25 27 28 30 34 35 38 39 41 42
8 10 12 13 14 15 16 18 19 20 26 27 28 30 31 33 34 35 36 39 40 41 42
9 11 12 13 14 15 16 18 19 23 25 27 29 30 31 32 35 38 41 42
10 11 12 14 16 18 20 21 23 24 28 29 30 31 32 33 35 36 39 40 41
11 12 13 14 17 22 25 27 29 31 32 33 35 36 37 39 41
12 13 15 17 20 21 23 27 28 29 30 32 34 38 40 41 42
13 14 15 17 19 20 22 23 25 26 28 30 31 40 41 42
14 14 17 19 21 22 23 24 26 27 30 33 34 36 37 38 39 40 41 42
15 32 33 34 35 38 41 39 17 19 21 40 25 26 27 28 42
16 17 18 19 21 22 23 25 30 31 34 36 37 39 40 41 42
17 19 21 24 25 26 27 31 32 40 41 42
18 18 22 23 24 25 26 28 29 31 32 35 37 39 40 41 42
19 20 21 22 23 25 27 28 29 30 32 34 35 38 39 41 42
20 21 22 23 24 25 30 34 35 36 37 39 40 41 42
21 22 23 24 27 29 34 37 39 40 42
22 25 28 29 30 31 33 34 36 37 38 40 41 42
23 28 29 32 36 38 39 40 41 42
24 25 26 29 31 32 35 36 38 39 40 41
25 27 30 31 32 37 39 40 41 42
26 26 27 29 30 31 32 35 36 37 39 40 41 42
27 31 33 34 36 38 40 42
28 32 41 39 40 33 38 37
29 30 31 32 33 34 37 38 40 42
30 33 35 36 38 39 41 42
31 34 37 38 39 41
32 33 35 36 37 39 41 42
33 35 41 40 39 36
34 38 39 40 37 41
35 40 41 39 36
36 37 38 39 40 42
37 38 40 41 42
38 39 40 41 42
39 41
40 41 42
41
42 42
