#kunkel.py
# GMT Fri Apr 12 17:09:20 2019
# 
0 1 3 4 5 7 8 9 10 12 13 14 15 17 18 19 20 21 22 23 24 25 26 27 31 32 33 34 35 37 38 40 41 42
1 2 3 4 6 8 9 10 13 15 16 17 20 21 22 23 27 28 29 30 31 32 33 34 35 36 37 40 41 42
2 2 3 5 8 9 10 11 12 13 15 16 17 18 21 22 23 26 27 28 29 31 32 34 37 38 39 40 41 42
3 8 9 10 12 13 14 15 16 17 19 21 23 24 26 27 28 29 30 31 32 33 34 35 36 37 38 39 40 42
4 5 6 7 8 9 10 11 12 14 15 16 17 19 20 21 22 23 25 26 27 28 29 30 31 33 34 35 36 38 40 42
5 32 37 6 7 10 34 14 16 18 19 22 23 24 25 26 38 29 31
6 7 10 11 12 14 15 16 17 18 21 23 26 27 28 30 33 34 37 38 40
7 8 9 12 13 16 17 18 24 27 28 29 31 32 33 35 36 38 41 42
8 33 38 11 13 15 34 17 18 20 32 22 36 26 29 31
9 11 14 15 19 20 21 23 24 25 26 28 30 34 37 38 39 40 41 42
10 10 15 16 18 21 22 23 25 27 28 31 32 33 34 35 38 39 40 41
11 13 14 16 18 19 20 21 22 25 27 29 30 31 32 35 36 37 39
12 40 39 36 16 18 35 20 23 24 25 26 28 29 30 31
13 16 17 19 20 21 23 25 26 27 29 30 31 32 33 34 38 39 42
14 16 17 19 20 22 23 26 29 33 36 37 38 39 41 42
15 18 19 23 24 28 29 31 32 33 34 35 38 41 42
16 19 22 24 25 29 30 32 33 37 38 40 42
17 18 19 20 21 23 25 27 28 30 36 37 39 40 41
18 20 21 24 25 26 27 28 32 33 34 35
19 32 39 42 35 21 24 28 30 31
20 34 35 32 42 23 25 27 39 36
21 22 23 24 25 26 27 28 29 37 41 42
22 23 24 26 27 28 30 32 33 38 39 40
23 25 29 31 32 33 34 35 36 37 39 40
24 26 28 29 30 31 33 34 35 36 37 39 41
25 26 28 31 37 39 40 41 42
26 30 32 34 37 40 41
27 29 30 31 32 33 35 36 38 41
28 29 30 31 35 38 39 40
29 29 30 34 36 37 39 40 41
30 31 32 33 34 35 37 39 42
31 35 36 38 41 42
32 33 36 38 42
33 34 36 37 38 39 40 41
34 34 35 36 38 39
35 39 40 42
36 37 38 39 42
37 38 41 42
38 39
39 40
40 41 42
41 42
42 42
