#kunkel.py
# GMT Fri Apr 12 17:09:35 2019
# 
0 2 4 7 9 10 16 17 20 21 22 23 25 26 27 28 29 31 32 33 34 35 36 37 38 39 40 41 42
1 1 4 5 6 7 8 10 11 12 13 15 17 19 20 21 23 24 26 27 28 29 31 32 33 35 36 37 38 39 40 41
2 2 4 5 6 8 9 10 11 12 14 15 16 19 20 21 22 23 25 26 27 28 29 31 32 33 34 35 36 38 40 41 42
3 8 9 10 12 13 14 15 17 18 19 20 21 22 24 25 26 27 28 29 30 31 32 33 34 35 36 37 38 39 40 41 42
4 6 8 9 10 11 12 13 14 15 17 18 19 21 22 24 26 27 28 29 30 31 32 34 36 37 38 39 40 42
5 7 8 10 11 12 13 14 15 16 17 18 19 20 21 23 24 25 27 29 30 31 32 34 35 36 37 38 39 40 41
6 7 8 10 11 13 14 15 16 17 18 19 20 21 22 23 24 25 26 28 29 30 31 32 34 35 37 38 42
7 10 14 15 16 19 21 23 24 25 26 27 28 31 32 33 34 36 38 40 41 42
8 9 12 16 18 19 22 23 24 25 26 27 29 30 35 36 42
9 10 11 15 16 17 18 21 24 26 27 32 33 34 36 38 40 41 42
10 15 16 20 22 24 25 26 27 28 29 30 34 35 37 38 39 42
11 11 12 13 15 16 17 18 19 23 25 26 28 29 30 32 34 37 42
12 13 16 18 19 23 24 26 27 30 32 33 38 39 40 41
13 14 16 17 18 20 21 25 28 29 31 32 35 36 37 39 41 42
14 17 19 20 21 24 25 26 29 32 33 34 35 36 37 38 41 42
15 19 22 23 25 27 28 30 32 33 34 35 38 39 40 41 42
16 18 19 21 23 26 29 31 33 35 36 37 39 40 41 42
17 20 21 22 23 24 25 29 30 32 33 34 35 36 37 40 41
18 33 36 19 20 41 24 25 27 28 37 31
19 20 21 23 24 25 26 29 32 35 36 38 40 42
20 21 22 25 26 27 30 38 39 40 41 42
21 23 27 31 33 34 37 38 41
22 22 23 24 25 26 27 28 31 35 36 39 41
23 24 25 28 29 30 32 40
24 27 30 31 32 34 37 38 39 40 41
25 27 31 32 35 36 37 39 40 42
26 26 29 30 33 34 36 37 39 41 42
27 28 29 32 34 36 38 42
28 29 30 31 32 33 34 35 37 38 39 41
29 30 31 32 33 37 40 41
30 32 34 36 39 41 42
31 32 33 39 40 41
32 32 33
33 34 38 40 41
34 35 36 37 40 42
35 37 38 39 40 41 42
36 36 38 40 41
37 37 38 39
38 39 40 42
39 39 41 42
40
41 42
42
