#kunkel.py
# GMT Fri Apr 12 17:09:44 2019
# 
0 3 5 8 9 10 11 12 14 15 16 17 18 19 20 25 26 27 28 29 30 31 32 33 34 35 36 37 39 41 42
1 3 5 6 7 10 11 12 13 14 15 16 17 18 21 22 23 24 25 26 28 29 30 31 33 34 36 37 38 39 41 42
2 3 5 6 7 8 12 15 19 20 21 22 24 25 27 28 30 31 32 33 35 41 42
3 6 7 8 9 11 14 15 16 19 21 22 23 24 25 26 27 29 32 35 36 37 38 42
4 4 8 9 10 12 14 15 17 19 20 23 26 28 29 31 32 34 35 37 38 40 41
5 7 10 11 13 14 15 16 17 21 22 23 26 29 32 33 34 35 38 39 40 41
6 8 9 10 11 12 13 14 18 19 20 22 23 24 30 34 35 36 40 42
7 11 13 17 18 20 21 22 24 25 27 28 29 30 32 33 35 37 40 41
8 9 13 14 15 16 17 18 20 21 22 23 27 31 33 34 39 40 42
9 33 34 37 41 11 12 14 16 18 19 20 25 26 28 29 35
10 12 17 18 21 23 24 25 27 28 30 31 35 36 38 39 40 42
11 16 20 22 24 25 27 28 29 30 31 34 35 37 38 42
12 12 13 15 16 17 18 19 22 24 25 28 32 33 36 37 39 40
13 13 15 20 22 23 24 26 30 33 34 35 36 37 38 39 40 41 42
14 15 16 19 21 22 23 24 29 32 34 36 37 39 40
15 16 19 21 22 23 25 26 28 30 31 36 38 40
16 17 19 20 23 24 28 29 31 33 34 37 39 40 42
17 19 23 26 27 28 30 33 34 35 37 38 39 41 42
18 34 35 32 37 39 22 23 36 27 28 29 30 31
19 20 21 23 24 31 32 33 34 36 40 41
20 23 26 27 28 30 33 37 38 39 41 42
21 22 24 26 28 30 33 34 37 39 40 41 42
22 27 28 30 31 36 37 40 42
23 25 27 29 30 31 35 40
24 25 26 27 31 32 35 38 39 41 42
25 26 27 28 29 30 32 33 34 36 37 38 39 41 42
26 34 38 40 41 27 28 29 37
27 33 36 40 38 42 29
28 30 32 34 35 37 39 40
29 31 32 33 36 38 39 41 42
30 31 35 36 39 41 42
31 33 34 35 36 37 39 41
32 35 38 40 41 42 39 36
33 37 38 39 40 41
34 38 39 41 42
35 39 37
36 37 40 41
37 38 40 41 42
38 39 40 42
39 39 40
40
41 42
42
