#kunkel.py
# GMT Fri Apr 12 17:09:54 2019
# 
0 1 3 4 5 8 11 12 13 14 15 17 19 20 23 24 25 26 27 28 29 30 31 32 33 34 35 36 37 38 40 41 42
1 1 2 3 8 10 11 12 14 15 17 18 19 20 21 22 23 25 26 28 29 30 31 32 33 34 35 36 37 38 39 40 41 42
2 3 5 6 9 10 11 12 14 15 16 17 18 19 20 21 22 23 24 25 26 27 28 29 31 37 38 39 40 41
3 5 7 10 12 13 14 16 17 19 20 22 23 24 26 28 31 32 33 34 35 36 37 38 39 41 42
4 4 5 6 7 8 9 10 11 12 13 15 16 17 19 20 22 23 24 25 26 27 29 31 32 33 35 36 37 39 40
5 8 9 10 12 13 14 15 16 17 18 19 20 21 22 24 26 27 28 30 31 32 34 35 36 37 39 40 41
6 6 11 12 13 14 16 17 18 21 22 23 24 25 26 27 28 29 31 32 33 34 35 36 37 38 39 41 42
7 8 9 10 11 12 13 14 16 17 18 21 23 24 25 26 27 28 30 31 32 33 34 35 36 37 38 39 40 41 42
8 8 9 11 12 15 17 20 21 22 23 24 26 27 28 29 30 31 34 35 36 37 38 39 40 41 42
9 12 14 15 16 17 18 19 22 23 24 25 26 27 28 29 30 31 33 34 38 39 40 41 42
10 13 15 16 17 18 19 22 23 25 26 27 29 31 32 33 34 35 36 37 38 39
11 18 22 23 24 27 28 31 32 33 36 37 38 39 40 41 42
12 13 15 16 19 20 21 25 28 30 32 37 39 42
13 13 14 15 18 19 20 21 22 24 25 27 28 29 32 33 34 35 37 40 41
14 15 16 19 20 21 22 26 27 35 37 38 40 42
15 16 18 19 20 21 22 23 29 31 33 34 38 40 42
16 19 20 21 23 25 27 28 29 35 39 41 42
17 20 21 23 28 29 31 32 36 38 40 41 42
18 20 22 23 24 28 33 34 35 36 38 39 41
19 19 21 23 24 26 28 30 35 36 37 41 42
20 21 30 32 34 36 39 41 42
21 23 25 27 29 30 31 33 36 38 42
22 25 27 30 33 34 35 36 39 41
23 24 27 29 32 34 35 37 38 39 42
24 24 26 27 28 29 31 33 36 40 41
25 25 27 30 31 32 33 34 38 39 40 41 42
26 27 28 31 32 33 34 38 39 40 41
27 29 30 33 36 38 40 41 42
28 29 30 31 32 34 35 38 39 40
29 30 32 34 38 41
30 30 31 34 35 36 37 38 39 41 42
31 32 33 34 35 36 37 39 40 41
32 32 33 37 38 39 41
33 34 35 36 38
34 35 36 40 42
35 36 37 38 39 42
36 36 39 41 42
37 38 40 41 42
38 41 42
39 42
40 42
41 42
42
