#kunkel.py
# GMT Fri Apr 12 17:09:59 2019
# 
0 6 7 10 12 13 14 15 16 17 18 19 20 23 26 28 29 30 31 32 33 36 37 38 40 41 42
1 4 5 6 7 8 9 10 11 12 14 15 16 17 20 22 23 27 28 31 32 33 34 35 36 37 39 40 41 42
2 3 4 11 13 15 17 19 21 23 24 26 27 28 29 30 31 34 35 36 37 38 39 40 42
3 5 6 7 9 11 13 14 15 16 19 22 23 24 25 29 31 32 34 35 36 37 38 40
4 7 8 11 12 13 16 20 22 23 24 25 28 29 30 31 32 35 36 37 39 40 41 42
5 7 8 9 12 13 16 18 19 22 25 27 28 30 31 32 34 36 37 38 40 41 42
6 7 8 12 13 14 16 18 19 20 23 24 25 28 30 31 32 33 37 38 39 40 41 42
7 8 9 10 12 13 14 16 17 18 19 23 24 25 29 31 32 33 35 36 37 38 39 40
8 12 13 15 17 18 19 22 27 29 30 32 34 35 36 38 39 40 42
9 10 11 12 13 17 18 19 20 21 23 25 26 29 31 33 34 36 37 38 39 40 41 42
10 10 12 19 20 21 22 25 26 27 30 31 32 33 34 35 36 37 39 40 41
11 13 14 15 17 18 20 21 22 27 29 31 32 33 34 35 37 38 39 41 42
12 12 15 21 22 25 26 28 30 31 32 33 34 35 36 38 39 42
13 15 16 20 22 27 28 29 30 31 32 33 35 36 37 38 40 41 42
14 15 19 20 24 25 26 27 29 30 31 33 34 35 36 38 39 40 41 42
15 17 18 19 21 24 25 26 30 31 32 33 34 35 36 37 38 39 41 42
16 18 19 20 21 22 24 26 28 29 30 31 32 33 34 35 36 37 39 41 42
17 18 19 20 21 24 25 30 33 34 35 36 37 38 40 41 42
18 18 20 22 23 24 25 30 31 32 33 34 35 36 37 38 41
19 20 22 25 26 29 30 31 34 36 37 38 41 42
20 21 22 23 27 28 29 30 31 33 34 35 36 37 38 41 42
21 22 23 28 29 31 33 34 36 37 38 39 40 41 42
22 25 27 29 32 33 34 35 37 39 40 41 42
23 25 26 28 30 31 32 33 34 35 36 37 38 39 41 42
24 25 26 29 30 32 33 34 35 36 37 38 39 40 41 42
25 26 27 29 31 32 33 36 37 38 39 40 41
26 28 29 30 31 32 33 34 35 36 38 39 40 41
27 29 30 32 33 34 35 36 37 38 39 40 41 42
28 30 31 32 33 34 35 36 37 38 39 41 42
29 30 31 32 34 37 38 39 40 41 42
30 30 31 32 34 35 38 40 42
31 33 34 37 38 39 40 41 42
32 35 38 40 41
33 35 37 39 40 42
34 36 39 40 42
35 36 37 38 40
36 36 37
37 39 40 41
38 41
39 40
40 41
41
42 42
