#kunkel.py
# GMT Fri Apr 12 17:10:13 2019
# 
0 2 3 4 6 7 10 11 13 14 15 16 22 23 25 26 27 29 31 32 33 34 35 36 37 39 40 41
1 3 4 7 10 12 14 15 17 18 19 22 23 25 26 27 28 29 30 31 33 35 36 37 38 42
2 6 7 10 11 14 15 18 19 20 21 24 25 27 28 30 32 33 34 37 38 39 40 41
3 4 5 6 7 9 10 11 13 14 16 17 18 19 22 23 24 26 27 28 30 31 32 34 36 39 40 41 42
4 5 6 7 8 15 16 18 19 24 25 27 28 29 30 31 32 33 34 35 36 37 40 41
5 6 8 9 11 12 13 16 18 21 22 24 25 27 29 32 33 34 35 36 38 39 40 41 42
6 9 10 13 17 19 20 23 24 25 26 29 30 31 32 33 34 36 37 38 39 40 41 42
7 8 12 16 17 18 21 23 24 25 27 28 29 30 31 33 34 35 36 37 38 40 41
8 9 10 12 13 16 19 20 21 22 23 24 26 28 30 31 32 34 36 37 38 39 40 41 42
9 11 13 14 15 18 20 21 22 24 26 27 28 29 30 31 33 34 35 36 38 39 40 41 42
10 15 16 17 21 23 24 25 26 27 29 30 31 32 33 34 35 36 37 38 39 41
11 13 14 16 17 18 21 22 23 25 26 27 29 32 34 35 36 37 38 39 40 41 42
12 13 14 16 21 23 24 25 26 27 28 29 30 31 32 36 38 39 40 41
13 15 16 17 20 21 23 25 27 29 30 31 32 34 35 36 37 38 39 40 41 42
14 15 17 20 21 22 23 24 26 27 28 29 30 31 32 33 34 35 36 37 38 39 41
15 18 19 22 23 24 25 26 27 28 29 30 31 33 36 38 39 40 41
16 16 17 20 22 23 25 26 27 28 30 32 33 34 35 36 37 38 39 41 42
17 18 19 20 21 22 24 25 26 27 28 29 31 32 33 34 35 36 37 38 40 41 42
18 18 23 24 25 27 28 30 32 33 34 35 37 38 39 40 41 42
19 21 23 25 26 27 28 29 30 32 33 34 35 36 37 38 39 40 41 42
20 23 24 25 26 27 28 29 30 31 34 36 37 38 39 40 41 42
21 23 24 25 26 28 29 32 33 34 35 36 37 39 40 41 42
22 23 24 25 26 27 28 30 31 32 33 34 35 37 38 39 40 41 42
23 25 26 29 30 31 32 33 34 35 40 42
24 25 29 33 34 36 37 38 39
25 26 31 32 34 35 36 38 40
26 28 33 34 35 36 39 42
27 28 29 31 33 36 37 39 40
28 32 34 35 38 39 41 42
29 31 33 34 35 37 38 39 41
30 31 32 33 34 37 38 39 40 41 42
31 31 37 39 40 42
32 33 35 36 38 40
33 34 35 36 37 39
34 35 36 41 42
35 39 40 41 42
36 37 38 41 42
37 38 39 40 41
38 39
39 42
40 41 42
41 41
42
