#kunkel.py
# GMT Fri Apr 12 17:10:19 2019
# 
0 1 3 6 8 9 10 12 16 18 20 22 23 25 26 27 30 31 32 33 34 35 36 39 40
1 5 7 11 12 14 17 19 22 24 25 26 27 28 30 31 33 34 35 36 37 38 39 41 42
2 2 3 4 7 9 10 12 15 16 18 19 23 25 26 28 30 31 32 33 34 35 36 37 38 39 40 41 42
3 4 5 6 10 11 12 14 17 18 19 20 22 25 26 28 29 31 32 33 34 35 36 37 40 41 42
4 5 8 9 11 13 14 17 20 22 23 29 30 31 32 34 35 36 37 38 39 40 42
5 6 7 10 11 13 15 16 17 21 23 24 26 27 28 29 30 31 32 33 34 35 36 37 38 39 40 41 42
6 7 8 9 15 17 19 21 22 24 26 27 28 29 30 31 32 34 35 36 37 38 39 41 42
7 9 10 11 13 15 16 19 21 24 26 29 30 31 32 33 34 35 38 39 40 42
8 9 10 11 13 14 15 19 21 23 24 27 28 30 31 32 33 34 35 36 37 38 39 40 41 42
9 13 15 17 18 22 24 26 29 30 31 32 33 34 36 37 38 40 41
10 12 13 14 15 17 18 19 20 25 27 28 29 30 31 32 33 34 35 36 37 38 39 41
11 12 14 18 19 20 21 23 25 26 28 29 30 31 34 35 37 39 40 41 42
12 12 13 16 17 21 22 26 28 29 30 31 32 33 34 35 36 37 38 39 41 42
13 16 19 21 22 25 26 27 28 29 30 32 33 34 38 39 40 41 42
14 16 17 18 22 23 26 29 31 32 33 34 37 38 39 40 41 42
15 16 17 18 23 24 25 28 29 31 35 36 37 38 39 40 41 42
16 16 18 21 22 24 26 29 30 31 33 34 35 36 38 39 40 41 42
17 19 20 22 24 25 29 30 31 32 33 34 35 36 37 39 40 42
18 18 21 22 23 25 26 28 29 30 31 32 33 35 36 37 38 39 41 42
19 20 27 28 30 31 32 33 36 37 38 41 42
20 21 24 25 26 27 28 29 30 31 32 33 34 35 37 38 40 41 42
21 22 23 25 28 29 30 31 32 33 34 35 36 37 38 41 42
22 23 24 25 26 27 28 31 32 33 34 36 37 38 39 40 41 42
23 25 28 29 30 31 33 35 36 37 38 39 40 41 42
24 26 28 29 30 31 33 34 36 37 38 39 41 42
25 26 28 29 30 31 32 33 34 35 36 37 38 39 40 41 42
26 28 29 30 32 35 36 37 38 40 41
27 27 28 29 30 31 32 33 34 35 36 37 38 39 40 41 42
28 30 31 33 35 36 37 39 40 41 42
29 29 34 37 38 39 42
30 37 39 40 41 42
31 31 32 39 40
32 33 34 42
33 34 36 40 42
34 34 37 38 39 42
35 36 39 40 41
36 37 38 42
37 40 41 42
38 40
39 40
40 42
41 42
42
