#kunkel.py
# GMT Fri Apr 12 17:10:30 2019
# 
0 2 3 5 6 8 10 12 13 14 15 16 17 18 20 21 22 23 24 25 28 30 34 35 36 38 39 40 41 42
1 5 6 10 11 12 13 15 17 18 19 21 23 24 25 26 28 29 30 31 32 35 37 38 39 40 42
2 4 5 8 9 12 13 15 16 17 18 22 23 24 29 31 32 33 35 36 37 38 39 40 41 42
3 6 13 14 16 20 21 23 25 26 27 28 30 31 32 34 35 37 38 39 40 41 42
4 5 7 9 10 11 12 14 18 19 21 22 23 24 25 27 28 30 31 32 33 34 35 36 38 40 41 42
5 6 12 14 16 18 20 22 25 29 30 31 33 34 35 36 38 40 41 42
6 7 8 9 10 11 13 14 15 19 21 25 27 29 31 33 34 35 38 39 40 41 42
7 8 11 15 16 17 19 20 21 23 24 25 27 28 31 32 33 34 38 40 41 42
8 9 13 16 17 18 19 22 23 25 26 29 31 32 33 34 38 39 40 41 42
9 10 12 13 17 18 21 22 23 24 26 28 31 33 34 35 37 38 39 40 41 42
10 11 14 15 18 19 20 21 22 24 27 29 31 33 34 35 36 37 39 40 41 42
11 12 13 14 16 17 18 19 20 22 23 27 28 30 31 32 33 34 36 37 38 40 41 42
12 14 15 19 21 22 23 24 25 26 27 33 34 35 36 37 38 40 41
13 13 14 16 18 19 22 24 26 28 31 32 33 34 35 36 37 38 39 41
14 17 18 20 22 25 26 28 29 32 34 35 36 37 38 39 41 42
15 18 19 20 25 27 28 29 31 32 33 35 36 37 38 39 40 41 42
16 32 35 41 42 34 17 19 39 33 27 37 30 31
17 19 24 25 26 27 28 29 30 31 33 34 35 36 37 38 39 41 42
18 20 21 22 24 25 27 30 31 32 33 34 35 36 37 38
19 22 24 29 30 31 32 33 34 35 36 37 38 39 40 41
20 21 25 26 28 29 32 33 34 35 36 37 38 39 40 41
21 22 24 25 27 29 31 35 36 39 40 41 42
22 23 26 28 29 31 32 33 34 35 36 37 39 41
23 24 26 27 28 31 32 33 34 35 37 39 40 41 42
24 25 32 33 34 35 36 38 39 40 41
25 26 27 31 32 33 34 35 36 38 39 41 42
26 26 27 28 31 32 34 36 38 39 40 41 42
27 28 31 32 33 34 35 36 37 39 41 42
28 34 35 36 37 40 41 42
29 31 32 34 35 36 37 38 39 40 42
30 34 35 32 40 41 36 33 38 37 39 31
31 35 37 40
32 33 35 36 39 40 41
33 33 35 36 37 38 42
34 38 42
35 37 38 39 41
36 37 38 39 40 41 42
37 39 40 41
38 39 40 42
39
40 40
41 42
42
