#kunkel.py
# GMT Fri Apr 12 17:10:31 2019
# 
40 2 6 20 41 22 36 42 39 17 4 8 9 18 16 1 27 12 19 5 31
33 20 41 22 13 24 42 32 23 4 18 16 1 27 14 12 29 19 3 36 21 31
1 9 41 22 24 26 17 14 8 6 16 28 25 2 35 37 39 10 4 18 32 12 29 3 38
41 41 22 36 24 6 16 28 42 5 21 35 13 39 10 23 4 18 27 34 38
0 19 30 22 36 26 32 17 37 8 9 18 16 20 42 14 34 15 29 38 21 31
36 36 26 11 16 28 19 29 21 25 2 7 23 4 18 20 27 32 34 3
24 2 6 20 38 35 42 17 10 8 9 28 14 19 15 3 7 21
26 25 29 6 30 37 22 23 38 8 4 18 31 14 34 15 3 7
17 16 15 5 21 25 19 13 22 42 37 23 4 20 27 14 29 3 38
14 14 8 6 11 31 5 7 25 35 22 42 10 23 9 32 12 3
8 2 30 20 5 39 9 18 16 27 12 34 15 3 21 31
9 15 6 11 16 30 19 5 7 21 2 35 18 20 27 32 3
11 22 42 30 15 5 7 21 25 2 13 39 19 37 23 20 27 32 12 34 3 38
16 42 28 5 34 21 25 13 22 39 27 29 3 38
30 6 31 42 5 34 25 35 22 39 23 4 20 27 12 29 3 38
28 15 5 29 2 35 37 39 7 10 13 4 42 32 34 3 38 31
19 42 5 21 2 35 13 39 37 23 4 20 12 34 3
5 22 6 7 21 25 37 39 10 20 27 32 12 31
29 25 2 20 22 39 4 42 32 15 7 21 31
21 7 25 22 39 38 10 4 18 27 32 34
25 22 6 15 7 2 35 42 38 18 20 12 34
15 6 31 35 13 7 10 4 18 27 12 34 38
6 2 35 37 13 3 42 10 18 34 4
35 31 2 13 39 4 18 20 27 32 12 3 38
37 2 20 13 42 10 23 4 27 32 18 34
22 2 39 4 18 32 12 38
23 13 18 42 10 32 4 12 34 38
42 31 7 13 18 12 38
7 31 39 10 20 27 18 3 38
10 31 2 39 13 18 20 27 32 34 3
13 39 4 20 27 12 34 3 31
39 2 18 34 38 31
4 2 27 38
18 20 31 27 34 3
2 31 27 32 3
20 31 20 34 38
27 38 31
32 31 34 32 12 3
12 31 34 3
34 3
3 31
38
31
