#kunkel.py
# GMT Fri Apr 12 17:10:31 2019
# 
9 33 2 41 13 26 42 10 37 23 9 16 20 27 32 12 34 15 5 38 21 31
33 1 22 36 26 32 6 11 16 28 19 5 7 2 35 13 10 23 4 18 20 14 12 3
1 41 22 36 24 26 40 6 11 16 15 7 21 19 35 42 4 18 20 27 29 38
41 0 24 26 14 11 16 28 19 5 7 40 37 42 39 10 23 20 27 32 29 3 38 31
0 0 40 8 11 31 30 5 7 21 25 2 35 22 39 23 4 18 20 14 12 29 38
36 22 26 17 40 11 30 5 7 35 14 13 42 10 37 23 27 32 12 29 38
24 15 35 22 37 17 10 40 23 4 11 16 27 28 19 3 7 21 31
26 40 11 16 30 15 29 25 37 39 7 10 4 18 20 42 32 12 34 31
17 22 14 8 11 28 15 5 7 21 25 2 35 13 39 37 4 18 27 32 34
40 8 6 11 30 19 5 2 13 10 37 23 18 20 27 12 34 3
8 22 6 11 31 30 28 15 21 19 35 13 42 39 37 23 18 27 32 12
6 25 29 20 28 23 42 4 11 39 27 18 34 19 5 38 21
11 20 30 15 7 35 37 42 27 14 34 38
31 35 30 13 22 23 42 18 16 20 27 14 29 34 21
30 25 2 13 22 39 32 4 20 27 14 28 34 15 7
37 16 15 2 35 42 19 23 4 18 20 27 32 29 3
28 22 16 15 21 25 2 13 42 23 4 18 27 14 12 34
15 42 19 5 7 25 2 39 10 18 29 3 38
5 16 5 7 21 2 13 22 42 23 4 18 20 32 34 3 38
7 2 3 22 39 4 16 18 34 29
21 29 20 39 23 42 16 32 35 34 38
25 14 16 34 25 13 22 39 10 23 4 20 32 29 3 38
10 22 32 4 18 39 27 14 12 29 3 38 16
2 14 16 19 34 22 39 13 4 27 32 29 38
35 19 34 13 22 42 18 27 14 12 29 38
34 14 16 19 42 23 32 12 29
13 22 14 16 39 20 27 32 12 29
22 23 18 20 14 29 3 38
42 19 23 4 18 14 38
39 16 27 32 29 19 38
19 29 16 27 32 12 3 38
32 4 18 3 38
23 4 12 3 38
4 12 29 3 38
18 14 18 12 29 3
20 16 27 3 38
27 16 14 12 29 3
14 12 3 38
12 3 29
29 3 38
3 16
38
16
