#kunkel.py
# GMT Fri Apr 12 17:10:31 2019
# 
33 26 0 37 24 22 23 39 40 8 4 11 16 1 27 14 18 34 36 7 21
4 25 6 30 41 35 37 13 40 23 9 11 16 20 14 18 29 3 38 36 31
20 41 22 24 40 11 16 15 19 21 2 35 13 39 10 18 1 32 12 29 3 31
41 1 0 24 26 40 42 28 15 5 34 2 35 13 39 37 18 14 12 29 38
0 22 8 6 16 30 28 19 5 7 21 25 35 13 39 10 9 18 1 12 29 38
36 26 17 40 8 11 16 30 15 29 25 2 35 13 39 7 37 23 27 32 12 34 38
24 1 15 26 17 40 9 11 16 30 28 19 7 21 2 42 10 18 27 32 12 29 3 31
26 22 17 8 6 11 28 15 5 7 21 25 42 1 14 12 29 3 38
17 17 40 8 6 11 31 30 28 42 5 7 21 25 35 39 10 23 9 18 27 32 29 16
40 25 2 6 3 30 16 1 27 35 34 5 38 31
8 14 6 28 15 7 34 37 39 10 23 18 1 27 32 12 29 38
6 14 11 31 30 28 19 5 7 21 15 35 37 22 10 32 3 38 16
11 22 9 11 31 28 7 21 25 13 39 10 32 34 3
16 9 37 15 30 28 19 5 7 25 2 13 10 27 14 12 34 38
30 15 22 13 42 9 37 32 35 29 19 38 21 31
37 9 22 28 19 5 7 25 2 35 37 39 10 23 18 42 3
28 15 21 2 35 42 23 9 1 27 32 12 38 31
19 25 22 32 23 9 18 1 27 14 12 29 15 21
5 25 2 22 39 13 31 9 42 38 14 15 3 7
7 15 21 13 22 42 27 12 34 38 31
21 1 42 15 25 2 39 23 9 27 3
25 34 25 2 39 10 13 23 1 12 29 3
15 22 35 13 39 23 12 29 3
2 22 14 35 13 39 18 27 32 29 3 38 31
35 1 14 22 39 9 27 32 34 3
34 23 39 10 32 1 14 12 18 31
13 1 9 22 39 10 23 18 42 12 29 3
22 31 39 23 9 18 27 32 12 29
42 38 10 23 9 18 31 27 14 12
39 14 9 31 23 32 38
10 14 23 1 32 12 3 29 31
32 23 31 14 38
23 14 9 18 1
9 27 29 38 31
18 1 31 18 14 29 3 38
1 27 12 3 38
27 31 38 14 12
14 12 29 3 31
12 29
29 3
3 38
38
31 31
