#kunkel.py
# GMT Fri Apr 12 17:07:19 2019
# 
0 1 2 3 5 9 11 14 15 17 19 23 24 28 30 31 34 36 37 38 39 40 42
1 1 2 3 4 7 9 10 11 14 18 19 21 22 23 24 28 29 30 33 35 36 38
2 34 4 38 32 8 9 41 13 14 17 42 21 23 26 27 29 30 31
3 7 8 9 10 14 16 17 19 21 24 25 27 28 29 30 31 35 37 38 39
4 6 7 8 9 12 17 18 19 21 22 24 25 30 32 33 34 36 38 41 42
5 32 35 37 6 33 42 11 12 13 16 17 39 22 23 25 26 27 28 30 31
6 6 8 9 12 13 14 16 18 19 20 22 25 28 29 30 32 35 38 40 41
7 11 12 14 17 19 20 21 22 23 24 25 27 29 31 36 38 40 41 42
8 9 10 12 13 14 15 16 21 24 25 26 27 28 35 36 38 40 41
9 10 11 13 14 15 16 20 21 25 26 28 29 31 32 33 36 38 39 41
10 36 33 42 11 12 13 18 35 20 21 23 24 26 27 28 31
11 13 15 16 18 22 23 24 26 28 29 30 31 35 36 38 41
12 14 16 17 18 20 23 24 26 29 32 33 34 36 37 38 39 41 42
13 14 17 18 21 24 26 27 30 32 33 34 37 40 41 42
14 15 17 20 21 24 27 32 33 36 37 38 39 41 42
15 16 17 18 20 21 22 23 28 30 31 32 33 34 35 37 39 40 42
16 34 36 39 42 17 37 35 23 38 28 29 30 31
17 20 21 22 24 26 31 33 34 38 39 40
18 20 21 24 25 26 27 28 30 31 32 34 36 37 38 40 42
19 33 40 39 37 35 20 32 22 23 25 27 29 31
20 32 37 40 41 22 23 26 27 28 29
21 32 33 39 41 22 23 25 37
22 25 26 27 30 33 35 36 37 38 39 40 41 42
23 25 27 29 31 32 33 34 37 38 40
24 25 26 29 30 31 33 34 35 37 40
25 33 42 39 38 40 27 31
26 32 33 36 39 41 42 30 37
27 29 30 31 35 36 40 41 42
28 29 30 31 32 33 36 37 39 40
29 32 33 42 41 30 35
30 31 33 34 35 36 40
31 32 41 42
32 32 34 39 40 41
33 34 35 36 39 41 42
34 35 38 40 41 42 39 36
35 35 38 39 40 41 42
36 37 38 40
37 39 40 41 42
38 38 41
39 41
40 41 42
41
42 42
