#kunkel.py
# GMT Fri Apr 12 17:10:34 2019
# 
9 33 22 15 24 26 17 8 11 16 30 28 19 5 7 2 13 42 39 37 36 4 18 20 27 32 34
33 25 35 6 41 0 37 5 22 18 17 4 11 16 20 32 12 15 3 31
20 29 6 37 38 36 28 27 17 10 40 23 1 12 32 35 34 7 21
41 24 17 40 6 11 16 30 19 5 15 35 13 10 37 23 4 18 12 29 38 31
22 0 24 26 40 6 11 31 28 15 5 7 19 13 22 42 37 23 27 12 29 16
36 1 0 26 17 40 8 16 30 28 19 25 35 39 23 4 18 27 34 3 31
24 0 26 14 8 16 28 15 29 21 2 37 19 10 23 32 12 34 3 38
26 15 0 37 42 39 10 40 4 16 27 14 34 19 3 7 21
17 1 6 42 19 5 7 21 25 2 37 39 4 18 14 34 3 38
40 1 0 40 8 6 11 31 42 29 21 2 37 39 7 13 4 18 32 12 34
8 11 16 30 15 5 7 25 2 35 39 23 4 18 1 42 14 12 38
6 25 35 13 39 4 42 1 27 32 28 29 7 21
11 0 14 19 5 29 25 35 37 7 10 13 23 4 18 32 34 3
16 0 31 28 15 29 21 25 19 35 13 42 7 37 1 27 32 34
30 0 14 31 19 5 34 21 15 2 35 39 23 4 18 1 27 32 29
37 1 19 2 35 37 39 23 27 32 34 3
28 25 13 35 42 23 18 27 14 12 34 19 5 29 31
19 21 39 10 13 4 1 32 34 3 38 31
5 14 42 29 2 13 39 7 23 4 18 32 12 34
7 1 21 2 10 23 4 18 14 12 3 38
21 1 29 25 2 35 13 42 10 23 14 12 34
25 0 14 42 34 25 2 35 39 10 18 32 12 29 38
15 2 35 13 23 10 32 14 12 34 3 38 31
2 13 23 39 10 31 32 34 38
35 1 14 35 13 39 10 27 32 12 29 3
34 31 18 27 29 38
13 42 23 1 29 3 31
0 32 10 23 4 27 14 18 29 3 38 31
42 39 32 18 1 14 38 31
39 14 23 4 1 27 32 38
10 1 31 23 4 18 27 32 12 29
32 27 14 12 3 38 31
23 31 27 14 29 38
4 14 12 29 3 38
18 31 14 12 3
1 27 29 3 38 31
27 14 3 38 31
14 12 29 38
12 31 3
29 3 38
3 31 38
38 31
31 31
