#kunkel.py
# GMT Fri Apr 12 17:10:34 2019
# 
9 33 36 24 17 8 6 31 30 28 15 5 7 19 35 37 39 10 13 23 42 34 38
31 33 1 22 36 24 40 8 6 16 19 5 21 25 35 10 23 4 18 20 27 29 3 38
33 0 26 17 14 8 6 11 16 15 21 35 40 37 39 10 1 42 32 12 29 38
1 0 26 17 11 16 28 19 5 7 21 25 2 13 22 42 38 4 20 14 29 3 34
41 22 24 26 17 14 6 11 42 30 19 7 25 2 35 40 13 39 37 4 27 32 12 29 3
0 26 35 20 14 36 22 39 37 13 23 29 18 42 30 32 12 34 15 7
36 24 26 14 8 6 30 28 15 5 7 21 2 42 10 20 27 32 12 34
24 22 24 26 40 16 30 29 21 25 35 42 7 10 18 20 27 32 12 34 38
26 17 14 8 6 11 16 28 19 25 35 37 10 13 4 18 32
17 22 40 6 16 30 19 5 29 21 25 35 7 10 23 18 32 34
32 11 42 15 5 7 2 13 39 10 23 4 18 20 12 29 3
8 4 11 16 30 19 15 35 39 10 6 20 27 14 12 29 3 38
6 2 40 37 42 19 4 27 14 12 15 3 38 21
11 25 35 30 13 5 39 37 42 27 28 15 3 7 16
42 40 16 19 7 25 2 14 22 42 10 23 18 29
30 25 35 37 18 4 20 12 29 15 5 38 21
28 29 20 22 5 39 10 37 23 16 27 14 34 3 7 21
15 14 34 25 2 13 22 39 10 23 4 18 20 27 12 29 3 38
5 16 19 7 21 35 13 37 23 4 18 27 12 34
34 2 35 22 19 37 16 14 12 29 3 7
21 40 19 21 2 13 20 27 14 12 29 3 38 16
25 35 13 18 39 23 4 14 12 29 19 38
10 40 16 2 14 37 19 23 4 20 38
2 20 22 40 7 35 37 13 23 4 12 3 38
35 40 16 22 39 4 18 20 3 38
40 22 13 39 37 23 4 18 16 14 29
13 14 16 7 22 39 23 18 27 12 29 3 38
22 20 29 39 7 23 4 12 3
39 16 19 14 37 23 18 27 3
7 16 37 4 20 27 38
19 19 37 18 14 29 3 38
37 16 29 20 27 12 38
23 18 20 27 12
4 20 16 12 29 38
18 16 12 29 3 38
20 27 29 38
27 38 29 3
14 29
12 16 3
29
3 16
38
16 16
