#kunkel.py
# GMT Fri Apr 12 17:10:35 2019
# 
6 41 22 36 24 17 8 11 16 30 19 5 7 21 2 42 23 18 20 27 32 3 31
33 20 22 24 40 8 31 28 15 7 25 35 14 42 10 23 18 1 27 32 12 29 38
1 41 17 14 8 9 31 15 7 25 2 35 37 42 39 19 13 27 32 12 29 3
41 0 24 17 40 8 30 28 19 5 29 25 35 13 22 7 37 18 20 27 12 34 38
0 22 24 26 14 8 9 16 30 28 2 40 37 39 10 13 23 4 18 20 32 29 3 38
36 22 36 24 40 8 11 16 28 19 25 35 37 42 10 13 9 18 27 14 12 3 31
24 26 35 42 23 9 18 20 28 32 12 34 15 3 7 21
26 35 23 39 17 32 8 9 11 16 20 28 14 18 29 15 3 38 21 31
17 2 22 37 39 38 13 4 18 16 12 34 15 3 7 21 31
14 40 25 19 39 42 13 8 29 11 16 28 34 15 5 38
8 35 5 39 38 10 40 11 31 28 29 3 7 21
9 31 30 28 42 5 7 21 2 35 13 22 39 23 4 18 27 12 29
11 16 30 28 19 5 34 25 35 37 39 10 4 20 27 32 12 29 3 31
16 30 28 15 29 21 2 35 13 22 7 10 37 4 18 20 27 34 38
30 19 5 7 2 35 37 22 42 39 4 20 27 32 12 34 3
28 15 19 5 21 25 2 13 22 39 4 32 12 34 3 31
15 22 15 5 7 21 25 2 35 40 37 42 10 4 18 20 32 12 34 38
5 19 37 23 42 10 4 27 18 34 3 7
7 40 19 25 35 39 23 42 3 38 31
21 34 2 35 13 39 10 23 18 27 29 3 38 31
34 25 2 42 18 39 23 4 12 29 38
25 20 40 31 29 2 35 13 39 23 18 27 3 38
2 37 39 10 18 20 42 32 12 29 3 38
35 22 40 37 23 32 12 31
40 22 13 39 10 32 37 18 31 42 29 3
37 37 39 10 13 23 4 18 42 32 12
22 19 42 10 20 12 38 31
19 20 42 38 10 4 27 12 29
42 31 29 39 18 12
39 13 4 20 27
10 23 4 20 27 18 38 31
13 23 4 27 32 3 38 31
23 31 29 4 20 27 32 12 3 38
4 18 32 12 3 38 31
18 27 32
20 38 27 29
27 32 29 3 38 31
32 31 12 29
12 31
29 3
3
38 38
31
