#kunkel.py
# GMT Fri Apr 12 17:10:35 2019
# 
33 2 35 37 24 18 39 17 31 40 9 11 16 1 27 14 12 29 15 5 7 28
29 40 29 35 22 13 26 42 9 37 23 4 18 16 20 28 14 12 34 3 7
20 35 30 37 28 18 39 17 36 4 11 16 1 42 14 12 34 19 3 38 21
41 22 24 26 40 6 11 31 28 19 21 15 13 42 10 37 23 9 18 1 27 32 12 38 16
0 36 26 17 14 8 6 31 30 28 5 7 21 25 2 13 9 23 4 18 27 32 38
36 1 36 24 26 17 8 6 16 15 5 7 25 35 13 22 39 10 23 4 18 34
24 22 17 40 6 11 31 28 15 5 7 2 35 13 39 19 37 23 1 42 3
26 25 2 30 37 22 42 32 8 4 11 16 1 14 18 15 3 21
17 8 6 30 28 7 25 35 13 39 37 23 9 18 27 14 12 38
14 1 8 6 16 30 28 19 5 34 21 15 13 22 42 37 14 12 3 31
8 9 8 6 42 30 5 21 25 2 35 37 39 10 23 4 32 12 34 3 38
6 40 9 28 7 21 25 37 10 13 1 27 32 12 34 3
11 9 16 19 5 7 21 25 2 39 10 4 18 42 12 34 38 31
31 40 16 30 28 19 7 21 2 13 39 10 37 4 1 42 12 34 3 38
30 16 30 5 35 40 13 22 42 10 37 23 27 32 34 3 38
37 22 16 15 5 7 21 25 2 10 23 18 27 12 38
28 15 34 19 35 13 22 23 4 18 12 3 38
19 25 5 42 38 9 1 27 18 34 15 3 7 21
5 9 16 7 25 15 40 22 10 4 18 1 32 34
7 40 16 21 25 2 35 13 42 39 4 27 32 12 38
21 1 15 40 21 2 22 39 23 9 27 16
25 40 16 25 35 42 9 4 1 27 32 34 38
10 22 16 15 2 39 10 13 23 9 18 32 12 34
2 40 9 15 22 42 39 23 1 27 34 3
35 1 40 16 15 13 23 4 27 32 3 38
40 42 13 39 23 27 32 12 34 3
13 15 39 9 18 42 32 12
22 9 34 39 4 1 27 32 12 3
42 34 38 32 9 12
39 4 38 12 15 3
9 34 23 4 1 27 12 3
15 16 23 4 32 12 34
23 34 4 1 27 12 38
4 18 27 32 3
18 34 1 27 32 3 38
1 16 32 34
27 3
32 38 16
12
34 3
3 38
38
16
