#kunkel.py
# GMT Fri Apr 12 17:10:36 2019
# 
9 33 29 41 22 24 32 17 10 40 23 9 18 39 20 27 14 34 42 5 7 31
33 1 22 36 17 6 30 5 2 35 13 10 37 23 4 18 20 27 32 12 34 3 38
29 22 24 40 8 11 16 34 21 2 35 13 42 10 23 4 18 20 14 29 3 38
1 36 14 6 16 30 15 5 7 25 2 35 40 37 39 13 23 18 20 32 3 31
41 25 2 6 37 0 13 22 10 32 8 18 31 20 27 14 28 34 15 5 21
0 22 24 26 8 6 11 31 30 19 7 21 25 2 35 37 42 39 10 18 20 27 34 3
15 24 26 17 40 8 6 31 30 28 15 21 13 39 37 18 27 32 12 3 38 16
24 36 26 17 6 31 28 7 25 34 13 42 37 23 4 18 14 3 38
26 2 37 42 39 10 32 23 4 18 16 30 28 14 12 34 19 36 31
17 17 14 16 30 28 25 2 35 42 39 19 4 18 20 27 32 12 3 38
32 36 14 6 16 30 28 5 7 21 25 2 40 37 39 13 32 34 38
8 37 13 5 22 18 38 10 36 23 4 11 16 30 12 3 7 21
6 40 11 42 28 5 7 21 2 35 14 22 39 4 34 3 38
11 36 16 30 28 19 5 7 25 2 13 42 37 18 20 27 14 12 38
31 40 16 5 25 2 35 37 22 42 23 4 18 20 34 38
30 20 36 22 37 10 4 16 27 14 5 7 21
28 22 36 14 16 5 19 25 2 35 13 10 4 18 20 27 12
19 2 35 13 22 39 10 36 23 18 16 20 12 42 3 7
5 20 22 36 40 25 13 42 23 27 12 38
7 16 7 21 25 2 22 10 23 18 27 14 3
21 36 14 16 25 40 13 22 42 39 23 4 18 20 27 12 34 3
25 36 40 16 2 35 37 42 23 34 3
2 36 14 40 13 10 4 27 3 34
35 40 16 34 22 42 39 4 18 20 27 12 38
40 36 16 34 39 23 20 42 12 3 38
37 13 22 23 36 39 20 27 38
22 16 13 42 14 34 38
42 13 10 23 18 27 14 38
39 36 10 23 18 20 12 38
10 36 13 23 18 20 14 12 34
13 36 16 23 20 27
23 36 4 18 14 34 3 38
4 16 20 27 12 34 38
18 16 14 34
20 12 3
27 16 27 14 34 3
14 3
12 16 34 38
34 16
3 36 3 38
38 36
36
16
