#kunkel.py
# GMT Fri Apr 12 17:10:36 2019
# 
9 29 19 0 13 5 22 38 40 4 14 16 30 27 32 12 34 15 3 7 31
33 41 22 26 17 14 11 16 30 19 7 25 13 39 10 23 4 18 42 32 29 3 38
20 36 24 17 14 6 31 30 28 19 5 29 21 25 13 39 7 23 1 42 32 34 38
41 25 2 30 0 13 5 28 22 10 36 8 11 1 27 14 18 29 3 21
0 0 36 24 8 6 31 30 19 25 35 37 22 39 10 13 23 4 1 42 12 29 3 38
36 26 17 32 8 6 11 31 19 5 7 21 15 40 37 22 10 23 4 18 27 14 34 16
24 26 17 40 8 11 30 28 15 7 21 25 19 37 39 23 4 14 34 3 38
26 26 40 8 11 31 30 19 7 21 2 37 39 10 13 23 4 18 1 27 29
17 1 8 42 28 19 7 2 35 37 39 23 4 18 14 12 29 3 38
40 22 14 6 31 30 15 5 34 21 25 2 35 13 42 4 18 1 32 12 29 3
8 2 39 38 13 6 18 42 27 12 34 15 3 7 21 16
6 6 11 16 30 28 42 5 34 25 2 35 39 23 4 18 27 32 12 29 31
11 16 28 15 5 29 25 19 42 7 23 4 1 32 34 3 38 31
31 28 27 30 38 37 39 18 16 1 12 15 5 7
30 16 28 19 5 21 25 2 14 39 32 29 38
28 1 22 15 19 5 7 2 35 13 42 37 23 27 12 34 3
19 14 5 7 21 25 22 10 23 4 32 38
5 22 16 7 21 25 2 10 27 14 12 29
7 1 21 15 2 13 39 37 4 34 3 38
21 1 22 16 21 25 2 35 13 42 10 37 18 27 34
34 29 35 18 42 16 27 14 12 23 15
25 1 16 35 13 22 10 4 27 32 3
15 22 29 2 14 13 42 23 1 27 32 12 16
2 35 14 39 10 4 1 32 12 29
35 37 13 42 10 32 23 4 16 1 14 12
14 22 37 39 23 4 18 32 12 29 3 38
37 42 37 22 39 18 1 27 32 12 29 3 38 16
22 22 16 42 23 18 32 12 29
27 39 13 23 1 42 32 3 38
39 42 4 18 16 29 3
10 13 3 42 4 18 1 12 38
13 23 4 1 32 29 3
23 3 29
4 12
18 16 12 42 38
1 16 42 12 29 38
42 32 38
32 16 12 29 38
12 12 3
29
3 16 38
38 16
16
