#kunkel.py
# GMT Fri Apr 12 17:10:37 2019
# 
33 33 0 36 24 14 6 16 30 28 15 5 21 25 35 22 42 10 4 1 27 32 12 34
4 19 6 22 24 26 42 23 9 11 39 30 27 32 12 29 15 3 38 21 31
20 24 17 14 6 11 16 30 28 5 7 21 25 37 13 9 18 1 32 12 29 38 31
41 0 24 40 8 6 11 28 19 5 21 15 35 13 22 39 37 9 18 14 12 3 38
0 26 6 40 37 24 22 23 39 10 36 8 9 12 14 35 29 15 7
36 24 26 40 6 31 30 28 42 5 29 35 13 22 39 7 10 37 9 18 1 12 34 3 38
32 1 15 24 26 8 9 16 19 7 2 13 10 18 27 14 12 29 38 31
24 1 40 6 11 16 5 7 21 25 35 37 22 42 18 12 29 31
26 17 14 8 11 16 30 15 29 2 35 40 37 39 23 18 1 27 12 34 3 38 31
17 22 8 6 16 28 15 5 29 25 2 35 13 39 7 19 23 42 14 12 34
40 2 5 22 27 42 23 9 18 16 12 11 34 19 3 7 28
8 14 6 16 28 42 5 7 21 2 35 13 22 39 10 18 1 38
6 25 2 13 23 30 11 31 1 14 29 21
11 25 30 35 13 39 38 9 23 12 34 19 7 21
16 22 42 30 28 15 19 35 13 39 18 1 12 34 3
30 25 2 13 39 42 23 9 1 28 14 12 15 5
28 1 9 28 19 29 21 42 7 10 27 14 34 3 38 31
19 9 42 5 34 21 25 35 37 39 10 23 18 1 29 3 31
15 9 35 13 22 39 10 18 27 14 42 5 7
5 22 9 31 29 21 25 2 35 10 34 3 38
7 14 9 31 21 2 35 37 22 10 3 38
21 42 21 25 35 13 39 10 23 18 27 12 29 3
25 22 34 2 13 42 18 27 14 12 29 3 38
2 38 37 23 42 10 31 1 27 12 3
35 13 42 39 10 37 23 27 38
37 1 13 34 38 23 31 27 14 12 29 3
22 9 13 22 39 23 42 29 3
27 14 9 31 34 39 13 18 12 29 3 38
39 42 23 18 1 14 34
38 1 14 9 23 18 12 3
10 23 42 13 9 18 31 12 3
13 1 34 23 9 29
23 9 31 12 3
9 31 18 12 34
18 1 42 34 31
1 14 42 34 31
42 14 3 31
14 34 29
12 3 31
29 31
3 34
34
31
