#kunkel.py
# GMT Fri Apr 12 17:10:38 2019
# 
33 33 0 36 26 17 14 6 11 30 28 34 21 2 40 37 22 39 10 4 20 27 32 29
20 36 17 11 16 28 19 5 7 25 35 13 42 39 10 23 4 18 27 14 29 3 31
41 40 19 35 22 13 24 26 39 17 36 8 4 11 16 1 32 12 15 5 7 31
0 0 8 31 30 28 15 29 25 2 35 37 19 39 10 23 4 1 27 12 34 3
36 24 17 9 16 30 19 7 21 15 35 37 10 23 4 1 12 34 38 31
32 6 22 37 28 18 39 17 9 40 23 4 11 16 30 27 14 12 15 38
24 22 24 26 17 11 31 28 15 5 19 25 2 13 42 39 10 23 4 27 14 34
26 8 9 11 16 30 28 15 5 34 21 25 39 10 23 4 18 14 29 38
18 25 29 30 38 37 22 17 40 8 9 11 16 12 34 3 7 31
17 22 8 6 31 30 28 19 21 25 35 42 10 23 1 27 12 38
40 22 14 16 19 5 7 21 2 13 10 37 23 1 12 29 3 38 31
8 6 31 19 5 7 25 2 13 22 39 10 9 42 14 12 34 3 38
9 25 19 14 5 39 13 11 31 1 27 12 29 15 3 38
11 1 22 14 6 11 16 30 15 7 2 42 10 29 3 31
31 1 16 30 28 15 21 2 35 37 42 39 10 4 27 3
30 14 6 28 19 5 7 25 15 37 42 4 1 27 12 34 38
28 6 19 34 21 25 2 35 13 37 4 12 29 3 38
15 14 6 16 19 7 21 25 2 35 39 1 27 3 38
5 22 16 29 25 2 35 13 39 7 10 37 23 12 34
29 1 6 16 19 25 35 13 22 39 10 37 3
21 22 6 16 7 25 19 37 42 10 13 23 27 14 3
25 6 7 35 39 27 14 3 38
2 16 19 7 35 13 22 42 37 23 1 14 12 38
35 1 6 34 35 13 22 42 4 27 14 38
37 6 7 13 22 39 38 10 4 1 27 12 3 34
22 42 6 16 1 19 7
19 1 13 23 4 14 38
42 6 13 23 4 16 1 27 14 12 34
39 6 1 23 27 14
7 6 16 7 10 13 23 4 3
10 23 4 38 3
13 1 6 16 14 34 3
23 14 6 16 4 27 12 3 38
4 14 16 4 12 34
6 27 34 3
1 1 12
27 16 12 34 3
14 14 16 12 38
12 34 38
34 16 3
3 16
38
16
