#kunkel.py
# GMT Fri Apr 12 17:10:40 2019
# 
9 25 2 30 41 13 5 24 26 39 17 8 6 11 20 27 18 19 3 7 28
33 2 6 37 22 13 24 35 39 17 10 40 8 4 18 38 28 29 19 5 7
1 0 26 40 6 11 16 30 28 19 5 25 35 37 39 10 23 4 18 20 42 14 12 34 38
41 22 36 24 4 28 29 25 35 40 37 39 7 10 13 23 6 18 20 14 12 34
0 36 26 8 6 11 28 19 29 21 25 42 7 10 4 18 20 27 32 12 34 3
36 36 26 17 40 8 6 42 28 5 25 14 13 39 37 23 32 12 29 3 38
24 22 15 26 17 40 6 11 31 30 19 7 21 2 13 38 23 4 27 32 12 29 3 34
26 17 40 16 30 21 25 37 22 39 13 4 18 20 27 14 3 38
17 14 8 6 11 16 28 15 5 21 25 2 37 42 10 23 4 18 27 32 34 3
14 22 8 16 15 29 21 19 35 42 7 18 27 32 12 34 3 31
8 8 11 16 30 28 19 21 25 15 35 40 4 18 20 32 29 3 38 31
6 40 11 30 19 29 2 13 7 37 20 32 12 34 38
11 16 30 15 21 2 35 13 39 37 20 42 12 29 3 31
16 40 25 20 22 37 18 4 31 28 32 12 34 15 5 29
30 22 31 28 15 5 29 21 39 7 23 4 18 27 34 3 38
28 40 28 19 34 2 35 13 22 39 10 23 27 12 29 31
19 40 20 39 10 4 42 35 34 3 38 21
5 42 5 29 25 2 13 39 7 10 37 4 18 32 34 38 31
29 25 13 38 37 32 34 7 31
21 40 31 7 25 2 35 22 39 4 18 27 12 34 38
25 15 34 35 22 39 23 20 42 12 3
15 22 40 2 35 37 42 10 23 4 18 20 27 38 31
2 22 31 7 35 13 42 10 37 18 20 27 12
35 31 7 13 42 39 10 23 4 18 27
22 37 39 31 40 4 27 12 3
40 10 4 20 27 32 34 3 38
37 7 34 13 39 18 20 42 12 3 38
39 20 7 42 10 23 4
42 31 13 42 10 23 4 27 32 34 3 38
7 31 10 23 18 27 32 12
10 38 23 32 12
13 31 34 4 18 20 12 3
23 18 20 27 32 38 31
4 27 32 3 38 31
18 20 12 3
20 27 34 3 38 31
27 27 32 34
32 34 12 3
12 34 31
34
3
38 31
31
