#kunkel.py
# GMT Fri Apr 12 17:10:41 2019
# 
9 33 1 36 24 17 40 11 31 28 15 21 25 2 35 13 42 39 19 20 27 12 34 3 16
33 25 40 2 35 41 0 36 24 4 23 11 16 1 28 32 12 29 15 5
20 22 24 26 17 16 28 15 34 21 25 2 37 39 10 23 4 18 42 32 29 38
41 0 26 17 40 8 6 16 30 28 19 5 7 21 35 37 39 10 18 1 42 32 12 34 38 31
0 36 26 8 6 11 31 15 7 25 2 13 39 10 23 4 18 42 32 29 3
36 24 17 6 11 30 15 5 7 21 25 2 37 39 23 4 27 32 3 38
24 26 17 8 11 42 15 5 21 2 35 13 39 10 23 4 27 14 29 3 38
26 17 40 8 6 16 30 19 5 21 25 35 42 10 23 18 32 3 31
17 1 22 40 6 11 31 19 5 37 10 23 18 14 12 34 3
14 22 13 27 23 39 38 10 40 8 4 18 16 1 42 12 29 15 3 7
8 8 16 30 28 42 7 21 25 2 35 37 22 39 23 4 12 34 38
6 29 15 22 40 23 4 31 27 32 28 34 19 5 38 21
11 31 30 28 15 21 2 13 22 39 19 37 4 1 32 12 29
31 42 30 19 34 25 39 10 23 4 18 1 27 29 3 38
30 2 35 22 15 39 40 4 27 32 18 29 19 3 7 21
28 40 13 39 23 42 38 37 4 16 32 12 19 5 7
19 40 19 7 2 37 10 23 4 1 27 32 12 29 3
15 40 15 7 25 37 22 42 10 23 18 27 12 34 38
5 22 42 7 35 34 37 39 18 1 27 32 12 29 38
7 37 13 39 10 4 1 12 34 3 38
21 2 22 37 23 39 13 4 42 35 34
25 35 13 22 10 40 4 18 16 27 34 3 38
2 40 2 35 10 4 16 27 32 12
35 22 35 37 39 23 18 1 27 12 3 38
40 22 4 16 34 13 42 39 37 27 12 29 3 38
13 16 29 37 22 42 10 18 1 32 12 34 38
22 1 16 29 39 37 23 4 18 12 34
27 16 42 39 18 1 27 32 29 3
39 1 37 12 34 38 16
38 29 37 23 34 3
10 1 16 37 42 4 32 29 3
37 42 1 32 29
23 34 42 1 12 29 3
4 1 42 18
18 42 32 16 1 3
1 1 32 12
42 16 3
32 16 29 3
12 29 3
29 34 3
3 34
34 16
16
