#kunkel.py
# GMT Fri Apr 12 17:10:43 2019
# 
33 9 6 20 41 22 13 35 30 17 10 32 23 4 42 1 14 12 29 15 5 36
4 22 36 26 8 9 16 30 28 15 5 34 21 2 37 39 10 18 20 27 32 29 3
1 19 30 37 36 17 24 13 40 9 11 16 20 27 32 15 5 38 21 31
41 0 36 40 6 16 28 15 5 29 25 2 35 37 22 39 7 19 23 9 18 34
0 0 26 17 40 6 11 31 19 34 21 2 35 13 22 10 23 18 20 32 12 29 3 38 16
36 22 24 17 40 8 6 11 30 5 7 25 2 13 23 20 14 29 38
24 22 24 40 6 16 30 28 15 7 2 42 39 19 23 9 18 20 27 14 34 3
26 2 6 30 37 3 10 23 9 11 31 20 14 35 34 19 5 7 21
17 14 8 9 16 30 28 7 25 13 22 10 37 23 18 32 29 38 31
40 2 20 39 22 30 19 8 9 18 16 12 15 7 21 31
8 29 35 37 5 32 38 9 11 30 28 14 18 34 15 7 21
6 25 19 22 18 42 23 11 16 30 32 12 34 15 5
11 16 30 28 19 34 15 35 13 22 39 37 23 9 18 42 32 12 29 3 38
31 9 16 15 5 19 21 2 35 34 37 39 10 14 12 29 3 38
30 22 16 28 5 34 25 39 10 18 20 27 14 29 3 38
28 16 42 7 21 2 35 13 39 37 23 18 20 27 12 34
19 25 2 20 5 32 9 14 3 38 21
5 14 21 25 37 39 10 13 32 12 34 38
34 7 22 39 9 27 12 34 3 38 16
21 14 9 16 7 2 35 13 39 23 27 32 29
25 22 42 2 35 37 39 10 13 23 9 27 14 12 29 38
15 9 16 15 7 35 37 39 10 23 18 20 42 12 29 3
2 9 16 7 35 37 22 42 13 20 32 12 29
35 22 14 7 42 39 23 18 27 32 3
14 22 9 16 7 13 37 23 27 12
13 7 37 22 42 23 18 20 27 32 29 3 38
39 22 37 10 20 27 12 29 38 16
22 42 7 22 9 32 12
42 10 37 9 16 27 32 12 29 3 7
7 10 37 18 20 29 3 38
10 9 16 20 27 32 12 29 3 38
37 18 32 12 3 38
23 18 32 9 20 12
9 9 27 38
18 16 27 12 29
20 16 32 3
27 16 12 3 38
32 16 32 38
12 3
29 3 38
3 16 38
38
16
