#kunkel.py
# GMT Fri Apr 12 17:10:46 2019
# 
33 35 0 36 24 8 42 17 40 23 9 11 16 20 27 32 18 34 15 5 7 21
29 41 0 17 40 9 16 30 28 19 7 21 25 2 39 23 6 20 27 12 3 38 31
4 41 0 24 17 40 8 9 11 16 19 5 2 14 13 39 10 37 23 32 12 34 38
1 41 17 40 8 11 39 30 15 5 21 25 35 14 37 42 10 13 20 27 32 12 3 38 16
41 2 0 13 5 24 22 39 17 10 36 6 18 27 11 3 21 12
0 22 36 26 40 6 31 28 15 19 2 35 37 9 32 23 18 20 27 14 34 3 38
36 24 26 40 8 6 11 31 30 28 15 5 7 21 25 37 22 10 18 20 14 12 34 16
24 25 15 13 3 8 42 7 14 23 18 16 32 12 19 5 38 21
26 25 2 35 13 14 8 39 10 40 23 9 11 12 32 28 19 3 7
17 20 22 32 8 6 11 30 28 15 5 7 35 13 42 37 23 14 3 34
40 9 39 30 15 7 21 25 35 13 22 42 23 6 18 27 32 3 31
8 20 9 11 30 28 19 21 25 15 2 37 13 23 6 14 3 38
9 13 12 32 6 31 30 27 22 28 15 5 38 16
11 6 42 30 28 15 7 25 2 39 31 23 27 34 38 16
16 22 31 30 15 7 21 2 35 37 39 19 6 18 38
30 25 7 19 37 6 20 12 32 18 15 5 38
28 22 6 31 21 25 2 39 10 23 20 14 12 34 38
15 5 13 22 42 23 27 32 34 3 31
5 31 19 7 21 25 37 39 13 6 42 34 38
7 6 39 19 7 35 42 18 20 27 32 12 34 3 31
21 20 22 6 42 21 25 35 37 39 10 13 23 18 3
25 19 25 2 13 10 37 23 18 27 34 3
2 39 19 13 22 42 10 18 27 14 34 38 31
35 13 39 10 32 37 31 14 12 34 42 3
22 37 22 42 39 6 18 27 32 12 34 31
14 19 37 42 23 18 20 27 32 34 3 38
13 31 39 10 20 27 12 34
39 6 31 10 23 20 12
19 20 37 23 42 18 27 12 3
42 31 37 10 18 20 12 38
10 3 6 18 12 32 38
37 32 31 37 23 18 27 12 38
23 20 12 34 38
6 20 27 32 3
18 38 32
20 34 27 38 31
27 31 12 34 3
32 31 3 32 12
12 12 34 38
34
3 31
38 31
31
