#kunkel.py
# GMT Fri Apr 12 17:10:46 2019
# 
31 33 41 0 36 26 17 6 39 19 7 21 25 2 35 37 22 42 10 13 29 27 12 34 38
33 25 2 35 0 37 3 19 42 10 8 9 11 16 20 18 34 15 5 29 21
4 41 22 24 40 8 11 39 28 29 21 25 2 35 13 42 10 23 18 1 14 12 34
1 29 41 0 17 6 16 30 28 5 7 2 13 22 39 9 37 23 18 32 12 34 38
41 41 0 36 24 17 40 8 6 11 16 35 14 22 10 18 27 32 12 34 3
0 36 17 40 8 11 39 19 5 21 25 2 35 42 10 32 23 20 27 14 12 38 16
15 22 36 24 26 17 40 8 11 16 30 19 5 7 35 13 39 18 20 27 14 38
24 22 36 17 40 8 6 11 16 30 28 7 21 25 14 10 32 12 29 38
26 22 36 26 40 9 11 30 5 19 2 14 13 10 37 20 27 32 12 3 38
17 25 6 20 39 9 11 16 27 14 18 29 19 3 38 21
40 9 11 16 30 28 29 21 2 35 13 39 10 37 32 34 3
8 36 14 6 16 28 5 29 25 13 10 23 20 27 32 34 3 38
9 9 11 28 19 5 21 2 14 37 39 13 23 18 20 27 32 12 3
11 16 30 28 19 21 35 37 22 39 32 18 20 27 14 34 38
42 36 14 6 42 30 28 5 7 2 13 39 23 18 20 27 32 29 3 38 16
30 25 2 35 22 36 39 10 23 32 28 29 5 34 21
28 6 16 19 25 2 39 7 10 18 12 34 3 38
19 22 36 32 6 5 7 21 37 13 23 18 20 27 14 29 34
5 22 32 6 16 21 25 2 35 37 23 27 14 29 3
29 20 39 21 2 35 13 37 14 12 3
21 25 2 36 39 23 12 38
25 6 2 13 22 39 37 23 18 20 27 14
2 36 38 10 34 20 7
35 6 16 34 13 22 7 10 23 27 14 3
14 6 39 7 37 22 18 20 14
37 6 13 3 39 32 16 12 7
22 36 6 23 18 27 34 3 38
39 36 13 10 23 34 3
7 36 6 16 13 10 18 20 32 12 3 38
10 36 13 23 18 20 27 32 34 3
13 36 6 3 23 20 12 38
23 36 3 18 27 20
6 27 32 12 34 38
18 20 32 27
20 16 34 3
27 12 3 38
32 36 12 34
12 36 38
34 36 16 3
3 38 16
38
36 36 16
16
