#kunkel.py
# GMT Fri Apr 12 17:10:47 2019
# 
33 25 2 35 1 0 13 24 22 19 39 10 40 11 31 30 14 18 34 15 20 36
29 41 24 26 17 40 8 16 15 5 19 25 2 37 10 18 20 27 32 12 3 38 31
4 20 41 0 36 11 16 19 21 25 15 2 35 13 22 42 39 18 1 27 12 34 31
1 0 36 24 8 42 19 5 7 21 25 15 2 37 39 10 20 32 34 3 38
41 41 22 36 26 17 40 8 6 16 30 5 21 25 2 35 37 39 10 13 20 32 38 31
0 22 26 40 8 9 30 5 25 35 37 42 10 32 18 20 27 14 12 34
36 22 17 40 6 11 31 28 15 5 2 35 13 39 10 23 20 32 12 34
24 2 20 37 42 39 17 10 8 6 18 16 30 27 14 28 34 21
26 19 30 34 8 40 23 9 11 16 20 32 28 15 5 18 21 31
17 30 22 13 3 39 7 37 8 6 14 16 20 32 12 5 34
14 40 8 6 11 31 30 28 19 7 21 25 35 13 22 37 9 20 32 12 3
8 9 16 15 5 21 25 37 22 42 23 18 20 12 31
6 9 11 16 30 19 7 15 35 37 39 23 20 27 32 12 34 38
11 35 22 37 5 39 13 10 23 18 16 28 34 19 7
16 30 13 42 10 9 20 27 18 15 5 28
30 2 37 39 10 40 32 9 12 34 19 5 38
28 22 9 42 5 19 21 25 2 35 37 39 7 10 23 20 12 34 3 38 31
19 22 15 31 19 5 7 2 13 39 10 20 38
5 9 7 25 2 37 22 42 10 13 23 31
7 25 2 22 13 3 32 37 40 31 27 34 38 21
21 22 40 9 15 21 2 35 13 42 10 18 32 12 3 38
25 40 9 42 2 35 13 39 32 12 34 3
15 20 22 34 2 37 39 18 27 32 3 31
35 2 22 32 10 37 9 31 20 27 38
40 9 37 39 10 23 18 20 27 12 34 3 38
37 13 38 10 23 9 27 12 34
22 9 23 18 27 12 38
42 20 9 2 39 10 23 18 27 32 12 34 3
39 2 13 18 32 34 3
10 2 10 18 3 31
13 23 18 20 32 12 38 31
23 3 18 9 20 27 32 34 38 12
9 2 27 32 34 31
18 34 2 12 3
2 27 32 38
20 3
27 38 31 12 34
32 3 38 31
12 31 34 38
34 3 38
3 38 31
38 31
31
