#kunkel.py
# GMT Fri Apr 12 17:10:47 2019
# 
9 41 22 36 24 26 17 40 9 31 30 15 7 2 39 10 32 23 18 20 27 14 3 16
33 25 35 30 41 0 36 34 39 40 8 6 31 1 27 32 28 29 42 5 20
20 41 0 36 26 40 8 6 28 15 5 21 25 35 37 22 42 10 23 4 18 27 32 12
41 2 28 24 26 23 17 4 8 18 31 30 27 14 11 34 21 12
0 36 26 17 40 8 31 30 28 19 5 21 14 13 39 10 23 32 12 29 38
36 24 17 8 11 16 15 5 21 25 2 35 13 42 19 23 27 32 34 3
24 22 17 14 8 11 16 30 19 5 2 35 37 6 1 27 32 12 29 31
26 17 40 8 11 16 30 19 5 7 21 25 35 13 22 39 10 42 14 29 3 34 31
17 40 6 16 30 19 21 25 15 35 37 42 18 1 12 29 38 31
40 25 2 1 13 3 39 32 30 38 22 28 34 15 29 21
8 6 11 16 28 19 5 25 2 35 13 22 42 23 4 18 1 32 3 31
6 1 11 16 30 28 19 29 2 39 7 18 27 14 12 34 3 38
11 22 16 30 28 15 7 2 37 13 23 4 18 1 3 38 31
31 14 16 30 5 35 13 10 18 1 32 12 34 38
30 15 7 25 2 13 42 10 23 18 1 27 3 38
28 28 15 5 7 21 25 35 22 42 23 4 14 34 3 38
42 25 37 22 39 10 13 4 18 16 38 29 7 21
5 19 5 29 25 35 37 22 10 12 34 3 38 16
29 15 7 21 25 2 35 22 10 4 1 32 12 3
21 39 7 21 2 35 13 22 37 23 4 32 12 34 38 16
25 15 7 35 37 39 23 18 27 38 16
15 19 13 39 10 37 23 4 1 27 14 12 34 3 38
35 1 37 39 13 23 4 27 32 12 3
14 37 10 4 23 1 27 22 12 34 19
37 1 22 7 2 13 39 10 4 34 3 38
22 2 3 10 1 19 7
19 7 23 39 10 32 27 12 34 38
39 16 2 7 10 1 27 12 3 38
7 2 27 10 23 1 34 18
10 10 13 23 4 18 27 32 12 3
13 2 18 1 27 32 12 38 16
23 38 32 4 2
4 38 16 27 3 34 12
18 2 1 32 12 34 3 38 16
2 32 34 3
1 32 34 3
27 16 12 34 38
32 12 34 38
12 34
34 34 3 16
3 3 38
38 16
16
