#kunkel.py
# GMT Fri Apr 12 17:10:56 2019
# 
33 9 41 22 15 24 26 8 6 16 28 19 5 7 2 35 34 37 39 10 13 4 29 3 38
4 22 15 26 17 14 8 11 31 30 28 19 5 2 13 0 42 23 18 20 32 12
20 25 6 41 22 13 24 39 17 10 32 18 42 30 27 14 12 34 3 36
41 41 22 36 24 8 6 31 28 15 5 7 21 25 13 39 10 23 9 18 1 27
0 22 24 26 17 40 9 30 28 15 7 21 19 35 37 0 39 13 23 6 27 14 12 29 38
36 22 24 26 17 8 6 11 31 28 5 7 21 25 2 35 37 39 10 18 1 27 32 29 38
24 17 8 42 30 28 5 7 25 2 13 39 37 23 1 14 29 34
26 19 6 34 42 23 18 31 27 14 35 29 15 5 38 21 12
17 9 22 32 6 11 16 30 15 5 21 2 35 37 10 27 14 29 3 38 31
13 6 16 30 28 15 5 7 25 2 35 37 39 23 18 1 27 32 34
40 40 11 16 15 5 34 21 25 2 35 37 22 7 32 23 18 1 27 14 29 3 38
8 2 22 3 42 37 18 39 30 27 28 34 19 5 38 31
9 22 11 28 15 7 21 25 2 37 42 19 23 18 1 12 34 3 38
11 22 6 31 28 19 7 2 3 39 38 10 32 18 1 27 14 29 34
16 25 2 35 30 34 19 42 10 1 27 32 28 29 15 3 7 21
30 6 30 19 7 21 25 15 39 23 18 27 12 29 34 31
28 15 25 35 37 39 1 27 14 29 3 31
15 22 6 19 7 2 42 10 1 14 12 34 31
5 32 19 7 25 42 10 23 18 1 14 12 34
34 2 35 39 37 18 1 27 14 3 31
21 25 37 10 23 18 1 27 12 3 7 38
25 3 42 23 6 18 29 19 7 31
10 22 6 7 2 35 37 42 23 32 12 3 38
2 6 19 37 23 27 32 38 31
35 6 19 14 39 27 32 12 29 3 38 31
37 22 31 19 23 27 32 12 3
22 6 3 42 14 12 7
42 1 7 39 23 27 14 12 29 3 38
39 14 29 18 1 27 32 12 38
7 19 1 27 38 31
19 32 23 1 27 14 3
32 1 12 29 38 31
23 6 3 1 27
6 31 12 29 3
18 31 1 14 12 29 38
1 12 29
27 12 3 38
14 12 29 3 38
12
29 3 31
3 31
38 31
31
