#kunkel.py
# GMT Fri Apr 12 17:10:59 2019
# 
9 25 6 1 37 26 39 17 40 4 18 42 30 27 13 28 29 15 3 34 31
33 41 38 37 32 39 17 10 40 23 6 11 1 28 14 12 34 36 3 7 5
29 1 41 0 15 24 17 40 16 30 42 21 2 37 39 6 20 27 12 3 38 31
20 1 0 36 40 8 6 11 31 28 19 7 15 2 35 34 22 42 23 20 27 32 3 38 16
41 41 0 36 24 17 14 31 28 7 35 13 42 10 23 1 27 32 12 3 38
0 2 30 36 32 26 1 39 10 40 23 4 18 31 14 19 34 15 7
36 15 24 11 31 28 19 5 21 25 2 13 22 39 10 4 1 12 38
24 22 26 17 40 8 11 16 28 7 21 25 2 35 13 39 10 23 4 31
26 22 40 8 6 30 28 15 5 7 25 2 35 14 39 10 23 18 32 3
17 2 22 39 42 19 40 23 31 1 14 12 15 3 38 21 16
40 1 4 8 6 30 19 7 15 13 39 37 23 18 27 14 12 38
8 22 8 16 30 19 5 25 35 14 13 42 37 23 4 18 27 32 34 3
6 11 2 35 1 22 42 10 18 16 12 14 28 3 7 31
11 31 30 28 19 7 15 2 35 13 39 10 37 23 1 42 12 3 38
31 16 28 5 7 25 2 13 22 10 23 4 18 27 12
30 42 28 19 5 25 15 37 22 39 1 27 14 12 3 38 16
28 22 16 42 5 25 35 13 39 34 3 38
19 2 35 23 39 4 27 14 34 1 3 38 21
5 16 15 7 21 25 13 39 10 37 4 27 32 34 3 38
7 16 15 7 21 25 42 10 23 4 27 12 34
21 25 13 2 35 22 27 39 37 16 42 14 12 15
25 22 16 2 35 37 39 23 4 18 12 34
15 22 16 15 35 14 37 39 10 18 27 32
35 14 37 10 13 4 1 27 32 12 34 38
14 16 2 22 42 10 4 18 1 12 3 38
37 2 1 3 23 39 12 32 18 38
22 2 39 10 23 18 27 12 38
42 2 13 10 23 18 27 32 12 38
39 10 13 4 18 1 32 12
10 3 13 4 38
13 16 2 1 27 32 34 3
23 18 27 32 12 34 3 38
4 1 27 12 34 16
18 16 2 1 32 12 34 3
2 16 1 27 32 38
1 34
27 32 34
32 16 12 34
12 16 3 34
34 38
3 16
38 16
16 16
