#kunkel.py
# GMT Fri Apr 12 17:11:02 2019
# 
33 41 36 24 26 40 11 31 28 5 7 21 2 35 42 10 23 18 20 27 32 29 34 16
1 19 35 0 37 5 24 26 39 7 40 8 42 30 14 28 15 3 38 21 16
41 24 17 14 6 31 30 28 15 7 25 2 13 9 23 4 18 27 32 29 3 34
0 22 36 24 26 40 8 31 30 28 19 5 21 25 2 35 14 37 4 18 32 12
36 25 2 6 30 13 24 18 39 10 32 8 4 11 16 20 14 35 29 21
24 9 26 17 6 28 19 5 21 25 35 13 22 39 10 37 4 18 20 32 34 3
26 15 26 17 40 8 9 31 30 28 19 5 7 25 2 22 23 6 27 32 34 38
17 6 13 5 38 10 40 9 16 20 27 32 28 29 15 3 7 21 31
40 14 6 31 28 19 5 7 21 2 35 22 39 9 4 27 32 12
8 20 11 31 28 19 5 7 15 35 37 10 13 4 18 27 14 12 29
6 9 11 16 30 19 34 15 2 35 39 10 23 4 18 29 38
11 22 30 28 19 5 7 25 15 35 13 39 9 23 4 18 12 3 38
16 20 9 42 30 5 21 25 2 35 37 39 23 18 27 34 3 38
30 25 35 27 39 10 37 31 9 18 34 15 12
28 28 15 7 19 37 39 23 4 20 32 12 34 38
19 9 31 34 25 2 13 10 23 4 18 27 14 29 3
5 31 5 7 2 35 22 42 23 4 20 27 29 38
34 22 31 7 21 25 2 39 10 23 20 12 34 3
21 31 15 37 42 7 13 23 4 27 14 12 29 3
25 14 2 35 13 22 39 10 37 32 12 3 38
15 22 14 42 2 13 39 37 23 4 18 27 32
2 13 3 22 42 23 9 27 12 29 4 38
35 20 31 42 7 13 22 39 9 18 27 12 4 38
14 42 13 22 39 10 37 23 18 27 32 12 3
37 13 23 42 38 32 9 31 27 29 20
3 22 9 42 7 39 10 4 18 20 12 29 38
22 9 31 7 23 4 18 32 12 29
27 31 7 39 10 13 4
39 20 9 42 23 18 32 12 29 38
7 20 10 29 38 12
10 9 31 42 23 18 20 32 12
13 13 23 32 20 12 38
23 31 42 32 29 38
9 42 4 20 32 29
18 31 42 12 29 38
20 29 31 32
42 32 4 29 38
32 32 12 29 38
12 31 38
29 31
4
38
31
