#kunkel.py
# GMT Fri Apr 12 17:11:03 2019
# 
33 0 36 24 17 8 6 11 31 30 5 35 37 22 39 10 4 18 32 12 34 3 38
29 13 19 35 22 36 0 42 17 10 40 23 37 11 16 20 27 32 28 34 15 38
4 2 35 0 13 24 26 23 42 40 8 37 11 16 1 27 14 28 34 5 12
1 22 26 40 8 42 30 28 15 5 7 25 19 35 37 39 10 13 18 20 14 12 34 3
41 0 36 26 17 40 6 42 30 28 7 25 2 14 39 23 9 18 20 32 3 38 16
0 36 24 8 9 16 30 15 5 34 21 37 42 10 13 18 27 32 3
36 24 26 17 14 6 42 30 15 5 7 25 2 13 39 10 37 9 20 27 32 3 16
24 26 17 40 9 11 16 30 19 21 35 37 22 20 27 32 12 34 38
27 17 6 11 31 30 15 5 7 21 25 2 22 42 23 18 20 27 14
17 25 2 35 34 39 10 40 6 11 31 20 14 12 7
40 22 15 26 6 11 28 19 34 21 2 35 9 18 20 32 3
8 20 14 6 11 16 30 15 5 7 21 2 35 22 23 18 32 3 38
9 2 35 37 14 13 10 23 11 38 32 28 15 3 7 21
11 22 26 16 30 15 7 19 37 39 10 13 23 18 31
31 25 2 35 20 13 3 18 39 23 16 30 28 34 5 38 21 12
30 6 16 28 15 5 7 21 35 13 37 18 12 34
28 20 22 16 39 28 5 35 37 42 10 13 18 32 34 38
15 6 22 23 42 14 18 19 20 21 12
5 7 12 26 13 32 23 14 16 22 20
7 25 2 6 26 10 13 32 12 19 20 21
21 26 39 25 2 35 37 42 10 23 18 14 34 3 38
25 22 26 42 19 35 13 39 10 23 20 12 34 3 38
2 6 35 37 42 13 18 20 14 12 34 38
35 26 6 16 19 35 13 23 18 14
37 20 16 19 39 10 14 34 3 38
39 26 6 16 19 42 10 23 20 32 12 3
22 19 13 26 18 42 10 32
19 26 6 10 23 18 20 32 12 3 38
32 26 6 16 10 12 34 38
10 6 38 10 13 3 34
13 20 26 6 38 23 14 12 3 34
23 6 42 20 14 12 3 38 16
6 42 20 12 3 38
18 20 26 42 12 34 3 38
20 42 14
42 26 34 42 16
14 3 12 34 38
12 16 38
34 16 3 38
3 16
38 26
26
16
