#kunkel.py
# GMT Fri Apr 12 17:11:03 2019
# 
33 41 0 5 24 26 34 10 23 6 11 31 30 27 14 18 29 28 3 7 21 38
4 25 19 35 41 22 39 17 40 8 6 18 16 1 32 12 34 15 38 31
20 20 41 22 24 26 17 6 11 31 30 28 19 25 2 35 37 0 23 18 1 14 34
41 9 22 8 6 11 39 30 28 19 5 7 21 25 2 35 37 42 10 23 27 14 3 31
0 19 35 22 13 3 24 23 37 40 8 9 11 12 14 28 15 5 18
36 29 2 16 13 5 24 23 42 17 10 40 8 9 39 27 14 34 19 3 7 31
24 17 14 11 42 30 28 19 21 25 15 2 13 22 39 10 37 27 32 16
26 22 40 9 11 16 30 15 5 34 21 25 2 35 13 42 10 18 27 32 29 3 38
17 40 8 39 30 15 5 21 25 35 37 42 13 23 1 14 12 34 31
14 22 40 8 11 31 30 28 25 2 35 37 42 10 13 18 12 29 38 16
8 19 35 39 18 42 1 27 28 29 15 5 38 21 16
9 2 5 28 39 22 10 13 23 18 31 27 32 11 19 3 21 12
11 16 30 28 15 5 29 21 37 7 23 18 32 34 3
31 25 2 6 42 23 18 39 27 28 34 7 12
30 15 35 42 10 40 39 27 29 19 3 38 21
28 22 40 6 16 15 34 13 39 37 18 1 27 32 29 38
19 40 19 7 25 15 2 35 34 13 18 1 27 32 12 29 38
5 22 40 6 42 15 7 21 2 35 39 10 32 12 29 16
7 40 6 42 29 25 15 39 7 23 18 27 12 34 3 16
21 22 40 34 25 35 37 39 23 1 27 32 12 29
25 22 13 32 40 6 16 1 15 3
15 40 6 37 39 10 1 32 3 38
2 40 6 39 34 37 42 23 18 32 12 29 3 38
35 22 6 42 13 39 10 37 1 12 29
40 42 23 18 1 12 29 3
13 22 6 16 37 39 10 23 1 27 12 29
22 1 6 16 10 23 18 27 3
42 16 29 10 18 32 12 34 38
39 6 16 39 32 29 3
38 37 32 23 6 18 16 1 27 34
10 6 34 37 1 27 32 12 29
37 1 16 23 18 27 12 34 3
23 1 6 27 32 12
6 1 6 16 34 32 29 3
18 16 27 32
1 27 32 29 3
27 16 27 34 3
32 32 12 34 3 16
12 34 29 3
29
3 34
34
16
