#kunkel.py
# GMT Fri Apr 12 17:11:04 2019
# 
31 25 2 35 30 41 0 36 24 26 42 38 23 4 20 22 28 34 19 5 7
33 41 0 36 24 26 40 16 30 28 15 21 25 35 13 10 23 1 27 32 12 34 38
20 41 0 8 6 11 15 5 7 21 25 35 13 23 4 18 1 27 29 3 38 16
41 1 36 17 40 11 16 30 7 21 2 35 14 37 10 23 18 32 12 29 34
0 4 22 40 8 9 15 34 21 25 2 35 13 39 23 6 18 1 27 32 12 29 3 38
36 17 40 9 11 15 5 19 25 2 35 37 39 7 10 13 4 18 1 29 3 38
24 17 40 8 9 11 39 30 28 5 7 25 2 37 42 1 27 32 12 34 3 38
26 22 17 40 6 42 30 28 19 5 7 25 35 13 39 10 4 18 14 34 3 38 16
14 22 8 11 42 30 29 21 25 2 35 37 39 7 23 18 27 12 34 3 38
17 22 8 6 11 42 28 15 7 21 25 19 13 39 23 18 12 29 3
4 9 8 6 11 42 28 15 7 21 35 39 10 4 32 29 38 16
8 2 22 13 42 10 40 23 37 11 16 38 32 15 3 19
6 29 40 9 11 16 30 5 7 21 25 2 35 37 22 39 18 27 32 34 38
11 22 42 30 19 21 35 37 39 13 9 18 1 32 34 38
42 15 22 2 18 10 40 9 16 12 34 19 5 29
30 40 28 19 5 7 21 25 2 35 13 39 23 32 38
28 2 35 22 39 23 9 16 32 12 34 5 7
15 1 40 9 7 2 13 22 39 10 23 32 12 34 3
5 1 16 19 21 2 13 39 7 10 23 27 32 29
7 16 19 37 39 10 13 9 12 29 3
21 19 34 25 13 39 9 23 27 12 29 3 38
25 22 23 9 27 35 29 1 3 34
2 40 19 10 23 9 1 27 12 3
35 19 13 10 37 9 27 34 38
40 16 13 10 18 1 32 12 29 3 38
37 22 34 38 10 13 9 16 27 29 19 3 12
22 18 9 16 12 34 3 23
19 16 19 18 1 27 32 12 29 3 34
39 1 3 18 32 9
38 16 13 23 27 12
10 16 13 23 18 27 32 12 29 3 34
13 1 18 12 34
23 16 1 32 12
9 18 27 32 29 3
18 1 27 29 34
1 16 29 34
27 32 12 29
32 16 34
12 3
29 34
3 16 34
34 16
16 16
