#kunkel.py
# GMT Fri Apr 12 17:11:05 2019
# 
9 7 33 2 35 0 37 4 39 17 10 36 8 6 11 31 32 28 15 3 38 5
33 35 1 41 22 13 4 26 42 37 8 39 20 27 32 21 15 3 7 5 16
29 41 22 15 26 17 40 6 31 19 25 2 35 37 0 42 13 23 4 12 34 3 16
1 41 22 36 17 11 42 30 28 19 5 21 25 0 39 10 23 4 20 27 14 16
41 25 30 0 13 5 26 39 40 23 4 11 31 20 14 3 38 21
0 24 26 17 6 11 31 30 19 7 21 25 2 13 42 10 37 23 18 20 32 3 38
36 20 22 26 40 8 6 16 30 28 15 7 25 2 37 39 23 18 27 32 34
24 13 32 28 22 39 10 40 23 6 11 42 27 14 12 34 15 3 38 16
26 17 40 6 16 28 15 5 7 25 2 37 39 4 27 32 3 38
17 20 16 30 28 15 2 35 37 22 7 19 4 12 34 3 38 31
14 20 22 40 6 11 31 28 19 25 15 35 37 39 4 18 27 12 34 38
8 22 11 16 30 28 15 5 21 25 19 13 39 10 37 18 20 42 32 12 3 31
6 40 11 16 19 5 25 2 35 23 4 32 12 3 38 31
11 20 15 11 16 30 19 7 25 2 35 13 10 37 23 27 3
31 2 35 42 10 40 18 39 20 12 15 4 21 16
30 22 37 39 4 42 20 28 32 18 34 19 5 21 16
28 42 28 15 5 21 2 35 39 10 4 32 34 38
15 40 19 7 21 42 23 18 27 12 3 38
5 16 7 25 13 42 23 18 27 32 12 34 3 38
7 22 42 21 25 2 35 39 23 4 18 27 32 34 38
21 20 22 40 25 2 13 10 23 18 27 32 38
25 20 39 37 42 10 23 18 12 3 16
2 22 4 19 37 42 10 18 27 32 38
35 4 16 40 42 19 35 39 10 32 20 27 34 3
40 42 38 10 13 32 18 27 12 34
37 22 19 13 42 4 27 12 34 3
22 16 19 39 10 13 23 4 18 27 3 38
19 23 39 16 42 18 38
27 20 16 39 10 4 18 27 12 34
39 13 42 12 34 38
10 13 4 18 20 34 3
13 42 23 4 20 12 34 3 16
23 42 20 32 12 34
4 42 34 38 16
18 20 12 34
20 32 42 12 34 3 38
42 32 34 16
32 34
12 34 3 38 16
34 3
3
38 16
16 16
