#kunkel.py
# GMT Fri Apr 12 17:11:06 2019
# 
33 41 0 36 40 6 11 16 30 28 19 15 35 13 39 10 23 9 18 20 27 32 38
4 22 36 24 17 8 6 11 31 30 15 19 25 2 35 13 42 7 10 23 27 32 12 34 3
1 22 36 17 40 11 16 28 19 29 25 15 35 14 13 39 7 10 20 32 12 34 38 31
41 22 36 26 17 8 9 11 16 30 19 7 21 25 15 2 35 39 23 20 42 14 12 3
0 22 24 26 40 9 28 19 5 7 25 2 35 37 13 18 20 27 14 12 29 34
36 22 24 26 8 6 11 31 28 15 21 25 2 37 42 10 20 27 14 12 3
24 17 40 9 11 39 28 15 5 7 2 37 22 42 31 13 29 3 34 16
26 26 17 40 8 9 39 15 7 21 2 35 37 42 10 27 14 12 29 34 16
17 40 6 28 15 5 29 21 2 35 13 39 7 23 20 27 34 3
40 2 35 22 13 5 39 10 37 8 9 42 32 29 15 3
8 22 8 6 16 30 28 15 34 25 13 39 10 23 18 20 32 12 29 38
9 25 15 39 22 10 23 14 31 32 28 19 5 21 16
11 22 42 32 23 18 31 20 14 12 34 15 5 29 21
31 14 39 30 15 5 21 19 6 13 42 10 23 18 32 29 38
30 14 16 19 5 7 21 25 2 35 37 42 10 20 27 32 3 38
37 6 15 5 21 25 19 35 42 23 18 27 32 12 34 3 38
28 22 15 5 7 2 35 13 39 10 18 27 14 3 38
15 22 16 19 5 2 10 13 18
5 6 16 7 21 25 19 35 34 13 42 23 18 29 3 38
7 20 16 19 34 2 35 18 27 14 29 3 38
21 22 6 16 19 35 42 10 13 23 18 20 32 12 29 38
25 35 20 42 13 39 27 14 12 19 16
19 6 22 38 18 16 20 34
35 42 10 18 20 32 3 38
34 3 23 13 6 16 27 32 12
13 20 2 39 27 14 12 38
22 6 14 39 23 18 27 32 3
42 6 42 2 39 32 18 14 29
39 2 6 23 16 12 32
10 2 6 16 27 32 3 38
32 16 23 18 20 27 32 29 3
23 14 6 16 2 27 3 38
6 16 2 18 27 12 38
18 16 20 27 12 3 38
2 27 12 29 3 38 16
20 27 14 12 29 3
27 16 29
14 16 12 29
12 29 3 38
29 38 16
3 16
38
16
