#kunkel.py
# GMT Fri Apr 12 17:11:08 2019
# 
9 1 41 24 40 11 16 15 34 21 2 35 14 37 42 10 13 4 20 27 32 29 3 38
33 41 22 24 17 14 8 11 30 5 7 25 35 34 37 42 10 23 20 27 32 12 29 3 38
1 41 0 17 40 8 6 11 31 19 5 35 37 42 10 13 23 18 20 32 3 38
41 36 17 40 8 6 11 30 28 19 5 7 21 15 35 13 39 10 18 34
0 22 36 24 26 6 11 42 28 19 5 25 15 35 13 39 10 37 27 32 12 29 3 38 16
36 36 26 40 8 6 16 15 7 2 35 37 22 10 13 23 4 18 27 14 34 38
24 22 26 40 11 42 30 28 19 5 25 2 14 13 39 27 32 12 3 38
26 2 20 39 40 32 6 18 31 30 27 14 11 29 15 4 21 12
17 6 16 30 15 5 29 21 19 35 37 39 7 10 4 27 32 12 34 38
40 6 20 22 3 42 37 13 18 28 29 15 5 38 21
8 8 31 19 5 7 21 25 15 13 38 10 18 20 27 32 12 29 3 34 16
6 11 31 15 5 7 2 35 37 22 42 10 23 20 14 12 29 38
11 25 19 20 39 18 31 14 28 34 15 5 29 16
31 14 28 15 5 21 25 2 35 42 19 4 18 27 32 12 3 38
30 22 39 15 7 21 2 13 42 38 10 4 18 14 29 3 34 16
28 25 35 13 5 39 23 37 27 12 19 3 7 21 16
15 19 5 7 25 2 14 13 39 23 20 27 32 12 34
5 22 7 35 39 23 20 27 32 16
7 22 21 25 2 13 10 37 4 18 27 14 12 3 38
21 19 2 35 39 10 23 18 27 14 29 3 38
25 22 19 29 2 37 39 10 23 27 12 34 38 16
13 10 22 39 37 18 42 32 4
2 22 4 2 37 10 23 20 32 12 29 3
35 22 19 39 10 4 18 20 27 32 16
34 23 39 10 37 42 12 32 18 3 16
37 16 19 42 23 18 20 3 38
39 16 19 22 42 10 4 18 20 14 12 3
22 20 19 16 32 42 4 38
19 32 42 23 18 14 29 16
42 32 38 14 12 29
10 4 14 12 3
32 23 4 27 12 29 16
23 14 29 4 20 27 12 3 38
4 18 27 14 29 3 16
18 20 29 3 16
20 3 38 16
27 38 14
14 29 3 38 16
12 29 16
29 38
3
38 38 16
16
