#kunkel.py
# GMT Fri Apr 12 17:11:09 2019
# 
9 1 41 0 36 40 8 11 16 30 28 7 2 13 39 32 23 4 18 20 14 29 31
33 41 0 24 17 6 30 7 21 25 2 35 13 22 39 10 23 18 1 27 14 12 29 3 38
20 11 22 13 26 38 10 32 8 18 16 30 14 12 34 19 5 7 36 31
41 0 36 26 17 40 6 11 16 28 5 35 14 37 10 27 32 12 34 3 38
0 0 15 17 16 40 42 30 19 21 2 35 13 22 39 10 4 18 27 32 29 31
36 25 15 35 30 22 13 32 24 42 37 23 6 27 14 11 34 19 38
24 15 2 13 26 8 42 38 10 23 4 11 39 1 27 12 34 19 5 29
26 1 22 15 40 8 31 30 28 19 7 2 35 13 39 23 4 18 42 12 29 3 34
17 25 19 35 37 39 38 13 6 18 31 1 32 34 15 3 7 21
40 40 8 6 5 7 21 25 2 35 37 3 42 10 13 23 1 32 29 4
8 22 6 11 31 19 5 7 21 25 2 35 10 23 18 1 27 14 29 3
6 22 11 16 30 28 19 2 13 39 10 4 18 14 29 3 31
11 22 11 16 19 35 37 39 10 13 18 27 12 3 38 31
16 14 30 28 5 21 25 2 35 37 22 23 4 27 32 34 38
30 25 2 12 39 13 37 23 27 14 28 29 19 31
37 22 15 5 7 21 2 35 13 42 10 23 1 14 12 3 31
28 15 34 5 39 23 4 18 27 12 29 42 3 7 21
15 29 32 15 19 25 2 13 39 7 10 23 4 18 14 34 3 38
5 2 1 22 42 10 12 32 29 19 3 21 31
7 22 39 10 4 14 31 12 32 34 29 21
21 19 29 25 35 42 23 4 27 32 34 38 31
25 22 34 2 35 13 23 4 18 27 29 3 38 31
2 19 2 22 39 10 1 27 14 12 3 38
35 42 19 39 23 18 27 14 34 38
34 31 14 39 42 10 23 4 18 1 32 12 29 38
13 31 22 42 23 4 18 1 12 29
22 32 39 4 18 1 14 38
19 14 31 42 19 23 27 32 3
42 3 31 1 27 32 38 12
39 4 31 18 27 12 3
10 29 3 23 31 32
32 23 4 27 3 38
23 29 4
4 14 1 12 3 31
18 1 31 27 12
1 3 14 12 38
27 31 14 29 3 38
14 12 38 31
12 29 38
29 31
3
38 38 31
31
