#kunkel.py
# GMT Fri Apr 12 17:07:30 2019
# 
0 5 7 8 9 10 11 12 13 14 15 16 17 19 20 21 23 24 25 26 27 28 29 30 32 33 34 36 37 38 39 40 41 42
1 4 5 7 8 9 10 11 12 14 15 16 17 18 19 21 22 24 25 26 28 29 31 32 33 35 36 38 40 42
2 3 4 5 6 7 8 10 11 12 14 15 16 17 18 20 21 22 23 25 27 29 30 33 34 35 38 39 40 41
3 5 6 8 9 11 12 14 15 16 17 18 19 20 21 22 23 24 25 26 27 28 29 30 32 33 35 37 38 39 40 41 42
4 4 5 10 11 12 13 14 15 16 17 18 20 21 22 23 25 27 29 30 31 32 34 35 37 38 39 40 41 42
5 5 7 8 11 13 15 16 19 20 22 24 26 27 29 32 33 35 36 37 38 39 40 41
6 6 7 8 11 12 16 17 18 20 22 26 27 28 30 31 34 36 39 40 41 42
7 8 9 10 11 14 16 23 25 27 28 29 30 31 33 35 36 38
8 9 10 11 13 15 17 20 22 23 25 26 30 31 32 33 34 36 37
9 10 16 17 19 20 24 25 31 32 33 34 35 37 38 39 40 42
10 12 13 17 19 22 24 25 27 29 30 32 33 34 35 36 37 38 39 41
11 12 13 14 16 18 23 25 28 30 31 32 34 36 37 40
12 13 14 15 17 20 24 26 28 29 31 32 36 37 38 40
13 32 33 41 20 21 22 39 24 25 26 28 30 31
14 33 37 41 42 15 17 18 19 20 40 27 29 31
15 33 41 42 39 34 18 20 25 36 37 30 31
16 17 19 21 22 23 26 29 34 35 37 38 39 41
17 19 20 21 22 23 27 28 29 33 36 37 40 41 42
18 19 21 22 23 25 26 29 30 31 32 35 38 39 42
19 21 24 25 28 32 33 35 36 37 39 40 41 42
20 20 23 24 28 29 33 34 35 36 41 42
21 23 24 25 26 27 31 32 33 37 38 40 41
22 32 39 41 24 25 26 27 28 36
23 24 25 27 28 29 30 31 32 34 35 36 38 41
24 25 26 29 30 31 34 38 39 40 42
25 26 30 33 34 38 40 41 42
26 27 28 29 32 35 36 38 41 42
27 28 29 30 31 32 34 38 39
28 29 32 34 35 37 38 39 40 41
29 29 30 31 32 35 36 37 40 42
30 32 33 34 36 41 42
31 33 34 35 37 39 40 41
32 33 35 36 39 40 42
33 36 37 38 41
34 35 36 39 42
35 36 39 41
36 41 42
37 38 39 40
38 39 41 42
39 41 42
40 41 42
41
42
