#kunkel.py
# GMT Fri Apr 12 17:11:16 2019
# 
6 0 36 24 17 40 9 11 16 30 28 19 29 21 15 35 37 10 6 18 20 34 3 31
33 26 17 14 8 11 28 15 5 29 21 2 35 13 42 19 18 1 27 32 12 34 38
20 9 29 15 20 0 36 3 22 17 10 23 4 30 38 32 28 34 19 5 7
41 25 26 35 0 13 28 22 39 7 40 9 31 27 14 12 29 15 5 34 16
22 0 36 17 40 8 9 42 30 15 5 7 21 35 37 39 29 18 1 27 12 34 31
36 1 24 14 8 42 15 29 25 2 37 39 7 10 13 27 32 34 38 16
24 25 11 35 30 37 3 26 13 40 8 18 31 1 32 28 19 5 7
26 2 35 0 42 17 10 40 23 9 18 16 11 12 28 29 5 7
17 1 16 32 8 11 42 30 15 25 13 39 10 37 23 18 14 29 31
16 0 40 31 30 19 5 21 25 15 2 35 37 39 10 13 4 14 29 38
14 3 23 42 10 13 8 4 11 30 12 32 28 15 5 7 21
8 0 40 31 30 28 15 7 25 35 37 39 10 13 18 3 38
9 29 0 37 32 39 10 40 23 4 11 42 1 34 5 7
11 28 15 5 29 21 25 19 42 10 23 18 1 12 34 3
39 15 5 21 25 2 35 13 23 4 1 27 12 34 3 38
30 0 30 28 19 5 7 21 25 2 35 13 42 23 27 12 3
28 0 40 19 21 25 2 35 13 10 23 4 1 27 32 12 3
15 0 40 19 7 21 13 37 32 18 27 12 3
5 1 40 19 7 2 37 10 27 32 29 3 38
29 19 7 21 25 35 23 32 34 3 31
21 19 25 2 13 7 10 37 18 1 12 34
25 0 40 19 7 35 10 23 1 27 3 31
10 4 35 37 42 13 18 27 12 34 3 38 31
2 0 12 27 37 23 4 18 42 32 19 38 31
35 0 40 19 7 37 13 4 42 32 34 3
40 0 4 13 37 27 32 12 3 38
13 4 18 34 38 31
0 0 42 19 18 12 34 38
42 19 7 37 42 23 4 18 27 34 38
7 23 18 32 34 38
19 37 23 1 34 31
37 18 1 27 4 31
23 31 4 18 1 32 12 3
4 31 1 27 12 34 3 38
18 1 27 32 12 34 38
1 31 27 32 12 38
27 32 12 34 3 31
32 31 12 38
12 12 38
34 31 3 38
3 31
38 31
31
