#kunkel.py
# GMT Fri Apr 12 17:11:17 2019
# 
9 20 22 36 26 17 40 6 11 31 28 15 7 21 25 2 37 19 32 23 18 1 14 34
33 2 35 1 36 22 37 24 42 38 10 40 8 6 30 27 32 28 15 3 20 21
20 41 22 36 17 40 6 30 15 7 21 25 2 37 0 10 23 20 27 14 12 29 3 34
41 0 24 40 11 42 30 28 19 29 35 13 22 39 7 10 14 12 34 3 38 31
22 36 24 26 40 8 11 31 30 5 34 21 39 10 23 18 14 12 29 3 38
36 1 24 26 17 8 6 11 19 5 21 25 15 35 13 0 39 4 27 12 29
24 26 17 32 6 42 30 34 2 37 0 39 10 4 14 29 3 38 31
26 0 17 32 8 16 30 28 42 5 7 21 15 35 39 10 18 27 14 29 3 34 31
17 25 2 6 30 0 42 38 1 4 18 27 14 29 7 21 34
40 2 35 30 3 42 23 6 16 12 32 28 34 15 5 7
8 25 2 19 42 10 23 18 1 27 14 11 34 15 5 7 21 12
6 31 0 11 42 19 5 15 2 39 10 23 27 14 12 29 38 16
11 11 16 30 19 5 7 21 25 15 35 0 39 1 27 32 29 38
16 15 0 37 27 39 13 32 31 42 14 12 29 19 5 7 21
30 31 28 19 5 21 2 35 37 42 23 4 18 27 32 12 38
28 0 39 34 25 2 14 37 42 13 23 4 27 32 12 29 38 31
0 42 5 21 25 19 35 37 39 10 13 23 27 34
15 19 25 2 35 37 39 13 23 18 1 32 29
5 34 2 14 37 42 23 4 18 27 32 29 3
34 31 19 25 13 42 4 18 1 27 34 38
21 1 21 35 37 39 13 18 14 12 3 38
25 14 29 19 13 39 7 23 4 18 32 3 38
2 31 7 19 35 3 42 18 27 32 4
35 1 39 13 4 42 32 12 3 7
14 4 19 42 10 23 1 27 14 12
37 31 13 42 10 37 4 1 27 32 12 29 38
39 31 7 13 4 32 29 3 38
19 7 13 10 4 1 32 12 3
42 7 38 23 18 1 29
7 10 23 4 1 12 3 38 31
10 32 38 13 18 31 12 3
13 31 23 18 1 32 12 3 38
23 31 18 1 27 29 3
4 31 27 32 38 12
18 1 3 18 31 32
1 32 38 29
27 31 27 32 12
32 31 29 38
12 29 3
29 38
3
38
31 31
