#kunkel.py
# GMT Fri Apr 12 17:11:17 2019
# 
9 25 35 1 41 22 36 24 26 39 38 37 40 23 4 6 31 30 19 3 7 21
33 25 15 35 37 41 0 13 22 8 42 10 40 23 4 6 31 27 18 19 3 12
20 11 2 35 40 37 24 26 13 36 23 4 18 15 30 14 28 34 17 3 21
41 0 24 8 6 11 30 28 19 5 35 22 42 10 23 4 18 1 27 14 29
0 25 2 35 22 3 24 42 17 40 31 30 27 14 12 34 5 21 16
36 22 15 24 26 17 8 6 11 16 28 19 25 2 13 39 10 4 34 38 31
24 26 17 40 8 31 28 19 7 21 25 15 22 18 32 12 29 3
26 22 17 8 16 30 19 34 15 35 37 42 13 18 1 12 29 3 31
17 8 6 11 42 30 28 19 5 7 25 2 35 13 22 39 4 27 14 12 34 16
40 1 22 8 30 19 5 7 21 15 35 37 10 23 4 27 29 38
8 22 6 11 31 19 5 25 15 2 37 10 4 1 14 3 38
6 25 1 22 23 38 37 14 30 28 32 12 19 4 7
11 25 3 23 30 10 39 1 32 12 29 15 5 38 21 16
31 16 30 28 15 21 19 35 13 22 39 10 37 4 18 1 27 34
30 25 2 35 1 13 23 12 18 15 4 38
28 22 32 19 5 7 21 2 34 37 42 18 14 29 38 16
15 39 7 21 25 35 13 42 10 23 18 27 14 34 38
5 22 39 34 21 25 2 35 13 42 23 4 18 14 12 29 38
7 2 14 4 39 10 18 42 1 27 32 29 3 21
21 2 35 37 10 13 1 32 12 29 3 16
25 14 16 25 35 39 10 23 27 32 12 3
19 2 37 23 39 13 42 3 38 16
35 2 39 10 4 18 14 12 38
14 2 38 4 1 27 14 12 29 3 34
37 16 42 2 37 39 10 18 1 32 12 34 4
39 2 42 10 23 1 27 32 12 16
22 13 42 10 18 32 34 3 38
42 2 13 23 1 27 12 29 3 34
38 13 10 32 23 18 1 12 3
10 2 13 18 1 32 12 29 3
13 2 23 4 1 27 29 34
23 2 23 4 18 27 12 29 3 16
4 1 18 27 32 12 34 3 16
18 29 2 27 34 16
2 27 12 3
1 1 27 32 12 29 34
27 32 12 29 34
32 34 16 29 3
12 29 16
29 16 34 3
3 16 3 34
34 16
16
