#kunkel.py
# GMT Fri Apr 12 17:11:18 2019
# 
9 41 0 36 24 8 16 30 28 15 5 34 21 25 13 22 10 37 23 18 20 29 3 38 31
33 15 2 35 20 22 37 24 39 17 38 40 23 6 1 27 32 29 19 3 7
1 41 22 26 17 11 16 30 19 7 21 25 15 35 13 39 37 4 18 32 3 38
41 2 20 22 36 42 10 40 23 4 11 16 27 32 28 29 3 38 12
22 20 15 14 8 6 11 16 30 19 34 2 35 37 39 23 42 32 29 31
36 24 26 17 40 6 11 16 30 5 7 25 14 42 10 27 32 12 34 4 31
24 15 2 40 24 42 17 13 32 4 18 16 30 14 28 34 19 7 21
26 25 40 2 35 0 37 13 20 11 31 30 27 14 12 34 15 38 21
14 17 6 11 16 28 15 5 21 25 2 13 39 10 23 18 27 3 38
17 0 40 6 11 31 30 15 2 35 13 39 10 23 4 18 12 29
40 35 20 0 42 6 4 16 30 28 32 12 29 19 38 21
8 0 4 6 42 30 5 7 25 2 35 13 39 10 23 18 27 32 12 38 31
6 0 6 16 28 19 7 37 39 10 13 18 27 32 12 34 31
11 0 28 19 5 34 25 15 2 35 13 4 18 20 27 29 3
16 31 28 5 34 25 35 37 42 23 18 20 27 32 29 4
30 20 39 7 2 35 42 10 23 4 18 27 34 31
28 25 2 13 39 23 20 27 32 12 3 7 21 31
15 25 2 20 0 42 10 4 32 27 29 19 21
5 0 19 21 2 35 37 39 10 13 23 4 32 29 3 38 31
7 25 35 34 23 42 31 39 32 29 19 3 38 20
21 0 31 19 2 13 37 4 18 20 27 32 34 3
25 29 2 37 19 10 18 20 27 34 38 31
10 2 0 3 23 42 19 18 34 38
2 0 19 35 13 39 23 20 27 12 38
35 0 35 13 42 37 23 18 29 34 31
34 19 37 39 4 32 29 3 38
37 42 19 13 39 37 18 20 27 3 31
0 31 19 13 42 23 18 32 12 4
42 19 13 39 4 20 12 29 3
39 3 23 13 31 12 29
19 31 23 18 27 32 12 3 38
13 4 27 32 3
23 23 20 12 29 31
4 18 27 32 12 3
18 12 29 3 38 31
20 27 12 3 38
27 32 12 29 3 38
32 38 32 29 31
12 3 31
29 3 38
3 38
38 31 38
31 31
