#kunkel.py
# GMT Fri Apr 12 17:11:19 2019
# 
9 25 19 20 41 36 3 26 23 42 40 8 6 11 39 30 12 14 28 15 5 21
33 0 36 24 26 6 11 31 30 15 7 21 25 2 35 37 39 10 18 1 27 32 12 3 38
20 29 0 24 26 6 16 30 19 7 25 2 37 22 42 10 23 4 18 27 12 34 38
41 41 22 36 24 17 4 8 6 11 16 28 19 7 21 25 35 39 18 1 27 32 3
0 22 15 24 26 40 8 11 16 30 19 29 25 2 39 7 4 32 34 3 31
36 25 6 35 5 26 42 17 4 18 16 38 32 28 29 3 34 21 31
24 8 6 11 16 30 28 15 21 19 37 39 23 4 1 14 29 3 31
26 17 40 6 30 19 34 21 25 35 13 3 22 1 27 14 12 29 4 38
17 15 2 35 13 39 10 8 18 42 27 12 34 19 5 38 21 16
40 4 8 6 42 28 15 7 25 2 35 37 22 39 19 27 14 12 29 34
8 15 11 30 28 19 7 21 25 2 13 39 38 4 18 27 32 29 34
6 1 22 11 16 15 5 25 2 13 42 19 37 23 18 29
11 11 30 28 19 5 29 15 35 22 39 10 23 4 18 14 12 34 38
31 32 39 28 19 5 21 15 37 22 42 10 4 18 1 14 12 34 16
30 13 5 42 39 1 12 14 18 34 19 3 38
28 22 16 5 7 21 35 14 13 10 37 23 18 27 32 29 3
15 25 2 39 22 42 4 16 27 14 15 21
5 14 16 7 21 42 10 18 1 27 32 12 29 3 38
7 1 39 25 2 14 37 22 42 10 27 32 29 3 16
21 23 10 13 4 27 32 34 38 12
34 22 16 25 2 35 37 10 13 23 18 27
25 16 19 25 35 37 42 10 32 14 29
2 19 37 23 42 38 18 16 1 27 14 12
35 22 19 37 39 10 23 4 18 27 14 12 29
14 22 13 23 4 18 1 32 12 29 38
37 13 42 10 23 4 12 19 3
22 1 16 13 10 23 27 32 3 38
19 13 42 23 27 32 12 3 38
42 42 10 13 23 18 1 27 32 12 29 3 16
39 27 10 16 38 12 3
10 4 18 32 29 38 16
13 29 1 23 4 27 32 38 12
23 1 32 4 27 12 38
4 18 1 27 38
18 32 27 12 38
1 27 32 29 16
27 29 3
32 29 3
12 3
29 38
3 16
38 16
16
