#kunkel.py
# GMT Fri Apr 12 17:11:21 2019
# 
33 25 35 20 37 5 24 39 17 10 40 6 9 18 31 1 27 13 28 15 3 16
4 19 35 22 36 5 14 39 17 40 23 18 16 42 32 28 29 15 3 38 34
1 9 15 2 13 32 24 39 17 10 37 23 6 18 31 30 28 14 11 34 19
41 25 35 36 37 42 39 17 9 40 6 11 31 20 28 14 12 34 19 7 21
22 0 36 24 40 11 42 19 7 25 15 35 13 39 37 23 20 27 32 12 34 38 16
36 0 36 24 17 40 11 30 15 19 21 25 2 35 42 10 23 27 29 38
24 26 17 32 8 31 19 7 21 25 2 37 39 10 20 27 14 12 38
26 0 15 26 17 8 9 31 30 19 7 21 2 35 13 39 23 18 20 27 32 12 34 3 38
17 0 8 6 11 16 30 28 5 7 37 42 23 27 32 34 3
40 14 6 11 31 30 28 19 5 7 25 35 13 42 10 23 20 27 32 29 38 16
8 25 2 0 13 42 10 32 23 9 11 30 14 28 29 5 7 34
6 0 9 31 28 19 5 21 2 42 32 6 18 20 27 14 12 38 16
11 20 9 42 30 15 5 19 2 37 39 10 18 27 14 12 29 3 38 31
31 28 5 7 21 25 35 13 42 10 23 18 20 27 32
30 25 2 35 0 39 10 16 28 13 12 29 34 21
28 0 15 21 25 39 23 18 27 32 12 34 38
15 32 16 15 19 25 2 37 0 7 10 27 14 12 29 3
5 25 0 37 23 42 9 12 13 18 34 7 38
34 20 0 9 19 7 21 25 2 35 39 18 38
21 42 7 19 13 39 37 23 18 20 27 14 12 29 3 16
25 0 9 35 42 10 18 32 12 16
19 19 35 13 39 23 18 14 12 3 38
35 9 35 37 13 20 27 14 12 29 38 16
14 7 2 37 39 10 23 18 20 12 38
37 0 16 7 13 39 10 23 20 12 29 3 38
0 42 2 39 7 20 12 29 38 16
42 2 9 18 20 32 12 29 16
39 32 9 29 2 39 27 3
7 2 13 23 38 27
10 2 9 23 32 10 27 3 38
13 2 23 38 9 18 29 16
23 27 29 3 38
9 2 9 18 27 12 3 38 16
18 29 2 20 27 32 12 3
2 29 20 27 38 16
20 29 32 3 16
27 32 3
32 12 3 16
12 29 3
29 3 38 16
3 16 38
38 16
16
