#kunkel.py
# GMT Fri Apr 12 17:11:23 2019
# 
9 41 22 26 40 6 11 16 30 5 7 2 35 37 39 10 23 18 20 14 34 38 31
31 41 36 17 40 8 11 30 28 19 5 7 2 13 10 23 6 18 1 14 12 34 3
33 41 0 24 40 8 6 11 19 5 7 2 35 13 22 39 23 4 18 14 12 34 3
29 20 41 0 36 17 40 8 39 30 5 7 25 2 35 37 42 32 23 4 1 14 29 38
20 25 2 34 13 26 39 17 6 11 42 30 27 14 28 19 5 38 12
41 22 24 26 40 8 11 30 28 15 7 21 34 10 6 18 27 14 12 3 38 16
0 25 2 6 37 3 24 39 17 8 4 11 16 30 14 18 5 34 21
36 22 24 32 6 11 42 28 5 7 21 25 35 34 39 10 23 1 27 14 38 16
32 25 19 35 22 37 5 42 17 10 23 6 18 27 14 12 15 3 38 21
24 26 8 11 16 30 28 19 5 21 35 37 10 13 23 4 18 27 34 3 38
26 40 6 11 28 19 5 7 21 2 35 37 39 10 23 14 12 4 38
17 14 8 6 30 15 34 21 2 35 13 42 10 23 4 1 27 3
40 35 30 22 13 5 34 23 4 6 1 14 15 3 7
8 15 16 30 28 19 5 34 25 2 13 23 4 12 3 38
6 30 19 25 2 42 18 27 14 12 34 3 16
11 22 15 5 21 25 2 35 13 42 19 37 23 4 27 14 12 34
42 1 16 28 15 7 21 19 35 13 39 10 37 18 14 38
30 28 19 5 25 15 35 37 39 27 4 16
28 25 39 23 10 4 18 16 14 12 15 7
19 22 35 13 39 10 1 14 12 3 38 16
5 16 37 22 39 10 1 27 12
7 22 16 34 21 25 15 37 39 4 18 14 12
21 22 14 10 37 23 4 1 27 12 34
25 22 16 15 13 10 37 4 1 12 34 3 38
15 2 35 38 13 14 18 4 27 12
2 1 22 16 2 35 13 39 10 23 27 12 38
35 22 16 13 27 39 37 18 1 38
13 1 39 4 27 14 34 3 38
22 39 23 16 1 27 12 3
39 16 38 10 18 12 3 34
10 16 37 4 1 12 34
37 37 23 18 1 27 12 38
23 16 34 1 12 3
4 18 16 1 27
18 27 14 16 3 12
1 14 3 38 16
27 16 27 3 38
14 38 3 34
12 3
34
3 38
38
16 16
