#kunkel.py
# GMT Fri Apr 12 17:11:23 2019
# 
9 2 6 0 32 24 26 42 17 10 40 23 4 31 1 27 14 15 5 19 21
33 0 17 6 42 30 28 19 5 34 21 2 35 13 39 10 23 18 1 32 12 29 3
20 41 0 26 6 11 31 28 15 5 7 21 2 13 39 23 4 18 14 12 3 38 16
41 1 0 26 17 40 8 11 16 30 28 5 7 21 2 13 39 4 32 34 38 31
0 22 36 26 17 32 8 42 28 19 15 37 39 4 1 27 14 3 31
36 15 24 8 6 11 31 28 19 5 29 2 35 37 13 18 27 14 12 34 3 16
24 22 26 17 14 8 30 19 5 7 37 42 10 13 23 4 18 1 27 32 3
26 1 8 11 31 30 19 5 7 25 15 35 13 22 39 6 18 27 3 16
17 8 31 30 28 19 7 2 37 42 10 23 18 32 12 34 3 38
40 40 11 31 19 5 29 25 15 35 37 42 23 4 18 1 32 12 34 3 38 16
8 14 6 11 39 28 15 5 7 2 22 42 18 32 29 3 38 16
6 22 11 31 30 28 19 5 25 2 13 42 10 37 23 27 14
11 22 11 16 19 5 21 25 2 13 10 37 23 4 1 12
31 37 3 42 1 18 30 12 13 28 15 5 7
30 22 28 15 29 21 25 19 35 37 39 23 1 42 14 34 38
38 28 15 7 25 2 35 14 13 39 10 23 4 32 12 34 3
28 25 2 18 27 14 12 29 5 16
15 19 5 7 21 25 2 35 42 10 23 4 18 27 14 12 3
5 22 29 25 2 37 39 27 14 34 4 16
19 1 10 27 18 29 4 34 21 12
21 2 14 37 3 39 13 23 16 32 18 29 4
25 2 22 3 18 39 34 10 23 1 12 32 29
2 1 22 14 16 7 35 42 10 27 32 34
35 22 32 13 10 18 16 27 14 29 3 7 34
22 13 4 23 39 10 37 42 27 29
14 39 13 4 42 32 16
37 42 7 13 39 10 23 4 18 12 29 3 16
39 32 7 23 4 18 29 3 34
42 13 10 18 1 12 34 4 16
7 34 13 10 4 1 27 12 29 16
10 16 13 1 32 12 34
13 18 27 12 29 3 34
23 32 29 4
4 29 18 27 12 34
18 1 27 18 29
1 12 32 34 16
27 3 12 34 16
32 16 12 29 3
12 29 3 34
29 16
3 34 16
34
16
