#kunkel.py
# GMT Fri Apr 12 17:11:27 2019
# 
6 20 0 36 3 24 39 17 10 8 4 42 30 12 14 28 34 15 5 7 21 16
33 22 36 26 17 14 11 42 19 21 15 2 13 0 39 37 4 18 20 27 32 12 16
29 1 0 36 24 17 8 11 16 28 15 19 21 25 2 13 10 23 4 20 12 34 38
1 25 2 35 41 22 13 24 42 17 10 9 11 39 30 27 32 19 21 16
41 0 24 17 8 9 11 30 19 5 35 13 22 42 23 4 18 27 12 34 3 38
22 19 4 30 0 37 26 17 10 40 23 9 11 16 38 28 20 5 7
36 0 36 24 26 17 40 8 11 31 28 7 21 2 13 42 10 18 20 27 12 38 16
24 0 24 26 8 31 15 19 2 35 37 10 9 20 27 14 12 3 34
26 0 17 40 8 9 11 31 30 7 21 25 2 35 37 42 10 4 18 14
17 8 31 28 5 7 21 25 2 35 13 39 42 27 32 3 16
40 32 9 31 19 5 21 25 15 37 0 39 23 4 18 27 14 3 38 16
8 0 14 31 15 5 34 25 19 35 13 42 23 9 18 27 32 16
9 20 11 39 30 28 15 5 2 13 0 42 31 37 4 27 32 12 34 16
11 31 28 15 21 25 35 39 7 10 18 14 12 34 3 38
42 30 15 7 21 25 19 35 37 10 13 18 14 34
30 4 16 28 19 5 7 21 25 35 14 37 10 13 23 18 20 32 34 3
28 25 2 0 5 10 37 27 12 15 3 19 38
15 0 39 15 7 25 2 35 37 32 18 14 16
5 0 31 7 2 13 39 10 23 20 27 12 3 38
7 16 39 21 25 37 23 4 20 32 12 34 31
21 0 39 38 32 12 20 4 34
25 20 19 2 35 23 18 27 14 12 38
10 20 32 39 19 13 23 4 27 14 3 16
2 0 32 31 34 39 23 4 18 14 38 16
35 20 0 32 16 13 18 27 14 34 3 38
14 19 37 39 13 14 34 3 31
13 0 32 39 4 18 3 38 31
0 37 20 32 12 3 38
19 34 37 4 18 27 12 3 38
39 31 37 32 4 20 27 34 3 38
31 37 23 16 20 27 18 3
37 20 18 12 32
23 20 3 34 4 18 32 12 16
4 16 18 20 27 3 38
18 27 12 3
20 38 32 3 34 16
27 27 32 34 38 16
32 16
12 34 38 12
34 38
3 38
38
16
