#kunkel.py
# GMT Fri Apr 12 17:11:30 2019
# 
9 25 35 20 41 22 36 24 26 32 13 10 40 6 4 18 16 30 14 12 5
33 22 36 24 26 17 40 6 11 31 30 2 14 13 0 42 10 37 23 27 32 12 29 3 38
1 24 17 40 8 6 39 28 19 5 7 21 25 15 42 32 4 18 20 27 14 12 29 34 31
41 0 15 24 26 17 8 6 11 42 28 19 7 21 25 2 37 22 39 10 23 18 27 32 29 16
22 0 24 26 40 11 16 28 15 5 7 21 22 42 23 4 18 27 32 29 34
36 36 24 17 8 11 31 30 28 15 5 34 21 25 6 23 4 20 27 14 12 29 38
24 26 16 40 6 42 30 21 25 2 35 0 39 20 32 12 3 31
26 8 39 30 19 21 13 0 42 23 18 20 27 32 12 34 3 31
17 2 35 30 0 39 13 40 6 37 18 27 32 34 19 4 7 21
40 8 6 11 31 30 28 19 5 29 25 39 23 18 12 34 3 38
8 31 15 5 7 21 25 19 35 13 39 10 23 18 42 14 3 38
6 20 0 11 16 28 42 7 15 35 13 39 10 23 29 14 34 3 31
11 25 29 39 13 37 4 18 42 28 12 34 19 7 16
31 2 0 3 42 13 10 27 28 34 15 5 21 12
30 0 39 19 5 25 35 37 42 13 23 4 18 20 3 16
28 19 5 21 2 14 0 23 4 32 12 29 3 38 16
15 19 5 7 25 2 13 10 37 23 20 27 12 34 3 38 16
5 20 7 2 35 37 0 42 13 4 32 12 34 3 38
7 14 42 19 25 2 37 39 10 18 27 32 12 38
21 25 2 39 13 23 4 16 0 3 29
34 20 19 35 14 0 39 10 4 18 27 32 34
25 0 19 2 35 13 4 18 27 14 12 3
2 0 14 16 35 37 10 13 23 32 12 29
35 20 37 13 39 10 4 18 32 35 38
14 29 20 38 13 10 4 27 32 19 3
37 20 0 13 23 4 32 12 29 3 38
39 20 16 42 19 13 39 23 18 12
0 16 19 29 0 10 23 4 20 32 38
19 13 42 20 27 12 29
42 20 23 4 27 12 29 38
10 29 38 16 20 27 18 3
13 16 4 27 38
23 16 4 18 32 3 38
4 20 4 18 12
18 16 27 3 38
20 32 29 3 38 16
27 38 32 3
32 32 12
12 16 29 38
29 3 38
3 16
38 16
16
