#kunkel.py
# GMT Fri Apr 12 17:11:32 2019
# 
9 20 41 0 24 17 8 31 15 5 34 19 37 42 7 10 13 23 18 1 14 29 38 16
33 1 0 24 26 40 8 6 31 28 15 5 19 25 2 37 22 42 7 10 4 18 20 32 29 3 16
1 41 22 36 24 8 11 30 28 15 5 21 25 19 39 10 23 4 20 32 29 3 38
41 22 26 8 11 31 28 15 5 21 13 42 10 23 6 18 27 14 12 29 38
0 22 36 17 4 6 11 42 30 28 15 7 25 2 35 37 39 23 18 27 12 29
15 36 26 17 40 31 30 28 19 21 35 37 39 23 27 32 12 34 3
24 25 2 20 22 36 3 39 10 13 8 6 11 16 30 42 12 4 19
26 40 6 11 5 19 21 2 37 42 7 10 13 32 18 20 27 14 12 29
17 36 17 40 8 11 16 30 28 7 21 2 22 39 10 6 18 20 27 34 4 38 31
40 25 35 14 36 39 13 6 18 31 30 27 32 34 5 38 21
8 36 39 30 28 5 34 21 25 35 13 42 37 6 18 32 12 29 38 16
6 36 31 30 5 21 25 2 37 22 10 4 18 12 34 3 38
11 36 16 30 28 19 5 7 2 35 37 39 10 4 20 12 34 38 31
31 25 37 3 42 21 20 14 35 34 4 38 5
30 36 16 7 25 37 10 23 4 20 27 14 29 3
28 25 2 13 22 23 39 10 4 16 20 27 18 5
19 35 20 36 18 42 10 37 16 14 12 34 4 7
5 20 22 42 21 2 37 39 10 13 4 38
7 36 32 42 25 2 35 39 10 23 27 14 12 3 38
21 22 36 34 35 37 10 32 4 20 14 12 29
34 4 36 2 35 13 10 32 18 14 29 3 16
25 37 22 23 39 18 27 14 42 3
2 14 16 35 13 10 23 18 20 27 32 12 3 38
35 13 22 42 39 23 4 20 27 14 12 3
14 22 37 42 23 29 18 20 27 32
37 13 39 42 22 29 16
39 36 16 13 42 32 29 3 38
22 20 36 16 13 23 27 29 3
42 36 13 10 23 27 32 12 29 38 16
10 29 23 27 12
13 4 27 32 29 16
23 32 23 4 18 12 3 38
4 29 18 27 32 3 16
18 32 18 20 12 3 38
20 20 27 32 12 29 16
27 12 29 3
32 12 38 36
12 16 3
29 36 38 16
3 3 38 16
38 36 16
36
16
