#kunkel.py
# GMT Fri Apr 12 17:11:32 2019
# 
33 20 22 36 17 8 9 11 31 30 19 29 21 25 15 2 35 7 4 18 1 34 38
29 22 36 24 17 9 11 42 28 19 7 21 35 37 39 10 23 4 18 27 14 12 34
20 41 0 26 17 40 8 9 11 16 30 28 19 5 7 15 37 42 13 23 6 1
41 1 0 24 26 17 6 11 16 30 28 15 5 25 2 13 22 42 10 37 9 18 27 32
22 26 40 8 11 16 30 28 19 21 25 15 35 13 10 18 1 12 38 31
36 2 24 26 8 42 10 40 23 9 18 39 30 28 14 12 19 3 34 31
24 0 17 40 8 9 11 16 30 28 19 5 2 35 13 42 23 4 1 32 34 3 38 31
26 17 40 9 11 42 28 15 5 7 21 25 2 35 14 0 39 4 27 32 31
17 1 0 40 9 16 28 15 25 2 37 32 4 18 14 12 34 31
32 25 2 35 37 42 10 4 8 6 11 39 28 34 19 3 7 16
8 40 9 42 15 7 21 25 37 39 10 13 6 1 14 4 38 31
6 35 1 13 5 42 14 23 4 18 16 27 11 34 15 3 7 12
11 40 30 5 7 25 2 37 0 9 23 4 14 12
16 40 16 30 19 7 25 35 13 42 9 18 1 27 12 3 38
30 9 19 7 21 25 2 35 13 0 42 27 14 34 3 38 31
28 0 40 19 25 35 13 39 10 23 27 14 12 34
19 1 15 7 21 25 2 0 39 10 23 4 27 14 12 3
15 40 31 42 5 35 37 39 10 13 23 18 34 38
5 1 40 42 21 25 37 39 13 23 9 18 27 14 12 3
7 9 31 2 37 10 23 4 18 27 12 34
21 25 0 23 42 34 40 4 39 1 27 14 38
25 31 42 35 37 39 27 14 12 34 38
10 35 0 23 39 37 9 2 1 12 34
2 9 31 35 39 23 4 27 12 34 38
35 40 31 35 14 37 0 42 13 4 1
40 9 23 4 12 0 18
13 37 3 0 39 4 31 27 14 34
39 0 42 23 4 1 27 3 38
0 23 4 12 14 34 3
42 37 23 14 12 34 3
9 1 37 23 18 38
37 23 18 14 34 3 38
23 27 31 18 1 12 3
4 1 27 14 12 3 34
18 31 1 14 12 34 3 38
1 27 38
27 31 27 12 38
14 3 38
12 31
34 3
3 31 38
38 31
31
