#refine.py
# GMT Tue Apr 30 15:45:14 2019
# 
2 39 33 35 26 37 1 11 22 24 14 17 19 15 13 32 4 27 41 18 10 6 20
38 20 34 36 39 10 35 32 7 18 29 27 37 1 11 8 23 21 26 3 16 19
39 41 32 12 29 26 42 25 37 35 11 4 24 6 28 19 30 3 8 40
33 36 29 42 25 1 11 22 24 27 3 40 12 9 7 4 5 41 18 10 8 30
31 15 36 29 26 25 37 1 24 17 27 3 40 34 12 9 0 32 4 5 10 8 6 20
36 15 13 35 1 12 29 26 42 25 18 10 8 24 21 14 27 16 40
20 27 34 18 0 15 23 5 25 37 10 11 22 24 32 30 28 19 40
29 29 42 0 37 11 24 17 34 12 9 23 4 41 18 10 21 30 6
26 9 1 12 5 42 18 10 8 24 37 14 28 3 13 19
42 25 10 13 15 0 18 1 35 22 21 30 41 3 28 6
25 32 7 27 0 23 12 35 22 24 21 6 17 28 5 3
37 40 7 30 27 0 18 1 24 6 17 28 13 16 19
1 0 23 1 22 14 28 19 34 7 5 41 35 21 6 40
11 30 23 3 24 14 17 28 5 34 9 7 27 41 18 6 16
22 34 12 9 13 32 14 27 18 35 24 21 30 28 16 40
24 23 35 24 14 17 40 4 8 30 16
14 0 23 17 28 34 12 13 7 4 5 41 18 8 21 30
17 34 6 9 0 7 5 35 21 27 13 16 19
28 27 40 6 41 10 7 18 5 30 8 9
27 32 9 41 7 10 21 3 13
3 0 23 5 19 34 13 32 4 41 18 8 30 16
40 32 15 19 23 4 5 41 21 16 9
32 34 18 35 7 9 4 23 12 21 30 13
34 0 19 10 35 12 5 21 30 8
12 19 9 15 7 4 5 18 8 21 30 6
9 23 35 5 9 15 13 7 41 10 16
0 15 35 7 18 30 4 23 41 13 19
13 15 30 10 23 21 41 16 8
15 41 7 23 4 18 10 35 8 16 6 19
7 35 18 8 23 30 6
23 23 4 5 10 21 6 16
4 18 5 10 8 21 41 16
5 10 6 35 19
41 21 19 8
18 6 16
10 6 35 8 30
35 30 19 6 16
8 30 16
21 19 6 16
30 19
19 16
16 6
6
