#kunkel.py
# GMT Tue Apr  9 08:07:18 2019
# 
0 3 4 5 6 7 8 9 10 11 12 13 15 16 19 20 21 23 24 25 26 27 29 30 32 33 35 36 37 39 40 41 42
1 2 3 4 5 6 8 9 11 12 13 14 15 17 18 19 20 21 22 23 24 26 27 29 30 31 32 33 34 35 36 37 38 39 41 42
2 4 5 6 7 9 11 12 13 14 15 16 17 18 19 20 21 24 26 28 29 30 31 32 33 34 35 36 37 38 39 40 41 42
3 5 6 7 8 10 11 12 13 14 16 17 18 19 20 21 22 23 24 25 26 28 29 30 31 33 37 38 39 40 42
4 5 6 7 8 10 11 14 15 16 17 18 19 20 22 24 25 28 29 30 32 33 34 36 37 40 42
5 6 7 8 9 10 11 15 16 19 20 21 24 26 28 30 31 32 33 36 39 41 42
6 6 10 11 12 15 17 18 20 24 25 27 28 29 31 34 35 37 38 40 41 42
7 8 12 17 18 19 22 23 27 29 31 33 34 35 36 37 38 39 41 42
8 12 13 15 16 18 19 20 22 23 24 29 30 31 33 34 36 39 40 42
9 10 12 13 14 15 16 17 20 21 23 24 25 31 33 34 36 38 41 42
10 12 13 14 17 18 19 24 25 26 27 29 31 33 35 39 42
11 17 18 19 20 22 25 26 27 28 29 34 36 37 38 39 40 42
12 14 15 16 18 25 27 30 34 37 38 39 40 41 42
13 15 16 19 21 22 26 28 29 30 31 33 34 35 37 38 40 41
14 37 35 34 15 18 19 20 22 41 25 26 38 28 36
15 17 19 25 27 28 30 31 32 35 36 39 41
16 17 18 19 22 23 26 27 32 33 34 37 38 39 42
17 18 19 21 22 23 26 27 28 31 32 33 35 36 37 40 41
18 19 23 25 26 28 29 30 31 34 36 37 39 40 41
19 22 26 32 33 34 35 36 40 41
20 39 34 40 22 24 36 38 28 30
21 36 38 32 42 33 35 23 24 25 26 29 30 37
22 24 25 26 31 32 33 34 36 38 40 42
23 23 24 25 26 27 29 30 31 32 35 36 37 41 42
24 25 27 28 29 30 36 37 39 41 42
25 30 31 32 33 37 38 39
26 28 29 33 34 35 37 39 41
27 34 35 32 33 40 36 29 39 37
28 29 31 32 33 35 36 39 40 42
29 30 31 32 40 41
30 33 35 36 37 39 40 42
31 32 33 38
32 32 33 34 38 40 41 42
33 36 38 40 42
34 35 37 39 41
35 35 37 38 39 40 41 42
36 36 37 39
37 37 40 41 42
38 40 41
39 39 40 41 42
40 41 42
41 42
42
