#kunkel.py
# GMT Tue Apr  9 08:07:19 2019
# 
0 0 1 2 4 5 6 7 9 11 13 14 15 21 22 24 25 27 28 29 31 32 34 35 36 37 38 40 41 42
1 3 7 8 9 10 12 16 17 19 20 22 24 26 29 31 34 35 37 38 39 40 41 42
2 2 3 4 6 10 11 13 14 17 20 22 24 25 27 30 32 33 34 37 38 39 40 41
3 4 5 6 7 12 13 15 16 20 22 23 25 26 27 29 30 32 35 36 37 41
4 5 6 7 8 10 11 14 20 21 23 24 26 27 28 31 32 34 35 36 38 39 40 41 42
5 6 7 10 12 14 15 17 19 21 22 26 27 33 34 36 38 39 40 41 42
6 9 11 12 13 15 16 17 18 19 23 27 28 29 35 36 39 40 41 42
7 9 10 11 14 15 16 19 20 22 23 26 28 30 31 32 34 37 38 39 40 42
8 13 14 15 16 19 20 21 23 24 26 27 28 29 30 31 33 35 36 37 38 39 41 42
9 10 12 13 14 15 16 17 18 20 21 22 28 29 30 32 35 37 38 39 41 42
10 12 13 16 18 21 23 24 26 27 32 33 35 36 37 38 39 40 41
11 14 15 17 19 20 21 23 24 25 26 29 30 32 33 36 37 38 40 42
12 13 16 17 21 27 28 29 30 31 32 33 34 35 36 37 38 39 40 41
13 15 19 20 21 23 25 28 29 30 33 34 36 37 38 39 40 42
14 16 17 18 20 21 23 25 27 30 33 36 37 38 39 41 42
15 17 19 20 24 27 28 29 30 31 32 33 35 37 40 41 42
16 17 18 19 21 24 25 26 29 30 31 32 35 36 37 40 41 42
17 18 19 22 24 27 31 33 34 35 36 37 38 39 40 41
18 19 20 24 25 26 28 29 30 31 32 34 35 36 37 38 39 40 41
19 21 24 26 31 32 33 35 37 38 40 41 42
20 24 25 28 29 34 35 36 38 40 41 42
21 23 25 26 28 29 30 32 33 35 36 37 39 40 41 42
22 22 23 24 25 26 28 32 34 35 36 37 38 39 40 42
23 23 24 25 27 30 31 33 34 35 37 38 39 40 42
24 25 26 27 32 33 34 35 36 37 39 40 42
25 25 27 28 29 31 32 35 36 38 39 40 41 42
26 29 30 31 32 34 35 36 38 39 41 42
27 29 31 34 35 37 38 39 42
28 28 31 32 34 35 36 37 38 41 42
29 31 33 34 36 37 39 41 42
30 31 33 34 35 36 37 38 39 40 41 42
31 32 36 37 38 40 41
32 34 35 36 37 38 39 40 41
33 42 35 36 38 40
34 35 37 38 39 40 41
35 36 37 39 42
36 39 42
37 37 39 41
38 40 41 42
39 40 41
40
41
42
