#kunkel.py
# GMT Tue Apr  9 08:07:20 2019
# 
0 2 6 7 12 13 14 16 18 19 20 21 22 23 24 25 27 30 31 32 33 34 35 36 37 38 39 40 41 42
1 3 4 7 9 11 12 13 14 15 16 17 18 19 22 23 24 25 27 28 29 30 31 32 33 34 35 36 38 39 40
2 3 4 6 7 8 12 13 14 15 16 17 19 20 21 22 23 24 25 26 27 28 29 30 32 33 34 36 37 38 42
3 7 10 11 12 13 14 15 16 17 18 19 20 26 27 29 30 31 32 33 35 37 39 41 42
4 5 8 10 12 13 14 16 17 18 19 21 23 24 25 26 27 29 30 31 33 34 35 36 37 38 39 40 41 42
5 6 7 8 10 11 13 14 17 18 19 20 22 23 24 25 26 27 28 30 31 32 34 35 37 39
6 7 9 11 12 13 14 15 16 17 18 21 22 23 24 25 26 27 28 30 31 32 34 35 37 38 39 41 42
7 7 10 12 13 14 15 16 17 18 21 22 23 24 28 29 30 31 32 33 37 38 40 41 42
8 13 14 15 16 18 19 20 21 22 24 25 26 27 28 29 30 32 33 34 35 36 37 39 41
9 10 11 12 13 14 15 16 17 20 21 22 23 24 27 28 29 30 32 33 34 35 36 38 39 40 41 42
10 11 13 14 15 16 17 18 19 20 21 22 23 24 25 26 28 29 30 32 33 34 36 37 40 42
11 11 12 13 14 15 16 17 19 21 22 24 25 26 27 28 29 30 31 32 33 35 36 37 38 40 42
12 15 16 17 21 22 24 26 27 28 29 34 37 38 40 41 42
13 17 18 21 22 23 26 27 28 31 32 33 36 40
14 20 21 22 25 31 32 36 37 38 39 41 42
15 18 19 21 22 23 25 26 27 29 32 34 35 36 37 38 40 41
16 17 20 22 24 26 30 31 33 34 35 36 37 38 39 40 42
17 17 19 20 23 24 26 27 28 30 31 32 34 35 39 41 42
18 20 21 22 24 25 26 27 28 34 38 39 41 42
19 24 26 27 28 29 30 31 32 33 36 37 38 39 40 41 42
20 22 24 26 28 29 31 33 34 36 38 39 40 42
21 22 23 25 26 27 28 30 31 32 33 34 35 37 38
22 22 23 25 27 29 31 33 36 41 42
23 27 28 29 32 34 36 37 39 41
24 25 30 31 32 34 35 36 38 41 42
25 35 41 40 28 29 37
26 27 32 33 35 36 37 38 41
27 28 30 31 32 35 37 39 40 42
28 29 30 33 34 35 40 41 42
29 30 31 33 35 37 39 40 42
30 33 34 38 40 41
31 31 34 35 37 38 39 41 42
32 33 39 42
33 36 40
34 36 38 39 40 41
35 36 38 39 40 41 42
36 37 38 41 42
37 38 40 41
38 39 40 41
39 39 41
40 41
41
42
