#kunkel.py
# GMT Tue Apr  9 08:07:01 2019
# 
0 1 3 4 5 6 33 38 41 10 11 15 17 20 21 24 36 26 27 28 39 31
1 1 2 3 4 7 8 10 11 14 15 18 20 21 24 25 28 31 32 34 35 38 39 41 42
2 4 6 8 11 12 15 16 19 21 22 23 24 26 27 29 30 31 33 35 38 40
3 4 7 40 9 10 39 12 13 14 18 20 22 41 24 25 26 29 30
4 4 5 8 12 13 17 18 22 24 25 26 29 30 31 32 33 36 38 39 41
5 33 35 37 6 38 9 10 16 17 21 22 41 24 25 27 36 29 30 31
6 8 9 10 13 16 18 19 20 22 23 24 25 26 27 29 31 34 35 37 38 39 41 42
7 8 9 10 11 12 13 14 16 18 20 22 23 24 30 31 33 35 36 38 41
8 33 41 10 12 34 14 15 16 17 20 21 22 36 28 42 37
9 32 42 34 38 10 12 13 15 40 19 20 21 27 29 30 37
10 11 12 14 15 19 24 28 33 35 36 37 39 40 41
11 11 12 14 15 16 17 18 19 20 23 25 32 33 34 35 36 38 39 40 41 42
12 12 14 15 16 18 19 20 21 24 25 28 31 32 33 36 38
13 35 34 37 38 42 39 14 16 40 19 20 41 23 27 30 31
14 15 21 23 25 26 27 29 32 34 35 36 37 39 40 42
15 20 22 25 28 29 30 31 32 34 36 38 39 40 42
16 17 18 19 20 21 23 25 26 28 29 30 32 34 35 36 37 41 42
17 32 34 35 38 33 41 42 37 19 21 39 36 29 30 31
18 19 20 21 24 25 26 27 28 30 31 33 35 37 40 41
19 42 33 37 39 38 19 24 27 28 29 30
20 21 23 25 26 27 29 30 31 32 33 36 37 39
21 21 23 27 28 31 32 35 36 40 42
22 32 33 38 39 34 41 23 36 27 28 29 30 37
23 24 25 26 27 28 32 34 35 37 39 40 41 42
24 26 28 29 30 31 32 34 35 37 39 41 42
25 26 27 28 29 35 37 40 41 42
26 33 37 39 40 42 34 38 36 31
27 28 29 32 33 34 35 36 39
28 29 32 37 38 39 40 41
29 29 31 32 34 38 40 41
30 31 33 34 35 36 38 39 40 42
31 32 34 36 37 39 42
32 33 35 36 37 40 42
33 35 37 39 42
34 34 35 36 37 39
35 36 40
36 36 38 40 41 42
37 38
38 40
39 39 41 42
40 41
41 41 42
42
