#kunkel.py
# GMT Tue Apr  9 08:07:34 2019
# 
0 2 4 5 6 7 8 9 10 11 12 13 14 15 17 18 20 21 22 23 24 27 28 29 31 32 33 34 35 36 37 38 39 40 41 42
1 2 5 6 7 8 10 11 12 13 15 17 18 22 23 24 25 26 27 28 29 30 31 32 33 34 35 36 37 38 39 40 41 42
2 4 6 9 10 11 12 13 14 17 19 20 21 22 23 24 25 28 29 31 32 33 34 36 37 38 39 40 41 42
3 4 6 7 8 9 10 12 13 14 15 16 17 18 19 20 21 23 24 25 26 27 28 29 32 33 34 35 36 37 38 39 40 41 42
4 4 5 6 7 8 10 14 16 17 18 19 20 21 22 23 28 31 35 36 39 40 41
5 8 9 10 11 12 13 16 17 20 24 25 27 29 30 33 37 38 39 40 42
6 8 10 11 12 17 18 19 20 21 23 24 26 28 30 31 34 37 38 40 42
7 8 11 12 15 19 21 24 25 26 27 29 30 31 33 34 35 36 37 39 42
8 8 9 10 13 14 16 18 19 20 22 23 26 28 30 32 34 36 37 38 39
9 9 11 12 13 15 16 17 18 19 24 25 27 28 29 30 31 32 34
10 11 15 17 19 22 28 30 31 32 33 35 37 39 40 41
11 12 15 16 18 19 21 22 23 24 25 26 27 28 31 33 34 35 36 42
12 14 15 16 17 23 25 30 31 34 35 38 39 40 42
13 13 14 16 17 20 21 22 23 25 28 31 32 34 35 37 39 40 41
14 15 17 18 22 25 26 27 30 31 32 34 35 36 37 38 39 40 41 42
15 16 17 19 22 23 24 25 26 32 36 37 41 42
16 21 26 29 31 32 33 34 35 36 38 39 40 41 42
17 19 21 23 26 27 28 31 34 38 39 41 42
18 19 21 23 24 25 26 29 30 31 32 33 34 35 37 39 41
19 22 24 26 28 29 30 31 32 33 35 39 40 42
20 21 22 24 25 26 28 29 31 32 34 35 36 37 42
21 22 27 28 30 32 34 37 39 40 41 42
22 23 24 25 26 27 29 32 33 34 35 37 39 41
23 26 27 33 34 36 38 39 40
24 25 26 27 29 34 35 36 38 40
25 38 41 39 27 28 29
26 27 31 33 34 36 38 41 42
27 28 30 31 32 33 34 35 42
28 31 32 36 37 38 39
29 30 31 32 34 35 36 37 38 39 40 42
30 32 34 35 36 40 41 37
31 33 35 36 40
32 33 36 40 42
33 34 35 37 38 40
34 34 36 37 41
35 37 39 40 41
36 37 38 41
37 37 38 39 40 41 42
38 39 41
39 42
40 42
41 41
42
