#kunkel.py
# GMT Tue Apr  9 08:07:34 2019
# 
0 1 3 5 8 9 13 14 15 16 17 22 23 24 25 26 27 28 29 30 32 33 35 36 37 38 39 40 42
1 2 4 6 8 9 11 14 15 20 22 23 26 27 28 29 30 32 33 34 36 37 38 40 41 42
2 2 3 7 8 9 11 12 20 23 25 26 27 28 29 30 32 33 34 35 36 37 38 39 41 42
3 4 6 7 10 11 16 17 22 23 24 26 28 29 30 31 32 34 35 36 38 39 40 41 42
4 5 6 9 10 11 12 17 19 20 21 22 25 27 28 31 32 33 34 35 36 37 38 40 41 42
5 6 7 9 12 13 14 17 18 23 24 25 26 27 29 32 34 35 37 38 39 40 41
6 7 8 9 13 14 16 17 18 19 24 25 27 28 29 31 32 33 35 37 38 39 40 41 42
7 8 9 10 11 15 16 17 19 23 25 26 27 28 29 30 31 32 33 34 35 36 37 38 40 41 42
8 10 11 13 17 18 19 20 22 24 27 28 29 30 32 33 35 38 39 41
9 11 12 15 17 20 21 22 24 25 27 28 29 30 31 32 33 34 35 37 40 41 42
10 11 12 13 14 16 18 19 20 22 23 25 27 28 30 32 34 35 36 37 38 39 41 42
11 11 12 14 15 16 18 21 22 23 25 27 28 29 31 32 33 34 35 37 38 39 40 41 42
12 13 14 16 18 19 20 23 24 28 29 31 32 33 34 35 37 38 41 42
13 15 16 18 19 21 23 27 28 30 31 32 33 34 35 36 37 38 42
14 15 16 20 21 22 24 27 28 29 31 32 34 35 36 38 39 42
15 18 21 22 25 27 29 30 31 32 33 34 35 36 38 39 40 41
16 17 21 22 24 25 26 28 29 30 31 32 33 34 36 37 38 40 42
17 18 20 21 25 28 29 30 31 32 33 34 35 36 37 38 41 42
18 19 20 22 24 26 27 28 30 31 32 34 35 36 37 39 40 42
19 19 20 21 23 24 26 27 28 29 31 32 33 34 35 36 37 39 41
20 21 22 23 30 31 32 34 35 36 37 39 40 41 42
21 25 27 28 29 30 31 33 34 35 36 37 38 39 40 41 42
22 23 24 25 26 27 28 30 31 32 33 34 35 36 37 39 41 42
23 25 26 27 28 29 30 31 32 33 34 35 36 39 41 42
24 26 29 30 31 33 35 37 38 39 40 41
25 28 29 30 31 32 33 34 35 36 37 38 39 40 41 42
26 26 27 28 29 30 31 34 36 37 38 40 41 42
27 30 31 32 33 34 42
28 30 38 39 41 42
29 31 32 34 36 39 40 42
30 31 32 34 35 36 38 41 42
31 33 35 36 37 38 39 41
32 33 34 35 36 37 38 40
33 34 35 36 37 38 39 42
34 36 39 40
35 39 40 42
36 38 39 40 41
37 37 39 40 42
38 39 40 41
39 41
40 40 41 42
41
42
