#kunkel.py
# GMT Tue Apr  9 08:07:38 2019
# 
0 0 2 3 4 9 11 15 19 21 22 23 26 27 29 30 33 34 35 36 38 39 40 41 42
1 3 4 6 8 9 10 11 12 14 17 18 20 23 24 25 27 28 30 34 35 37 38 40 41 42
2 5 6 7 8 9 10 11 12 13 18 21 22 24 27 28 29 30 33 34 38 39 40 41 42
3 5 7 8 10 11 12 15 16 17 18 20 21 27 31 33 35 38 40 41 42
4 6 7 8 9 13 14 15 17 18 19 20 25 27 28 32 34 35 36 38 39 40 41 42
5 6 7 8 9 10 13 14 16 17 19 21 27 28 29 31 32 33 34 36 39 40 42
6 9 10 11 15 16 20 21 22 25 27 30 32 34 36 37 38 39 40 41 42
7 8 11 14 15 17 18 20 21 22 23 24 26 30 32 33 36 38 39 40 42
8 8 9 10 14 15 16 18 19 21 25 31 35 36 37 38 40 42
9 9 11 14 15 17 18 19 23 28 29 30 31 33 34 35 37 39 40 41 42
10 14 15 16 17 19 22 23 24 25 27 28 32 33 39 40 42
11 13 17 19 20 21 22 24 25 27 28 33 36 40 41 42
12 13 15 16 17 19 20 21 22 23 26 28 29 31 32 33 34 39 40 41 42
13 14 17 18 19 21 22 23 25 30 31 32 33 34 36 37 38 39 40 41 42
14 17 20 21 22 23 25 28 29 30 35 36 38 39 40 41 42
15 17 20 21 22 25 26 27 29 31 33 35 37 38 39 40 41 42
16 32 35 34 39 41 17 18 19 40 22 23 24 28 29 30
17 19 20 25 26 30 34 35 41 42
18 18 19 20 21 26 30 32 33 34 35 36 37 39 40 41 42
19 22 24 26 29 31 32 33 34 38 39 40 42
20 20 22 23 24 25 26 29 33 34 38 39 40 41 42
21 22 24 25 26 27 28 29 32 33 35 38 41 42
22 23 24 25 27 28 29 31 32 35 37 40 42
23 25 26 27 28 29 30 31 32 36 40 41
24 25 26 28 29 31 32 35 36 37 39 40 41 42
25 26 27 28 30 31 39 40 41 42
26 27 30 31 32 34 35 37 38 40 41 42
27 28 31 32 33 34 35 36 38 39 40 41 42
28 31 34 37 38 39 42
29 30 31 33 35 36 39 40 42
30 30 37 38 39 40 41 42
31 31 33 34 36 37 39 41
32 35 39 36 42
33 36 37 38 39 40 41 42
34 35 37 38 40 41
35 36 37 38 42
36 37 39 40 41 42
37 38 39 40 41 42
38 38 40 41 42
39 42
40
41 42
42 42
