#kunkel.py
# GMT Tue Apr  9 08:07:48 2019
# 
0 1 2 4 6 9 11 12 13 15 17 18 19 20 21 22 23 25 26 28 30 31 32 33 34 35 36 37 38 39 40 41 42
1 2 3 4 5 7 8 11 12 13 15 16 17 18 20 22 23 25 27 28 29 30 32 33 34 35 37 38 41
2 3 4 6 7 9 10 11 12 13 15 16 17 18 19 20 21 22 24 25 28 29 30 32 33 34 36 38 39 40 41 42
3 10 11 12 13 14 15 17 18 19 20 21 22 24 25 26 27 28 29 30 31 32 33 35 36 38 39 40 41 42
4 6 7 8 9 10 11 12 13 14 16 17 18 19 21 22 23 24 25 26 27 29 30 31 33 34 36 37 38 39 40
5 7 11 12 13 14 15 16 18 19 20 21 22 23 24 25 26 27 28 30 31 32 33 34 35 36 37 39 40 41 42
6 7 8 9 10 11 13 14 15 16 17 19 20 21 22 23 24 26 29 30 31 33 35 36 37 38 40 41 42
7 8 12 13 14 16 17 18 19 20 21 22 23 24 25 26 27 28 29 30 31 32 33 34 35 36 38 39 40 41
8 12 13 14 15 17 18 22 24 25 26 27 28 29 30 31 32 33 34 35 36 37 38 39 41 42
9 10 11 12 14 15 16 17 18 19 21 22 23 24 25 26 27 28 30 32 33 34 36 37 39 40 41 42
10 11 12 14 15 18 19 21 22 23 24 25 26 27 28 29 30 32 34 37 39 40 41 42
11 11 13 14 15 16 17 18 19 20 21 22 23 24 29 30 31 33 34 35 36 38 40 41 42
12 13 14 17 18 21 27 28 29 31 32 35 36 37 39
13 13 16 19 20 22 24 25 30 31 35 36 37 38 39
14 16 20 21 23 24 28 30 31 32 36 39 40 41 42
15 15 17 19 23 25 31 32 34 38 39 40 41 42
16 17 18 19 20 22 23 24 26 32 35 36 37 39 40 41 42
17 17 18 22 23 27 28 29 30 31 32 34 35 36 37 39 40
18 19 21 23 24 27 28 29 30 32 35 37 41 42
19 20 22 26 27 28 29 31 32 33 36 38 39 41 42
20 22 24 26 27 31 33 34 36 37 38 40
21 21 22 23 25 26 27 29 30 31 32 33 35 36 40 42
22 26 30 33 34 36 39 40 41 42
23 23 26 27 28 29 30 31 32 37 38 40 41 42
24 26 27 28 34 38 41 42
25 26 27 28 30 31 32 34 35 38 39 41
26 26 29 33 34 37 38 39 40 41
27 29 30 31 32 33 35 36 40 42
28 29 33 36 38 40 41
29 35 36 37 38 39 40 41
30 31 33 36 37 38 41
31 31 33 34 37 39 42
32 33 36 37 38 40 41
33 36 38 40 41
34 35 36 38 40 41 42
35 37 38 39 42
36 36 37 39 42
37 41 42
38 40
39 41 42
40
41
42
