#kunkel.py
# GMT Tue Apr  9 08:07:50 2019
# 
0 2 3 4 5 6 7 9 15 16 17 19 20 21 23 25 26 27 28 30 31 32 33 38 40 41 42
1 2 6 8 10 11 13 15 17 19 20 21 22 24 27 30 32 33 35 37 39 40 41 42
2 3 9 11 12 13 14 16 17 18 21 22 24 25 27 28 29 30 34 38 39 40 41 42
3 4 6 8 11 13 21 22 23 24 26 27 28 29 30 31 34 35 38 39 41 42
4 6 7 8 10 11 12 13 14 15 16 18 20 21 22 23 24 26 28 33 34 35 36 38 39 40 41
5 6 7 9 11 13 17 18 19 21 22 24 25 26 31 32 33 34 35 36 38 39 40 42
6 7 8 9 12 13 16 17 18 19 22 27 28 29 32 33 34 36 39 41
7 8 10 11 17 18 19 23 24 25 27 29 30 32 36 38 39 41 42
8 8 9 10 11 13 14 16 17 18 19 20 21 28 29 30 31 32 35 36 38 39 40
9 11 14 15 16 20 21 23 24 25 26 28 30 31 37 38 40 41 42
10 11 13 16 17 18 21 22 23 24 25 26 27 28 31 35 37 38 40
11 14 15 16 18 19 20 23 24 25 26 29 30 33 34 36 39 41 42
12 13 14 17 19 20 22 23 24 25 27 30 31 32 35 36 37 38 39 40 41 42
13 13 15 16 18 20 21 23 28 29 33 35 37 38 39 40 41
14 15 16 19 20 21 23 24 29 30 31 33 34 35 37 38 39 40 42
15 16 17 19 23 24 25 30 32 34 36 37 38 39 40 41 42
16 18 19 20 26 27 28 32 34 35 37 38 39 40 41 42
17 17 18 19 20 21 22 23 30 31 32 34 37 38 39 40 41 42
18 32 34 38 35 41 40 39 27 28 42
19 21 24 27 28 33 35 36 40 41 42
20 25 26 27 29 30 32 34 37 38 39 40 41
21 22 23 25 27 28 30 37 38 41
22 22 25 26 27 28 29 30 33 35 37 38 39 40 41 42
23 27 29 30 31 32 33 37 38 39 41 42
24 25 26 27 29 30 32 34 35 37 38 41
25 36 38 40 39 26 28 42 31
26 27 30 32 33 35 36 38 39 41 42
27 32 33 34 38 39 40 42
28 29 31 34 36 37 39 41 42
29 30 31 34 35 36 37 38 39 40 42
30 32 33 34 35 36 38 39 40 41 42
31 33 34 35 36 37 38 39 40 41
32 32 36 38 39 40 41 42
33 34 36 38 39 40 41 42
34 34 37 39 41 42
35 35 36 39 40 41 42
36 37 38 40 41 42
37 38 39 40 41 42
38 38 42
39 42
40 42
41
42
