#kunkel.py
# GMT Tue Apr  9 08:07:51 2019
# 
0 1 2 3 6 7 13 14 15 17 18 19 23 24 27 28 30 31 33 34 37 40 41 42
1 32 36 5 38 7 8 41 42 11 13 14 16 17 37 21 24 39 33 29 31
2 3 5 6 7 9 11 13 14 15 16 17 19 20 25 26 28 30 32 34 35 36 37 38 39 40
3 5 6 7 8 9 10 11 12 16 18 20 22 23 24 26 27 29 31 32 33 34 35 36 38
4 5 6 8 11 14 15 16 17 18 19 20 23 26 27 30 31 32 34 36 37 38 39 42
5 8 10 13 15 16 17 19 20 21 23 28 29 31 32 33 34 35 36 38 39 41 42
6 7 10 11 14 15 17 19 22 24 25 30 31 32 33 34 35 38 39 40 42
7 9 11 13 15 16 19 20 21 24 29 30 31 34 35 36 37 40 41
8 8 9 10 11 13 14 16 18 21 23 25 26 27 29 30 31 33 34 35 36 37 38 39 40 41
9 11 12 13 15 17 18 21 23 24 25 27 28 31 32 33 35 36 37 38 39 40 41 42
10 11 12 13 14 16 18 20 22 23 25 29 30 31 32 33 34 35 36 37 39 40 41 42
11 13 14 16 19 20 21 22 23 24 29 32 33 34 36 37 38 39 40
12 12 13 14 16 18 19 21 23 24 26 27 28 29 30 31 32 33 34 35 36 37 38 39 40 41 42
13 15 18 19 20 22 23 24 26 27 31 33 34 35 36 37 39 41 42
14 15 16 22 23 26 28 29 31 32 33 34 35 36 37 38 40 41 42
15 18 20 22 26 28 29 30 31 32 33 34 35 36 37 38 39 40
16 17 20 21 26 28 31 32 33 34 35 37 38 39 40 41 42
17 18 19 21 23 25 28 29 30 31 32 33 34 35 38 39 40 42
18 19 20 21 22 23 27 29 31 32 33 34 35 36 38 39 40 42
19 20 22 25 27 28 29 31 32 33 35 37 38 39 40 42
20 20 25 27 29 31 32 33 34 35 36 37 38 39 40 41
21 22 24 25 26 28 30 32 33 35 36 37 38 39 40 41 42
22 24 25 26 28 32 33 34 35 36 37 39 41 42
23 24 25 26 29 30 31 32 35 37 40 42
24 25 28 30 31 32 33 34 35 36 37 38 39 40 41 42
25 26 27 30 31 32 34 35 36 37 38 39 40 42
26 27 29 31 32 33 34 37 38 40 41 42
27 27 28 29 31 32 33 34 35 37 39 42
28 30 31 32 33 34 35 36 37 38 39 40 41 42
29 31 32 35 36 37 39 40 41 42
30 31 32 33 34 35 36 37 40 41 42
31 32 33 34 35 37 38 41 42
32 34 35 36 37 40
33 36 40
34 37 38 39 40 41 42
35 36 37 38 41
36 36 37 38 40 42
37 37 38 39 41
38 39 42
39 40 41 42
40
41
42
