#kunkel.py
# GMT Tue Apr  9 08:07:51 2019
# 
0 1 2 6 7 8 11 13 17 18 19 21 22 23 28 29 30 33 34 36 38 39 40 42
1 2 4 5 9 10 15 16 17 18 19 20 21 26 27 29 34 36 38 39 40 42
2 4 5 8 9 10 11 12 15 16 17 18 19 20 21 23 24 28 29 32 33 36 37 39 41 42
3 4 5 6 7 10 11 12 13 15 16 17 18 19 21 22 23 25 27 28 29 30 33 36 41 42
4 6 10 14 16 19 20 22 24 25 26 27 28 29 33 34 35 36 39 40 41 42
5 9 10 11 13 14 15 16 18 20 25 26 27 28 30 31 32 35 37 39 40 41 42
6 8 10 13 14 16 18 20 23 24 26 27 29 30 34 38 39 40 41 42
7 8 9 10 11 13 15 16 21 22 23 27 29 31 33 35 36 37 39 40 41 42
8 9 10 12 13 14 15 16 20 21 22 24 25 27 28 33 35 36 37 38 39 41
9 33 36 38 41 42 11 13 14 15 35 22 23 24 26 27 30
10 11 12 13 15 17 18 19 20 23 25 28 32 34 41
11 12 15 16 19 22 25 26 27 29 30 31 32 33 35 36 40 41 42
12 14 15 17 18 20 22 26 27 28 30 33 34 35 37 39 40 41 42
13 33 34 39 15 16 18 35 21 41 24 25 31
14 15 16 17 19 20 22 23 24 25 27 28 29 30 31 34 35 39 40 41 42
15 17 19 20 21 22 24 30 33 34 35 38 41 42
16 17 25 26 28 31 32 33 35 38 39 41 42
17 33 38 32 18 42 22 23 24 28 29 31
18 36 32 40 41 19 23 24 25 26 30 31
19 19 20 21 22 27 28 30 32 33 34 35 37 41 42
20 21 25 26 28 29 32 33 34 38 39 40 41 42
21 32 37 38 42 40 23 25 27 29 30 36
22 23 26 27 28 32 36 37 40 41 42
23 25 26 27 29 30 31 32 35 36 38 41
24 25 27 30 31 32 33 34 35 36 37 38 42
25 27 28 31 33 34 35 37 41 42
26 26 27 28 29 31 34 35 36 37 38 40 41
27 27 28 30 31 34 36 37 40 41 42
28 29 31 32 36 37 38 39 40 41 42
29 29 30 31 33 35 37 41 42
30 31 34 35 37 38 39 40 41
31 31 33 34 37 38 39 40 41 42
32 33 34 36 37 38 39 40 41 42
33 35 36 38 40 41
34 35 37 39 40 41 42
35 35 37 38 39 40 41 42
36 39 41 42
37 38 42
38 39 40 42
39 41 42
40 42
41 42
42
