#kunkel.py
# GMT Tue Apr  9 08:07:52 2019
# 
0 2 4 5 7 9 12 14 17 18 19 20 21 24 25 26 27 28 30 31 32 33 36 37 38 39 40 41
1 5 6 8 9 11 14 15 17 18 19 20 22 23 24 25 26 27 28 30 31 34 35 36 37 39 40 41 42
2 2 5 8 9 10 13 14 15 19 21 22 23 24 25 26 27 29 30 31 32 33 34 35 36 37 38 39 40 41 42
3 8 9 11 15 16 17 18 19 20 22 23 24 26 27 28 29 30 32 33 34 36 37 38 39 40 41 42
4 4 5 7 8 9 10 14 15 17 19 21 22 23 25 27 28 29 30 31 32 33 34 35 36 37 40 41 42
5 9 10 11 12 13 14 16 18 19 20 22 23 24 25 26 27 32 33 36 37 38 39 40 41
6 7 9 10 11 12 13 14 17 18 19 20 21 24 25 26 27 28 29 30 31 35 37 38 39 40 42
7 8 10 11 12 13 14 15 18 20 21 22 23 26 28 29 31 32 33 34 35 36 37 38 39 40
8 9 11 14 17 18 21 22 24 25 26 27 28 30 31 32 33 35 36 37 38 39 41
9 9 10 12 13 14 15 18 19 20 21 22 23 24 25 26 27 28 30 31 32 34 35 36 37 38 40
10 13 18 19 21 23 24 26 27 29 30 31 32 35 36 37 38 39 40 41 42
11 12 14 15 18 19 20 21 23 25 27 28 29 31 32 34 35 36 37 38 39 41 42
12 14 15 16 17 20 21 22 23 24 25 26 29 31 33 34 35 36 37 38 39 41 42
13 14 18 19 20 21 22 23 25 27 28 30 32 33 35 37 38 39 40 42
14 15 16 19 20 21 22 23 25 26 29 32 33 34 35 38 39 40 41 42
15 15 17 18 19 20 24 25 26 28 29 30 31 32 34 35 36 37 39 40 42
16 17 18 19 22 23 24 25 26 28 29 31 32 33 34 35 36 37 38 39 40 41 42
17 18 19 20 21 22 24 25 26 27 28 29 30 31 32 33 34 36 37 38 39 40 41 42
18 19 20 21 22 23 24 27 28 33 34 35 39 41 42
19 21 22 26 27 30 31 33 34 35 36 41 42
20 20 23 25 26 27 28 30 33 36 37 40 41 42
21 23 29 32 34 35 38 40 41 42
22 24 25 29 30 31 32 34 35 37 39 41
23 24 25 26 27 28 30 35 36 40 41 42
24 25 26 27 28 31 34 36 37 38
25 26 28 29 30 31 33 35 36 38 39 40 41 42
26 29 30 31 32 33 35 36 42
27 28 30 32 33 37 38 39 41
28 29 30 31 32 33 35 37 38 39 40
29 32 33 34 35 37 38 41 42
30 30 31 33 34 36 39 40 42
31 35 36 38 40 41
32 33 36 39 41
33 34 36 37 38 41 42
34 35 36 38 40 41
35 37 39 40
36 42
37 38 39 40 41
38 42
39 40 42
40 42
41
42
