#kunkel.py
# GMT Tue Apr  9 08:07:54 2019
# 
0 1 3 4 7 8 9 10 11 12 13 15 16 17 18 19 20 21 22 23 24 25 28 29 30 31 33 35 37 38 40 41 42
1 2 3 6 7 8 9 10 11 12 13 14 15 18 19 20 21 22 24 26 27 28 29 30 31 32 34 35 36 38 39 40 41 42
2 3 5 6 8 10 11 12 14 15 16 17 18 19 20 21 22 23 25 26 28 29 30 31 32 33 34 35 36 37 39 40 41 42
3 4 5 7 8 9 11 13 14 15 17 18 19 22 23 26 27 30 37 38 41
4 5 6 8 9 12 16 17 22 24 25 26 27 28 29 31 32 35 36 37 38 40 41 42
5 5 6 7 9 10 11 15 16 17 19 24 25 28 29 30 31 32 33 35 36 37 40 42
6 7 8 9 10 11 13 15 18 20 22 23 24 25 27 28 30 33 36 38 41
7 7 8 9 10 12 15 19 21 22 24 26 29 35 38 39 40 42
8 8 10 11 15 16 17 19 22 24 25 27 29 30 33 36 37 39 40 41
9 12 16 18 21 22 23 25 26 29 30 31 34 36 38 40 41
10 14 16 17 19 20 22 26 27 28 29 30 32 36 37 38 42
11 12 13 14 15 17 19 21 23 28 29 30 32 33 34 36 41 42
12 12 14 15 17 19 20 21 22 23 27 28 29 31 32 35 41 42
13 15 17 18 20 22 24 26 30 31 32 33 35 36 38 40 41 42
14 15 17 18 21 22 27 28 29 30 31 33 36 37 38 39 40
15 18 20 21 23 24 25 29 30 31 32 34 35 37 42
16 18 19 20 21 25 27 28 30 32 33 37 38 39 40 41 42
17 18 20 21 23 25 27 34 37 38 39 42
18 19 20 21 22 24 26 27 28 30 31 32 34 35 36 39 42
19 19 20 22 24 25 28 31 35 37 40 41
20 21 22 24 26 27 29 30 31 34 36 39 40 41
21 36 42 41 22 23 39 28 30
22 23 24 25 26 27 28 29 31 34 35 36
23 24 25 27 30 31 32 33 34 35 37 38 39 41
24 25 26 29 32 33 34 36 37 39 41 42
25 26 28 30 33 34 39 40 41
26 28 29 30 31 32 34 35 36 38 40
27 32 34 39 41 35 30
28 30 32 33 34 35 36 38 42
29 30 35 37 38 39 40 41
30 31 32 33 35 42
31 32 34 37 39 40
32 33 34 35 37 40 41 42
33 34 36 39 42 40 38
34 35 38 39 40
35 36 37 39 40 41
36 37 38 40
37 38 39 40 42
38 39 40
39
40
41 42
42
