#kunkel.py
# GMT Tue Apr  9 08:07:59 2019
# 
0 2 3 5 6 7 8 10 11 12 13 17 18 19 20 21 23 24 25 26 28 29 30 31 32 33 35 36 38 39 40 42
1 3 4 5 6 8 9 12 13 14 15 16 17 19 21 22 23 24 25 26 28 30 31 32 33 35 36 37 38 40 41 42
2 3 4 5 6 10 11 12 13 14 18 19 20 21 22 23 24 25 26 28 29 30 32 33 34 35 36 39 41 42
3 3 4 5 8 12 13 16 17 19 21 22 23 24 25 26 27 29 31 32 33 35 36 37 38 39 40 41 42
4 4 5 8 9 12 15 16 18 20 21 22 23 24 25 27 28 29 30 32 33 34 35 38 39 40 41 42
5 11 12 14 16 17 18 21 22 23 24 25 26 27 28 29 30 32 33 34 35 37 38 42
6 6 8 9 13 14 16 17 19 21 22 23 24 25 26 27 29 30 33 34 35 37 38 39 40 41 42
7 9 11 13 14 15 16 17 18 20 21 22 23 25 26 27 28 29 32 33 34 35 36 37 38 39 40 41 42
8 9 10 14 15 16 17 20 22 23 24 26 27 29 30 31 32 33 34 35 36 37 38 40 41 42
9 10 11 13 15 17 18 19 20 21 23 24 25 26 27 28 29 30 31 32 35 36 37 39 41 42
10 12 14 17 18 19 20 21 23 24 25 26 27 28 29 30 31 32 33 34 35 36 37 39 40 41
11 12 14 15 17 19 21 25 26 27 28 29 30 31 33 35 36 38 39 41 42
12 14 15 16 17 20 21 22 23 25 27 28 29 31 32 33 34 35 36 37 38 40 41 42
13 14 15 17 21 22 23 24 27 28 29 30 31 32 33 34 35 36 37 38 39 40 41
14 16 17 18 19 21 22 23 24 26 28 29 30 31 32 33 34 35 36 37 41 42
15 17 19 20 21 22 23 24 25 26 27 28 29 31 32 33 34 35 36 38 39 41 42
16 18 22 23 24 25 27 28 29 30 31 32 33 34 36 37 38 40 42
17 20 22 23 24 25 27 28 29 30 31 33 35 40 41 42
18 22 23 24 25 26 27 30 31 32 33 34 36 37 39 40 41
19 21 22 23 24 25 26 28 30 31 32 33 34 35 36 37 39 41 42
20 21 22 24 25 26 27 28 29 31 32 36 37 38 40 42
21 23 25 26 29 30 31 32 33 40
22 23 24 25 27 28 30 34 37 40 41
23 25 28 29 32 34 36 38 39 40 41
24 27 29 31 32 33 35 37 42
25 26 28 30 31 36 37 38 39 41 42
26 27 29 30 33 34 36 37 41
27 28 29 30 32 34 35 37 39 40 42
28 30 31 32 33 35 38 39 42
29 31 33 34 36 40 41 42
30 31 32 33 34 35 37 38 41
31 31 32 33 34 35 36 37 38 41 42
32 33 35 36 38 41
33 33 34 37 38 39 41
34 35 36 37 39 42
35 36 38 40 41 42
36 36 38 40 41
37 38 39 40
38 40 42
39 39 42
40 40 42
41 42
42
