#kunkel.py
# GMT Tue Apr  9 08:07:02 2019
# 
0 0 1 3 6 7 8 9 11 12 13 15 16 17 18 21 23 25 26 27 28 30 31 37 38 39 42
1 32 2 3 4 5 38 33 40 9 42 11 14 16 17 18 19 22 36 26 31
2 4 5 6 8 9 11 12 13 14 15 19 22 23 24 25 26 29 30 32 33 34 37 39 42
3 4 5 6 7 8 9 10 12 14 17 18 20 22 24 29 31 32 34 35 37
4 7 8 9 10 11 13 18 21 24 25 26 28 29 36 37 39 40 41 42
5 33 6 7 38 39 13 14 15 16 19 21 22 23 24 26 27 28 31
6 7 8 9 10 14 18 21 22 29 30 33 34 36 37 38 39 40 41
7 35 34 39 42 11 13 18 19 20 36 25 27 28 29 30 31
8 37 8 11 13 15 34 17 35 20 21 22 40 24 26 38 29
9 9 11 12 13 14 15 16 18 19 23 25 26 27 28 30 33 36 41 42
10 32 34 38 39 40 41 42 12 14 18 19 22 23 24 25 26 29 31
11 12 18 19 22 24 26 27 30 31 32 35 37 38 41 42
12 13 16 19 20 21 27 30 31 33 34 35 37 38 39 41 42
13 14 16 19 21 22 24 28 30 33 34 36 37 38 40 42
14 17 19 20 25 26 28 29 31 32 33 34 37 38 41 42
15 17 18 20 21 22 25 26 27 28 31 33 34 35 36 38 39 41 42
16 18 19 20 21 22 24 25 26 28 31 33 34 35 36 37 38 39 40 41
17 34 36 33 38 32 41 42 21 23 24 25 26 29 30 31
18 23 25 26 27 28 29 31 33 34 35 37 41
19 42 34 35 19 20 26 27 28 29 37
20 33 34 35 42 39 40 21 22 23 24 26 27 30
21 21 22 23 24 25 28 29 30 31 32 34 36 37 39 41 42
22 23 24 26 28 29 30 32 33 35 39 40 41 42
23 24 26 27 29 30 31 33 34 35 39 40 41
24 25 27 28 32 33 35 38 39 41
25 27 29 30 31 33 35 36 37 38 39 40
26 27 33 34 38 39 40 42
27 28 29 30 31 36 37 39 40 41
28 29 30 32 37 39 40 42
29 32 33 35 40 42
30 31 32 34 36 38 39 40
31 31 32 33 34 36 37 40 41 42
32 32 33 34 35 36 38 40 42
33 34 36 37
34 35 38
35 36 37 40
36 36 37 39 40 41
37 37 38 41
38 40 41
39 40 42
40
41 42
42
