#kunkel.py
# GMT Tue Apr  9 08:08:05 2019
# 
0 1 8 9 11 12 13 14 15 16 17 18 19 20 21 22 23 24 26 28 30 35 36 37 41
1 2 3 5 6 7 8 9 12 15 18 20 25 27 28 29 33 34 35 36 39 42
2 32 34 3 5 7 41 11 14 16 17 35 21 23 24 26 27 28 29 37
3 4 5 8 10 11 12 13 14 16 19 22 24 26 27 30 31 32 36 40 41 42
4 5 6 7 8 9 10 12 15 16 19 22 24 25 26 27 29 30 31 35 37 41 42
5 6 10 11 14 15 16 17 18 22 25 27 28 29 30 31 36 37 42
6 7 8 11 14 17 19 21 22 25 27 29 32 33 35 36 39 40 41 42
7 38 39 8 9 42 12 13 15 40 18 41 22 23 36 26 28 29
8 10 11 13 14 19 20 22 25 27 28 30 31 34 35 36 37 38 42
9 10 11 14 15 16 19 23 25 27 28 31 33 35 36 38 39 40 42
10 11 12 13 14 17 20 21 25 26 27 29 30 31 32 33 36 37 38 39 41
11 11 13 17 19 25 26 28 32 33 34 35 36 37 38 39 40
12 13 14 15 16 20 22 23 24 25 31 34 35 36 40 41 42
13 13 16 18 19 20 21 23 25 26 27 28 29 30 31 32 36 37 39 40 42
14 14 17 19 21 26 28 29 30 31 32 35 36 37 39 40 41
15 16 17 18 21 22 24 25 29 30 31 32 33 34 35 37 39 40 41 42
16 38 39 17 35 21 22 41 25 27 28 30 37
17 19 22 23 25 26 27 28 29 31 33 35 37 38 42
18 34 35 32 38 42 39 19 20 21 22 23 25 28 29 31
19 19 20 21 25 27 30 31 34 37 40 42
20 20 21 22 23 25 28 29 30 31 33 38 39 40 41
21 32 35 36 37 39 41 38 28 29 42
22 24 25 32 33 34 35 37 38 39 40
23 24 25 26 27 28 30 31 33 34 35 36 37 38 39 41
24 33 37 39 41 42 34 25 26 27 28 29 30 31
25 26 29 30 31 33 37 40
26 29 31 32 34 35 37 38 39 40
27 32 39 34 36 29 31
28 29 35 38 39 40 41
29 29 30 32 35 40 41
30 33 34 35 36 38 40 41
31 32 35 38 42
32 33 34 35 36 38 40 41
33 34 35 38 39 41 42
34 36 37 42 39
35 41
36 37 39 40 41
37 38 40 41 42
38 40 41 42
39
40
41 42
42
