#kunkel.py
# GMT Tue Apr  9 08:08:08 2019
# 
0 3 6 11 12 13 15 16 21 23 25 26 27 28 30 31 32 33 36 37 38 39 40 42
1 1 3 4 5 9 10 12 15 16 20 21 22 23 25 27 29 30 31 32 34 36 37 38 39 40 41 42
2 3 4 6 7 8 9 14 15 21 22 23 24 25 26 30 31 32 33 34 35 36 38 39 40 41 42
3 9 11 12 13 14 16 17 20 21 22 24 28 29 31 34 35 36 38 39 40 41
4 4 6 8 10 11 12 14 20 21 22 23 24 30 31 32 34 35 36 37 38 39 40 42
5 6 8 10 11 12 17 19 20 22 25 26 28 30 31 32 34 36 37 38 40 41 42
6 7 10 18 19 21 22 25 27 30 31 33 34 35 37 38 39 40 41 42
7 9 11 12 13 16 18 23 26 27 28 29 31 32 33 34 35 37 38 39 40 41 42
8 8 9 10 11 12 15 16 18 20 21 22 25 26 27 28 31 32 33 34 35 36 38 39 40 41 42
9 12 15 17 18 20 21 23 27 30 31 32 34 36 37 38 39 40 41 42
10 13 15 17 18 19 20 21 22 23 25 28 29 31 32 33 34 35 36 37 38 39 41
11 15 18 20 22 23 24 25 28 29 30 31 32 33 34 35 36 37 39 40 41 42
12 13 20 21 22 23 25 27 28 30 32 33 34 35 36 37 38 39 41 42
13 14 15 17 20 21 22 23 24 25 26 29 31 32 33 35 36 37 38 39 40 41 42
14 14 15 16 17 18 19 23 24 25 30 31 32 33 35 36 37 38 41 42
15 16 18 19 21 22 26 27 28 29 31 32 33 36 37 38 39 40 41 42
16 17 18 19 20 21 22 24 25 27 28 30 31 32 33 34 36 37 38 39 40 41
17 18 19 20 22 26 27 28 30 31 32 33 34 35 36 37 38 39 40 41
18 19 20 21 23 24 25 27 28 30 31 33 34 35 36 37 39 40 41 42
19 22 23 24 25 26 27 29 32 33 35 37 38 40 42
20 23 24 26 30 31 32 33 34 35 36 38 39 40 41 42
21 23 25 27 29 32 33 34 35 37 38 39 40 41 42
22 23 24 30 31 32 34 35 37 38 39 40 41 42
23 23 24 25 26 29 30 33 34 36 38 39 40 41 42
24 26 28 29 30 32 34 36 38 41 42
25 27 31 33 34 35 37 39 40 42
26 28 30 32 33 34 35 36 37 38 39 41 42
27 27 28 31 33 35 36 37 38 41 42
28 29 31 32 33 34 35 36 39 40 41 42
29 34 33 35 40 41 37 38 29 31
30 30 31 32 34 35 36 38 39 41 42
31 32 35 36 38 40 41
32 34 36 37 40 41 42
33 35 36 37 38 39 41 42
34 37 41
35 35 36 37
36 37 40 42
37 40 42
38 38 41
39 42
40 40 41 42
41
42
