#kunkel.py
# GMT Tue Apr  9 08:08:09 2019
# 
23 42 28 13 8 37 32 14 1 11 36 20 39 9 5 38 16 21 4 31 29 12 6
42 42 18 28 37 33 29 1 35 34 39 36 10 24 3 5 38 41 26 4 13 22
10 17 9 13 8 25 32 14 35 11 36 20 39 3 19 38 41 26 2 4 31 29 28 12
18 34 3 19 31 5 41 24 33 15 32 14 21 35 29 30 6 28 36 12 17
17 17 13 7 25 33 32 14 1 11 30 39 22 20 24 5 38 41 2 0 31 12
28 39 28 8 25 1 29 34 30 33 36 20 24 3 19 37 41 26 2 21 4 31 40 12
31 9 7 8 25 32 1 27 29 30 36 20 24 19 5 37 26 2 38
24 34 9 13 25 37 32 27 40 36 22 20 3 38 2 16 21 6
13 34 9 7 8 30 11 14 1 35 39 22 20 19 16 21 0 29 6
7 34 8 33 15 32 11 36 39 3 19 25 26 2 21 4 0 38 12 6
37 34 9 27 39 15 0 14 35 40 22 20 3 19 5 26 2 16 4 29
25 9 27 30 8 15 0 14 1 35 29 40 39 36 22 3 19 25 41
15 20 3 9 5 38 19 8 32 14 2 16 21 0 40 33 30
32 8 30 0 14 1 27 40 33 36 3 19 32 5 41 26 4 29
14 33 27 34 30 40 22 3 5 26 11 21 4 0 29 38 6
1 20 39 30 3 19 41 27 8 26 35 40 33 6
35 0 27 34 30 40 22 20 3 19 5 36 26 21 4 12
29 0 27 34 40 3 19 5 38 41 26 16 21 6
9 26 34 19 38 41 30 2 16 22 40 6 12
40 8 11 30 33 36 20 19 16 4 0 39
33 34 30 33 11 36 20 39 3 5 38 26 2 16 0 6
36 8 0 27 30 39 19 5 26 2 11 4 22
22 39 5 38 27 26 16 0 30 12 6
34 20 3 41 30 4 39 38 12 6
20 3 5 27 11 6 38 12
39 0 27 19 41 26 11 21 4 16 38 6
30 8 5 2 4 6
3 27 5 38 16 21 0
19 11 5 41 16 21 0 12 6
5 8 11 26 16 21 12 6
27 38 41 2 11 21 4 12 6
41 8 11 41 26 2 4 0 12
26 8 11 26 16 21 6
2 38 8 0 16 21 4 11
11 8 16 21 4 12 6
21 8 0 21 6
4 8 16 0 12 6
0 12 6
16 8 12 6
8 38 12
38 12 6
12 6
6
