#kunkel.py
# GMT Tue Apr  9 08:08:11 2019
# 
42 18 9 7 8 25 32 27 11 34 33 36 20 3 19 5 37 26 4 0 13 29 28 38
41 17 30 8 13 14 1 27 23 40 22 24 3 25 41 26 2 16 21 4 31 29 10 38 12
34 18 27 7 8 25 13 35 23 34 30 36 22 20 39 19 38 2 16 21 4 0 10 40 12
17 18 7 8 25 15 0 14 1 27 11 40 39 36 10 24 3 19 5 26 16 4 13 29 12 6
9 18 9 27 7 37 33 32 14 35 23 11 40 39 36 22 24 38 26 2 16 21 0 31 29 10 12
24 7 8 30 15 11 40 22 3 19 5 38 26 21 4 13 10 28 12 6
27 7 8 25 11 14 23 30 33 36 20 39 3 19 5 26 2 16 4 31
7 20 39 25 29 33 0 23 21 4 35 11 18 40 28 30
30 37 8 0 14 1 35 39 36 19 5 25 26 21 4 31 38 6
33 23 18 28 32 5 38 11 14 1 21 4 0 16 6 36 12 10
15 20 3 31 5 16 39 37 32 2 1 21 35 0 11 40 38 12 6
13 18 28 25 37 0 14 35 23 36 10 32 5 26 21 31 29 6
23 37 8 0 14 35 40 22 39 28 19 10 2 16 4 31 38 12 6
1 18 28 8 11 14 29 36 22 39 3 19 25 26 0 40 38 12 6
35 18 37 8 32 36 22 39 5 38 26 16 4 0 31 40 12
11 26 39 18 5 25 8 32 14 21 0 28 10
18 37 25 32 40 3 19 5 38 2 16 21 4 29 12
40 8 37 32 14 29 36 20 3 19 38 2 21 4 28
39 25 36 22 20 28 37 2 4 31 10 6
36 37 26 14 2 21 16 28 12 22
22 8 37 29 10 20 3 5 38 2 16 21 4 31 12
20 26 3 19 31 5 25 8 37 32 2 4 29
8 37 14 10 19 5 16 31 29
3 31 32 14 2 4 0 16 6 12 10
19 28 37 14 29 10 32 25 2 21 31 6
32 25 14 10 26 2 16 4 0 31 28 12 6
5 14 25 26 0 31 38 12 6
37 37 14 28 25 2 21 0 38 6
25 10 38 2 16 4 29 12 6
14 10 38 2 21 16 29 12 6
26 38 2 4 0 28 12
2 10 0 28
16 29 21 4 28 38 6
21 38 21 31 10
4 28 29 12 6
0 31 29 6
31 38 29 10
29 28 12
10 28 38 12
28 38 6
38
12
6
