#kunkel.py
# GMT Tue Apr  9 08:08:11 2019
# 
42 20 24 34 19 32 5 35 8 37 26 13 14 2 1 21 4 27 11 16 40
41 34 3 9 31 38 19 7 8 25 26 23 2 1 21 27 11 22 6 40 12 17
34 18 7 37 8 15 13 14 1 35 23 33 10 20 3 38 26 21 4 0 6
17 18 28 7 8 30 11 14 23 40 36 22 24 3 5 26 2 16 4 0 29 6
28 18 9 7 8 37 15 13 14 27 11 22 20 39 3 38 2 16 21 31 29 10 12 6
9 27 7 30 37 15 13 35 23 11 39 36 22 24 19 32 5 38 26 16 21 4 31
13 27 25 33 15 14 1 35 18 30 36 40 22 39 3 5 26 16 21 4 13 10
7 35 7 25 33 15 32 14 1 27 36 22 20 39 3 19 37 26 2 16 31 10 12
24 20 39 3 38 19 8 27 25 23 14 1 4 35 0 16 29 36 12
8 20 39 19 38 37 15 0 23 16 35 11 25 36 22
15 18 37 14 11 30 33 36 10 20 39 19 25 26 2 16 4 40
23 39 25 32 1 11 30 33 36 3 5 38 26 2 16 21 4 0 29 40 12
14 37 33 32 35 11 40 39 36 10 20 3 38 4 29 22
1 18 27 39 33 1 35 40 10 20 5 26 2 11 21 4 31 29 12
27 37 25 11 30 33 40 19 32 5 26 2 21 4 31 6
11 18 25 0 40 36 30 20 2 11 21 31 12
18 37 25 0 40 33 22 20 5 38 26 2 21 4 29 12
30 37 25 33 32 29 22 20 3 19 2 21 0 10 12 6
33 31 38 39 37 2 35 16 6 36 12 22
40 37 32 10 20 39 3 5 38 16 29 12
10 25 35 29 36 10 20 39 3 5 37 26 16 4 0 31 12 6
20 3 19 5 25 32 29 22
39 29 22 19 32 21 4 0 31 12 6
3 35 29 36 22 19 5 21 31 12 6
19 25 0 35 36 5 2 16 21 4 31 12 6
32 5 38 25 26 29 16 21 4 36 12 6
5 37 35 22 38 16 21 0 12 6
38 25 36 2 16 21 0 31 29 12 6
25 37 35 26 2 0 31
36 2 21 4 31 29 12
26 31 21 4 16 22 6
22 29 22 37 16 31 12
2 4 35 29 6
35 29 16 21 37 12 6
21 37 4 0 29
4 0 16 31 29 6
37 16 37 0 12 6
31 0 6 12
16 29 12 6
29 12
0 0 6 12
12
6
