#kunkel.py
# GMT Tue Apr  9 08:08:12 2019
# 
42 17 9 27 8 33 11 14 1 35 23 30 36 22 20 24 19 5 38 26 2 16 10 40
34 18 17 9 27 7 8 25 15 14 35 30 33 40 20 39 28 19 41 2 21 4 6
10 17 9 13 37 8 15 32 14 1 30 33 40 20 39 19 38 41 2 16 31 12
9 18 17 7 37 30 15 1 27 23 33 20 24 5 38 41 26 2 31 22 12
31 18 27 7 8 25 14 35 11 30 33 40 24 3 19 5 38 41 4 13 12
17 28 7 30 33 15 32 27 23 40 36 20 24 41 26 11 13 29 22 6
35 26 39 18 19 28 38 41 8 37 15 11 1 27 23 29 40 36 12
7 13 8 15 32 14 1 23 40 39 24 3 5 38 26 2 11 21 4 16 12 6
37 37 27 8 33 15 0 40 36 22 20 24 3 19 5 38 41 26 2 16 21 13 28 6
18 26 39 19 5 25 24 33 15 32 14 16 38 23 28 36 12 6
25 8 30 15 0 14 29 40 36 22 20 39 3 19 32 38 26 2 4 6
15 33 32 14 1 23 22 3 5 41 2 11 21 4 0 13 38 12
32 28 33 32 14 27 11 36 39 3 38 41 21 0 29 12 6
14 39 23 30 33 24 19 41 16 21 4 0 29 12
1 27 29 40 36 22 20 24 28 19 5 41 2 21 4 0 12 6
13 28 33 27 30 40 20 39 38 41 26 2 16 21 4 8 12 6
27 27 8 0 29 30 33 40 24 3 41 36 21
23 33 29 40 36 22 20 19 5 38 41 2 21 0 6
11 28 8 30 40 36 20 3 19 5 38 26 16 4 0 12
30 20 24 0 2 16 22 19 36 12 6
33 36 22 24 3 5 4 0 28
36 8 39 36 20 24 3 19 41 26 2 21 29 12 6
39 28 8 29 40 22 24 3 5 2 16 21 12 6
22 26 5 38 41 21 4 0 16 12 6
20 8 40 20 24 3 28 19 5 41 26 4 29 12
24 8 0 29 28 19 38 41 21 40
3 28 19 5 2 16 21 40 29 12
28 8 5 38 26 2 4 29 6
19 8 5 21 0 40 6
5 40 2 16 21 4 29 12 6
38 41 2 21 4 0 29
41 8 41 26 2 4 29 12 6
26 8 0 40 16 21 12 6
2 21 16
16 8 16 0 40 6 12
21 8 40 29 6
4 8 0 4 29 6
0 8 6
29 6 12
8 8
40 40 12
12
6
