#kunkel.py
# GMT Tue Apr  9 08:08:12 2019
# 
42 34 17 28 35 8 25 15 13 14 1 27 11 30 40 22 20 19 5 38 2 16 21 31 10
34 20 41 28 31 5 38 13 7 39 15 11 2 1 0 16 29 40 12 22
17 20 41 22 3 9 31 5 24 38 19 8 33 29 4 35 11 40 6 36 10
9 18 28 7 30 33 32 14 1 35 11 40 36 10 24 19 5 37 21 0 31 29 12
13 28 33 7 8 25 11 14 1 29 39 36 10 24 3 5 41 2 21 31 12
7 37 8 15 0 14 1 27 18 40 22 39 3 5 25 26 2 16 21 4 6
8 39 18 35 8 25 0 27 11 33 10 20 24 3 5 37 41 26 16 21 4 38 12 6
33 41 30 32 1 35 23 22 20 39 19 38 25 26 2 11 0 16 29
15 27 25 30 32 14 1 35 11 36 20 24 19 5 37 41 26 2 4 0 31 38 12
31 18 30 37 32 14 27 23 39 22 20 24 3 19 5 38 41 2 0 28
14 18 25 30 1 27 23 40 10 3 19 37 11 4 0 16 12 6
1 20 41 3 24 19 37 32 16 4 27 29 12 10
27 18 25 0 35 29 40 36 10 24 19 32 41 26 2 21 6
23 39 25 0 11 36 22 20 24 3 19 32 41 26 2 16 21 4 10 6
18 35 30 11 29 39 36 22 20 24 3 25 26 2 16 4 10 12 6
40 25 30 22 20 39 3 19 26 2 16 4 0 10 28 12
25 28 37 32 35 36 10 39 3 5 38 26 2 16 12
36 32 35 20 39 3 5 38 41 11 21 4 0 28 12
39 28 32 30 39 10 20 24 5 26 21 29 12 6
10 30 32 35 22 3 19 41 21 37 0 28 12 6
20 28 0 35 22 24 38 41 2 11 21
24 37 0 35 22 28 19 38 41 26 2 12 6
3 28 37 35 19 5 41 2 16 4 6
30 28 32 11 22 5 38 26 2 16 21 4 6
28 32 19 41 2 16 4 0 12 6
19 37 32 22 5 38 11 21 4 0 29 12
32 41 5 35 29 4 22
5 29 38 26 2 16 21
38 26 2 4 35 0 12 6
41 11 37 26 16 35 29 12
26 37 11 22 2 16 21 29 12
2 37 2 21 12 6
16 0 22 29 6
21 37 11 35 21 12 6
4 37 22 11 29 12 6
37 0 35 11 22 29
0 12
35 35 22 6
29 22 12 6
22 11
11
12 6
6 6
