#kunkel.py
# GMT Tue Apr  9 08:08:15 2019
# 
42 18 17 28 27 25 37 15 0 1 35 22 33 10 39 19 5 21 4 13 8 12 6
34 34 17 7 37 25 15 32 1 23 18 40 33 22 19 26 2 16 0 29 11 12 6
17 18 17 9 37 33 15 13 1 27 23 39 22 20 24 28 5 41 26 2 0 10 12
9 22 24 7 37 30 15 0 35 23 40 33 36 10 39 5 26 2 31 29 8 12 6
31 27 7 30 8 35 11 40 33 22 20 39 3 19 5 38 41 2 16 21 4 13 28 12 6
24 18 25 33 32 14 1 29 40 36 22 20 3 19 5 38 2 11 4 28 6
27 18 28 7 8 25 32 14 23 30 36 20 39 3 19 38 41 26 2 4 40 12 6
7 20 39 10 3 32 5 38 33 13 2 11 4 16 0 28 12 6
8 18 37 25 32 1 35 23 30 33 40 10 20 28 41 16 21 0 29 13 12
25 30 13 1 23 18 39 22 19 32 5 38 26 11 21 0 16 29 6
15 20 38 13 39 33 23 14 2 1 4 35 0 16 30 6 40 22
29 3 5 37 19 26 0 2 21 4 10 23 18 39 28 36 22
30 37 0 14 1 35 11 36 22 3 19 5 38 16 21 12 6
1 32 14 23 18 33 36 3 19 5 38 41 26 2 16 21 4 0 40
35 23 26 19 20 38 13 32 14 2 11 4 0 28 36 10
23 11 36 10 20 3 19 5 38 41 13 12 6
18 28 14 11 33 20 3 5 38 41 2 4 13 12 6
22 14 11 40 39 36 3 19 5 26 21 0 28 6
33 37 14 11 3 19 5 38 26 21 0 13 28 12 6
36 28 37 32 11 10 20 38 41 26 2 16 4 12
40 37 13 3 19 5 38 41 26 16 21 4 0 12 6
10 37 32 14 20 3 5 38 41 2 16 21 0 6
20 28 32 3 26 16 21 4 0 13 12 6
39 37 32 14 28 5 38 41 2 4 0 13 6
3 19 28 38 13 14 0 12
19 11 14 19 5 38 26 2 21 4
32 16 37 0 14 38 4 13 11 12
5 0 41 26 16 4 13 6
38 14 12 37 41 11 21 4
41 16 13 37 14 2 21 11
14 37 12 26 2 16 21 13
26 37 0 11 2 16 13 12 6
2 11 4 6
11 37 21 0 13
21 28 4 37 12
4 28 16 4 0 6
37 28
13 16
16 0 12
0 0 12
28 6
12 6
6 6
