#kunkel.py
# GMT Tue Apr  9 08:08:17 2019
# 
42 18 17 9 31 7 37 25 15 32 14 27 23 34 33 36 20 28 19 5 11 21 4 13 29
10 34 9 31 27 8 37 15 32 35 11 30 33 40 22 39 28 19 25 16 0 29 13 6
34 34 17 9 13 7 25 30 32 27 23 40 22 24 3 19 5 37 2 16 21 4 0 29 8 38
17 18 9 31 27 7 8 15 32 14 35 23 20 3 19 38 41 26 2 21 4 0 12
28 18 7 37 15 1 27 23 40 36 20 39 3 38 41 26 2 16 4 13 12 6
31 9 27 7 30 33 15 32 1 35 36 22 20 24 5 38 41 26 16 21 4 13 6
33 18 9 27 25 33 32 14 1 35 30 39 40 20 24 3 19 5 37 16 21 4 8
35 20 24 18 19 5 38 39 15 13 16 21 4 0 11 29 12
7 21 5 9 41 24 37 26 23 2 11 25 27 30 8 40 3
8 37 25 15 14 27 23 18 30 36 22 20 39 19 41 2 16 0 6
25 9 25 29 14 1 23 18 40 3 5 37 2 4 0 22 12 6
15 24 3 9 19 26 0 2 21 4 27 22 36 12 6
23 20 3 5 38 41 24 12 2 16 21 11 36 39 22
14 30 32 14 11 40 36 22 20 3 38 41 26 2 21 0 13 29 6
9 30 32 40 36 20 24 37 41 26 2 12 13 39 6
27 13 32 11 30 36 20 38 2 22 40 12 6
11 37 32 1 39 36 22 20 24 3 38 26 2 21 0 12
18 30 0 1 29 36 22 20 24 19 41 26 2 21 4 13 39
30 37 32 29 24 3 19 5 41 26 2 16 4 0 39 6
39 13 1 36 22 24 32 2 21 4 0 29 6
36 13 40 22 20 24 3 5 26 2 16 4 38 12 6
22 37 1 5 38 41 26 4 12 6
20 1 24 19 5 37 26 16 21 29 13 6
24 1 40 19 5 38 2 16 21 0 6
3 13 32 1 19 5 38 26 21 0 29 12
19 29 40 38 41 2 16 4 12 6
32 37 0 1 40 5 38 16 4 29 12
5 13 41 1 21 4 16
38 6 41 37 1 21 40
41 37 13 40 26 16 21 4 29
26 2 1 16 29 12
2 37 1 4 13 29 40 6
16 1 0 29 40 12
21 37 40 13 29
4 13 37 29 40 12 6
37 1 0 29 12 6
13 0 6
1 40 0 29 6
29 29 40 12
0 6 12
40
12
6
