#kunkel.py
# GMT Tue Apr  9 08:08:18 2019
# 
42 34 17 9 7 8 25 15 32 14 23 40 36 10 20 39 28 38 41 2 16 0 12
34 18 28 25 37 14 27 23 40 33 36 10 24 3 19 5 2 16 13 8 39 6
17 9 8 37 32 14 1 35 23 30 33 36 10 12 24 28 26 21 4 13 29 40 39
9 23 28 37 25 15 13 14 35 11 30 22 20 8 5 26 2 16 4 31 12 6
31 18 27 7 30 33 32 14 1 35 23 39 3 19 38 41 26 21 4 0 13 6
24 27 7 25 30 15 32 23 35 11 33 36 20 39 3 37 2 21 4 0 29 8 38 6
35 18 7 25 27 29 40 33 36 10 20 39 3 19 37 41 26 21 4 13 28 12
7 18 27 8 37 15 13 1 23 40 20 38 41 2 16 21 4 0 29 12 6
8 18 37 25 1 27 23 40 22 5 38 41 26 21 4 10 12
25 20 3 18 28 38 41 30 26 14 2 21 29 6 22
15 18 13 30 37 32 1 23 40 10 20 3 38 26 11 4 0 16 28 6
32 18 28 37 30 13 11 33 36 10 20 5 38 26 2 16 4 29 22 6
14 6 5 33 26 0 30 2 16 21 29 22 36 12 10
11 39 3 18 28 38 41 37 33 13 2 27 0 40 29 36 12 22
27 28 23 40 33 36 22 39 19 5 38 41 2 29 10 12 6
23 3 13 2 1 0 16 30 22 28 36 10
18 30 33 40 22 3 19 5 38 41 26 2 4 0 12
40 33 29 22 39 19 41 26 2 16 4 0 12
33 30 37 1 22 3 5 41 26 2 4 0 13 10 6
29 41 30 1 10 20 39 3 5 38 2 4 13 6
36 39 30 1 22 20 19 38 41 2 4 13 6
10 22 20 39 3 19 5 38 41 26 4 13 12
20 3 5 41 30 37 1 13 16 19 22
39 13 1 22 19 5 26 21 4 0 12 6
3 28 1 30 19 37 26 16 21 22
30 28 19 38 41 16 0 13 12 6
28 1 19 5 38 41 26 2 4 28 12
19 13 5 38 41 2 16 21 4 12 6
5 37 1 5 41 26 16 4 13 12
38 22 37 26 2 16 21 4 0
41 1 22 26 2 16 13 6
26 1 26 21 0 13
2 37 1 22 21 16 6
16 37 13 21 22
21 37 13 1 22 4 0 12
4 37 1 4 0
37 0 13
0 12 6
1 13 22
13 13 12
22 6
12 6
6
