#kunkel.py
# GMT Tue Apr  9 08:08:19 2019
# 
42 42 34 17 28 8 25 15 32 1 27 23 11 40 36 22 20 3 26 16 0 31 29
34 34 35 7 25 8 15 11 14 1 27 29 40 22 24 3 19 5 38 26 2 13 12 6
17 28 31 7 25 30 15 23 14 27 11 40 20 24 3 19 38 41 2 16 21 4 0
28 25 30 15 13 14 27 29 40 33 36 10 39 3 38 26 16 21 4 0 8
9 35 3 38 25 7 37 33 15 32 14 1 21 27 23 11 30 0 29 36 12 6
24 18 27 7 8 30 15 35 23 33 36 22 20 19 5 38 26 2 16 37 13
35 20 18 3 41 7 8 33 15 23 14 2 4 35 29 39 36 12 10
7 18 37 33 32 1 30 39 40 20 3 25 41 36 26 2 16 21 0 13 12
8 41 5 37 13 30 32 2 16 21 4 23 40 39 29 6
18 31 30 32 14 27 23 11 33 36 22 20 39 3 19 26 2 16 4 0 10 12
25 13 30 11 1 23 10 20 39 19 5 38 41 0 22 12 6
15 37 33 32 14 27 23 40 39 22 20 19 5 2 21 4 0
32 30 13 14 1 27 11 40 33 22 20 19 5 38 41 4 0 31
30 37 14 1 29 33 36 22 3 10 11 21 4 0 13 16 39 6
1 37 27 29 33 36 20 39 3 5 41 2 16 21 4 31 40 12
13 6 3 19 37 41 26 11 4 31 33 38 39 13
27 27 23 40 36 22 19 5 41 2 11 21 31 16 29 10 12 6
23 26 41 5 4 14 3 0 40 39 19 6
11 31 37 14 11 40 22 39 3 19 41 26 2 16 21 4 0 29
40 37 10 20 39 19 5 38 26 0 31 29 12
33 31 29 36 10 20 19 5 38 41 26 21 4 0 12
36 20 19 5 38 26 29 31 16 12 6
37 0 14 22 3 38 26 16 21 4 31 29 10 6
22 20 5 26 2 21 31 29 38 12 10
20 14 29 20 3 19 5 26 2 21 12 6
39 14 10 5 26 16 21 31 12 6
3 14 19 38 41 26 2 29 12
19 31 14 19 5 38 2 21 0 29 6
5 14 6 10 41 26 21 29
38 31 29 41 2 16 10 12
41 10 2 16 21 4 31 29 12 6
14 26 16 0 29 12
26 0 10 6
2 29 4 0 10 6
16 10 16 31 12 6
21 0 4 31 10
4 29 0 12 6
0 10 29
31 6 12
29
10 6 12
12 6
6
