#kunkel.py
# GMT Tue Apr  9 08:08:19 2019
# 
23 42 17 9 25 33 15 32 14 11 40 39 36 10 24 3 5 38 41 16 4 13 29 8
42 20 18 17 28 5 10 41 7 8 32 14 1 4 35 11 29 6 36 12 22
18 28 31 27 37 8 15 32 14 35 11 39 22 20 24 3 5 38 41 2 16 4 0 10 12 6
17 34 17 9 7 37 25 13 14 1 27 30 33 22 20 24 3 19 5 38 16 21 31 10 28 6
9 14 6 39 34 28 5 10 13 24 33 32 16 21 0 31 29 22 12 3
31 27 7 37 8 15 29 1 35 11 34 40 33 3 28 19 41 21 4 13 6
27 34 28 8 33 15 32 1 35 11 10 20 39 3 38 41 26 2 0 29
7 15 34 13 41 37 33 26 11 14 2 1 21 35 16 30 8 36 39
8 25 11 34 40 36 20 19 5 26 16 21 4 0 13 29 12 6
25 34 25 30 11 14 1 33 36 20 24 19 5 37 41 26 2 21 4 0 29 6
15 6 20 28 19 5 14 0 32 2 1 35 16 13 36 12 22
32 35 30 37 13 1 40 36 22 20 28 5 38 26 16 21 4 0 29 10
14 30 13 40 10 39 3 19 38 41 26 2 21 0 12
1 34 28 35 37 12 11 30 33 36 22 24 19 21 40 39
35 34 28 33 35 11 22 20 19 38 41 26 16 21 4 12 6
11 30 40 39 36 22 20 3 26 16 21 12 6
0 26 39 37 41 2 21 4 29 6 13 12 22
40 34 28 37 30 33 36 22 20 24 19 5 41 26 21 4 16 10 40
33 34 30 29 22 20 39 5 38 26 2 21 4 12 6
36 20 19 16 38 13 37 2 4 39 10
10 20 5 30 37 26 16 21 4 34 29 3
34 34 20 24 3 5 41 26 2 22 6
20 30 24 19 5 2 21 13 29 12 6
24 38 41 37 26 29 16 28 30 22 19 12 6
30 28 37 22 5 38 41 26 2 21 13 39
3 39 5 38 13 37 2 16 4 29 12 6
19 37 29 5 38 2 16 21 4 13 6
21 37 22 28 41 16 29 6
5 39 22 41 4 13 28 12
38 41 28 26 16 13 29 39 12
41 39 4 13 29 6
26 39 37 16 4 12 6
2 39 28 37 13 12 22
16 37 39 22 4 6
12 37 29 4 28 6
4 28 13 37 22 39
37 29
13 22 29 28 6
29 22
22 6
28 39 6
39 6
6
