#kunkel.py
# GMT Tue Apr  9 08:08:20 2019
# 
23 20 39 41 37 3 28 5 38 26 42 30 15 32 2 1 21 0 13 33 8 6
42 18 17 7 24 33 29 35 34 40 10 6 39 19 5 38 41 2 21 4 31 8 12 22
41 18 17 9 25 33 15 32 14 35 11 30 22 24 3 19 26 16 31 29 8 28
18 18 17 9 31 25 37 32 14 27 11 30 36 10 24 3 38 2 16 21 0 29 8 28 6
17 9 13 25 30 32 14 27 11 34 40 22 19 5 2 21 4 0 31 10 12 6
9 9 24 8 31 1 35 29 30 36 22 20 39 3 19 5 38 26 2 0 28 6
31 7 24 8 15 14 1 29 33 36 20 39 3 19 37 21 38 6
24 27 7 25 33 32 35 40 36 10 20 3 5 16 4 0 22 12
27 20 3 19 16 10 30 8 26 32 14 2 15 4 11 6 22 39 40
7 15 39 34 10 5 37 13 25 8 26 0 2 11 16 40 6 36 22
25 28 37 32 1 35 11 34 40 36 20 39 19 38 26 21 4 0 29
8 20 19 32 38 8 15 14 1 21 13 22 28 10
15 28 37 13 14 11 40 36 22 20 3 19 26 21 4 29 10 12 6
32 6 39 19 5 37 11 1 34 29 10 28 12 22
14 28 30 33 0 14 1 34 36 22 20 39 3 19 5 10 26 2 12
1 34 13 30 33 36 10 20 3 37 2 16 21 0 28 12 6
35 20 39 3 5 38 26 11 16 21 4 35 13 29 19 12 10
11 28 37 29 34 40 33 36 10 20 39 19 5 38 16 21 13 12
34 37 33 36 10 3 19 38 2 16 21 4 13 29 6
40 28 29 30 33 40 22 20 39 19 38 16 4 13 6
33 28 30 37 0 20 3 19 5 21 4 16 29 6
36 20 5 26 30 29 2 4 6 12 22
22 10 39 28 19 5 21 4 0 13 6
20 10 3 19 38 26 2 6
39 13 3 5 38 26 2 21 4 6
30 37 30 29 5 38 26 16 4 0 12 6
3 37 0 10 3 5 2 4 29 28 12 6
19 0 5 10 26 37 13 12
5 37 2 13 16 29
38 16 13 2 21 0 12
37 28 10 26 16 21 0 29 12
26 0 10 28 2 16 13 29
2 0 10 13 28 12 6
16 28 0 10 21 13 6
21 29 12 10
4 6 0 13 29 12 10
0 29 13 12 6
13 28 29
29 29 28 12 6
10 12
28 12
12 6
6 6
