#kunkel.py
# GMT Tue Apr  9 08:08:20 2019
# 
42 18 28 25 30 13 1 11 10 20 39 3 37 41 16 4 0 31 29 22 38 12 6
18 3 19 5 38 41 39 8 26 23 2 1 0 31 16 30 25 29 40 22
17 17 28 27 24 37 15 13 14 35 11 40 33 36 22 39 3 5 38 4 0 29 10 6
28 34 7 37 25 15 0 14 27 11 30 33 36 20 39 41 26 4 31 29 40 12
9 34 13 7 25 37 15 32 14 1 35 29 30 33 10 6 39 3 26 4 31 8 12 22
24 34 25 30 15 32 23 33 20 39 3 37 41 26 11 21 4 0 13 16 8 12 6
35 31 30 37 15 32 1 27 23 40 10 19 5 38 26 16 21 4 0 13 29
7 34 25 8 0 1 27 23 30 33 3 20 39 19 37 41 11 21 4 13 6
25 6 10 3 41 37 32 2 16 4 27 23 34 40 39 22
30 31 8 15 32 14 23 34 36 19 5 38 41 2 16 4 0 29 6
15 27 37 1 11 33 40 22 20 39 3 19 2 21 4 0 38 12 6
13 12 34 16 38 37 31 2 1 21 0 11 33 36 39 22
23 34 31 32 1 27 33 22 20 39 5 41 2 16 21 4 0 8 12 6
1 19 16 41 14 2 11 21 4 27 34 36 12 10
27 34 32 14 11 36 22 39 3 19 5 26 4 29 12
11 37 8 31 14 11 40 33 22 20 5 38 41 2 16 21 10 39 6
34 34 10 31 32 14 36 22 3 19 5 26 16 4 37 29 8 6
40 20 39 26 41 8 29 16 21 4 31 10 19 36 3
33 20 5 41 37 32 14 2 16 10 19 12 6
36 37 8 32 10 20 19 38 41 2 21 4 0 12 6
10 8 32 14 20 3 19 5 38 41 2 21 0
20 31 37 32 39 22 20 5 38 26 16 21 4 0 29 12
39 31 8 19 38 26 21 4 0
8 5 37 26 2 4 6 29 12 22
3 38 41 32 14 21 31 19 22
19 37 32 14 26 2 16 21 6
32 41 31 37 32 38 29 12
5 31 16 0 14 2 21 6 12 22
37 14 22 41 26 16 4 29 38
41 14 22 2 21 29 12 6
14 6 26 2 31 16 12
26 29 22 38 2 16 21 4 0
2 0 38 16 29 12 6
16 31 4 0 29
21 22 38 0 31 6
4 22
0 31 0 22 29 6
31 38 12
29 22 38 12 6
22 38 12 6
38 38 12 6
12 12
6
