#kunkel.py
# GMT Tue Apr  9 08:08:21 2019
# 
42 18 17 9 7 8 25 15 14 1 34 30 36 22 39 28 5 37 41 26 21 0 40 38
18 37 28 27 8 30 32 35 23 11 40 33 36 10 39 9 5 38 16 0 29 6
17 28 27 37 30 32 14 1 35 11 36 22 20 25 41 26 2 16 21 4 13 29 10 12
9 34 9 25 15 31 14 1 27 29 40 36 22 20 39 5 38 26 16 21 4 0 10 6
31 13 37 8 15 0 14 1 11 30 22 20 39 3 19 5 38 26 2 21 31 10 28
24 23 20 39 34 19 28 38 25 33 26 32 14 16 21 4 13 1 30 29 36 22
33 7 37 25 23 14 1 35 11 34 39 36 22 20 3 19 5 41 26 16 21 13 10 12 6
35 20 8 7 37 26 32 23 2 16 21 0 13 40 22 36 12 3
7 34 13 37 25 15 29 1 11 30 3 38 41 26 2 16 21 4 0 6
25 37 1 23 40 36 10 3 28 19 5 38 41 2 16 13 12
37 26 22 8 30 15 14 11 27 23 29 12 3
15 8 32 14 1 23 30 40 22 3 19 38 41 2 16 4 0 13 10 28
32 27 8 23 14 11 40 39 36 22 20 3 5 41 2 21 4 10
14 34 1 27 23 40 39 36 20 3 19 5 13 29 8 28 12
1 11 27 23 39 36 22 20 28 2 16 21 4 8 12
13 34 28 27 8 11 23 40 22 20 19 5 2 21 0 10 12 6
27 8 29 40 10 20 28 19 5 38 41 26 16 12 6
23 11 34 20 19 5 38 41 26 2 16 0 12
34 22 30 0 11 40 10 20 3 19 38 4 29 8 6
30 20 19 38 26 29 21 0 40 6 28 12 10
39 3 16 26 0 2 28 4 11 40 29 36 6
36 29 40 22 3 19 38 41 2 16 4 0 12 6
22 40 28 19 5 38 2 16 12 6
20 8 40 10 3 16 4 0 29 6
8 28 8 29 40 5 38 26 16 21 4 0
3 28 11 10 19 38 41 21 0 12
28 10 28 11 40 5 38 41 26 2 4 6
19 40 10 38 41 16 21 0 12 6
5 6 41 2 21 4 0 38
38 29 40 10 12
41 26 11 21 4 6 29 0
26 11 12 40 2 21 4 0
2 10 4 11 40 6
11 6 16 4 10
21 40 10 16 21 4
4 16 29 12 6
0 16 6
16 29 10 6
29 12 6
10 40 12
40 6
12 6
6
