#kunkel.py
# GMT Tue Apr  9 08:08:21 2019
# 
23 42 18 17 13 7 33 15 32 1 35 29 34 20 24 3 19 5 38 41 2 4 0 12 6
42 34 28 7 25 33 13 14 11 40 10 20 39 9 19 32 38 2 16 31 22 12 6
34 13 7 8 32 11 40 36 10 24 3 19 5 16 21 4 0 31 29 22 6
17 18 9 7 24 25 32 14 1 35 30 40 39 5 37 41 26 11 4 0 8 12 6
28 18 28 27 7 25 37 29 35 11 10 39 19 38 2 16 21 4 0 8 12 6
24 20 8 18 19 31 35 37 25 13 14 1 21 27 30 0 29 6 22
35 9 7 37 8 31 14 27 40 36 10 3 5 38 41 26 2 16 21 4 0 12 6
7 37 18 8 32 1 11 30 36 20 3 19 26 16 31 29 40
25 18 39 33 15 32 1 27 11 40 10 6 3 16 21 4 13 8 22
33 18 30 15 11 1 27 40 39 36 22 20 8 3 19 5 38 26 2 0 29 10 12
15 39 14 19 5 16 38 41 32 1 4 27 31 11 29 13 36 22
13 3 9 5 38 37 32 2 16 21 4 31 30 8 12
14 8 30 32 27 11 40 39 36 10 38 41 26 2 16 21 31 29
1 9 8 27 11 36 22 20 3 41 26 2 16 21 4 31 29 10 12
27 8 32 11 40 22 19 5 41 26 2 4 0 31 29 10 6
11 9 37 29 11 40 10 20 39 41 2 4 22 38 12
18 9 30 29 40 36 22 3 19 38 41 2 16 21 4 0
40 9 32 22 39 3 38 41 26 2 16 4 0 12 6
36 20 39 26 38 41 8 32 2 21 29 6 12 22
22 20 10 37 38 0 8 29 6 30
20 9 37 0 5 38 41 2 21 4 31 16 29 8 12 6
39 9 37 32 30 5 26 2 16 21 4 31 12 6
3 8 31 5 16 41 30 2 21 0 10
8 30 31 19 5 38 41 26 2 21 12
9 31 37 30 32 10 19 38 26 2 16 21 0 29 6
19 26 10 30 31 21 4 29 12 6
32 26 31 5 41 37 6 10
0 37 0 2 21 31 29 12 6
38 37 30 5 41 26 16 21 4 6
41 37 30 10 16 21 4 29
26 37 10 30 5 2 21 4 12
5 30 2 21 4 29 12
2 37 6
16 37 29 10 16 4 6
21 10 12
4 6
37 37 30 10 6
31 30 29 10 12
30 10 12 6
29 6
10
12 6
6 6
