#kunkel.py
# GMT Tue Apr  9 08:07:04 2019
# 
0 0 3 5 6 7 8 9 10 19 21 23 24 25 28 29 30 32 33 37 38 40 42
1 2 4 5 7 9 13 15 16 17 19 20 22 23 24 25 32 33 35 37 40 41 42
2 4 6 9 11 12 13 18 21 22 24 26 27 29 30 33 34 35 36 37 39 40 42
3 32 34 4 5 6 7 9 10 13 16 18 42 22 41 24 25 38 28 37 31
4 6 10 11 12 14 15 16 17 18 20 22 26 27 29 30 33 34 37 38 39 40 41 42
5 6 7 8 10 11 13 14 15 16 18 20 21 23 24 25 27 32 33 38 41
6 8 10 12 13 14 15 16 18 21 23 24 26 27 28 30 35 37 38 40
7 10 11 12 14 16 19 20 21 23 24 26 27 29 33 34 37 38 39 41 42
8 33 35 36 41 13 14 16 18 20 21 23 24 26 27 28 29 31
9 10 11 13 14 16 17 18 21 22 25 27 29 30 31 36 37 39 42
10 10 11 12 13 15 19 20 22 26 28 29 32 33 35 36 38 39 40 41 42
11 12 13 16 19 20 22 23 24 25 29 30 31 34 35 36 38 40 42
12 15 17 18 19 21 23 24 25 27 31 33 36 37 38 40 41 42
13 13 15 16 19 21 25 26 30 32 34 37 39 41
14 17 18 20 22 23 24 25 26 29 30 33 34 35 37 40 41 42
15 42 34 39 37 19 20 23 25 26 38 28 29 30 36
16 17 18 19 24 30 31 32 35 36 37 38 39
17 32 34 37 38 40 20 21 41 24 25 27 28 30 31
18 18 19 20 22 23 29 30 33 34 35 36 37 40
19 20 21 23 28 29 30 31 32 35 36 39 40 41
20 20 24 25 26 28 29 30 31 32 34 36 40 42
21 23 24 25 27 28 29 30 33 36 37 38 39 40 41
22 23 24 25 26 27 28 35 36 37 38 39 40 41 42
23 23 24 26 28 29 30 32 36 39 40 42
24 26 28 30 33 34 37 39 41
25 26 28 29 33 34 38 40 41
26 26 27 28 29 31 32 36 40 41
27 32 35 39 34 37 41 36 29 31
28 30 31 34 35 36 37 40
29 31 33 34 37 40 41 42
30 32 34 35 42
31 32 35 34 37 39 42 41
32 33 34 35 37 38 40 41
33 35 39 34 37 36
34 36 37 38 39
35 36 41 40 42
36 39 40 42
37 39
38 40 41 42 39
39 40 41
40
41
42 42
