#kunkel.py
# GMT Tue Apr  9 08:08:25 2019
# 
23 18 17 9 31 7 8 37 32 14 11 34 40 36 10 24 3 41 26 2 21 0 28 12
42 20 18 3 9 5 17 8 25 26 32 14 2 1 4 31 16 30 40 36 12 10
18 20 18 17 19 5 24 8 37 11 14 2 1 27 29 30 0 28 40 22
17 9 25 37 15 14 35 34 30 39 22 20 24 19 38 16 21 4 31 6
9 34 28 27 25 8 11 14 35 40 10 24 3 19 38 41 16 21 4 29 6
33 37 31 8 25 15 32 1 27 11 30 22 20 39 3 19 5 38 41 21 4 0 13 6
35 34 27 24 8 15 32 14 1 35 29 40 22 20 39 28 26 2 21 12 6
7 39 3 28 31 5 19 24 25 26 32 14 2 1 21 4 16 30 40 36 6
8 28 25 15 32 1 30 36 10 20 24 3 19 5 26 31 29 40 6
25 30 15 32 14 11 40 22 20 28 41 2 16 4 13 29 6
15 6 24 22 19 37 26 14 2 1 38 13 16 30 36 12 10
32 34 28 30 0 14 39 10 19 5 41 26 2 31 29 22 38 6
14 31 30 1 27 40 22 20 39 28 19 5 2 16 21 13 12
1 37 29 11 22 20 39 3 19 41 26 2 0 10 6
27 24 37 0 11 30 36 10 20 39 3 41 2 4 13 28 12 6
29 39 5 24 38 13 30 26 22 2 11 34 40 12 6
11 24 11 30 40 10 39 3 19 5 38 41 16 21 4 0 31 12 6
30 28 37 36 39 24 5 41 26 16 4 31 12
39 24 34 28 31 37 41 26 36 12 6
40 37 13 34 40 10 19 5 38 2 16 21 0 31 22 12 6
10 28 13 36 20 24 41 4 0 31 16 12 6
34 34 37 13 20 3 19 5 38 41 16 4 0 31 6
20 3 5 31 2 38 0 22 36
24 13 19 5 38 26 2 0 31
3 19 38 37 21 4 16 22 36 12 6
19 13 22 41 26 16 0 28
5 28 38 41 16 21 4 13 12 6
37 28 0 22 38 41 2 16 21 13 12
41 13 36 28 38 41 26 21 4 31 12
36 28 0 26 31 21 4 36 12 22
26 28 22 38 21 0 13 12 6
2 28 38 16 21 4 31 13
16 38 21 4 31 28 12
21 22 4 0 31 12
4 0 22 38 13 6
0 28 13 38 0 31 6
31 38 13 6
13 6 12
22 28 38 12
28 38 12
38 6
12 6
6 6
