#kunkel.py
# GMT Tue Apr  9 08:08:26 2019
# 
42 34 17 9 27 7 30 25 32 23 1 35 29 40 33 10 39 3 19 5 2 16 28 6
34 18 17 9 7 37 30 13 1 29 36 22 20 8 28 5 38 41 26 31 12 6
17 9 7 25 30 13 14 1 11 36 22 20 24 3 19 2 16 0 31 8 28 6
9 28 25 37 15 13 14 35 23 22 20 24 3 38 41 26 2 0 31 8 12
31 7 25 8 15 23 27 11 40 20 24 3 19 5 37 2 4 0 13 29 6
24 7 37 8 15 32 30 35 23 40 33 36 10 3 19 5 41 26 16 4
27 10 18 36 38 7 25 33 15 0 14 2 21 4 35 29 8 40 39 22
7 28 25 8 15 0 1 35 11 30 39 36 22 3 5 38 26 2 4 29 6
30 28 37 8 15 32 14 35 40 33 3 5 41 26 2 21 4 0 13 12 6
25 37 8 15 32 14 35 33 3 28 19 38 16 4 13 12 6
15 18 28 8 15 0 35 23 33 36 10 20 26 2 16 21 4 13 29 22 12
32 20 22 3 38 41 26 0 2 12 4 23 6 29 13 39 10
14 18 8 1 23 33 40 22 39 3 19 37 41 36 16 21 4 13 28 12 6
1 37 13 35 23 36 10 20 39 19 5 38 26 2 16 21 0 12
35 26 18 36 37 23 0 16 6 40 11 12 22
23 8 37 29 40 39 36 20 19 41 26 21 12 6
18 28 37 33 11 29 40 36 10 3 19 5 38 41 26 2 16 21 4
40 28 8 13 11 39 22 5 26 2 16 21 4 29
33 28 29 11 22 3 19 5 37 26 2 21 4 0 38 12 6
36 8 37 29 36 22 20 3 19 5 38 41 16 21 6
11 28 13 37 8 0 10 20 39 19 38 26 16 4 12 6
10 28 37 8 29 39 20 3 38 26 16 21 4 12 6
20 3 5 38 41 8 2 4 0 28 12
39 6 22 3 19 5 38 13 8 26 4 39
3 41 4 22 13 6
19 28 37 22 5 38 41 26 2 21 4 29 6
5 28 37 13 41 26 4 0 8 6
37 37 22 41 2 21 0 8 12
41 38 26 16 21 4 28
26 8 26 2 0 12
22 8 28 2 4 0 12 6
2 13 8 38 16 0 12
16 38 4 13 29 12 6
21 28 8 0 21 13 29 12 6
4 29 12
0 0 29 13
13 38 29 6
29 38 6
8 8 12
28 6
38 38 12 6
12
6
