#kunkel.py
# GMT Tue Apr  9 08:08:27 2019
# 
42 42 18 17 9 7 37 8 15 1 27 23 33 22 24 19 5 38 26 21 4 13 39
18 20 34 3 28 41 7 8 37 11 22 1 13 4 35 31 16 40 39 6 10
17 28 30 37 15 13 14 1 27 23 22 20 39 3 19 5 38 26 2 0 10 12 6
9 41 37 3 5 25 27 7 24 33 29 2 16 35 0 30 39 36 12 6
35 23 3 31 5 7 25 33 26 32 14 2 1 35 11 34 30 0 40 10
7 34 27 37 8 29 14 1 23 30 33 40 22 20 28 19 38 41 2 21 0 6
37 25 15 32 14 27 23 34 36 22 20 39 38 26 4 0 12 6
8 25 33 15 13 23 1 27 11 34 30 39 40 22 24 41 2 0 29 10 12 6
15 28 30 32 1 11 40 33 36 10 20 25 19 5 38 41 16 21 6
31 28 25 32 14 1 23 34 39 10 24 3 19 5 38 2 11 21 4 0 13 22 6
30 34 32 23 39 36 22 20 24 19 5 41 2 11 0 13 16 10 12
1 28 27 11 14 1 23 34 10 24 3 41 26 2 16 21 4 12
27 28 25 32 11 22 33 10 20 24 19 5 38 41 26 4 13 29
23 28 11 14 29 33 36 10 20 19 5 2 4 40 6
34 28 13 32 11 36 10 20 24 3 38 41 26 4 0 40 12 6
40 20 24 6 19 5 38 26 11 14 16 29 22 12 10
33 28 33 14 11 36 22 20 3 19 41 26 2 16 21 4 10
12 28 13 25 32 29 22 19 41 26 21 0 10 38 6
22 28 32 11 39 22 24 3 19 5 41 26 2 16 21 13
20 28 32 36 24 3 2 11 21 13 29 39
24 13 14 36 28 19 38 41 26 21 0 10 6
3 28 29 36 39 5 41 26 2 21 4 10 6
19 28 25 13 14 36 19 38 39 2 21 4 0 29 6
32 39 41 2 16 21 4 11 6 29 25 38
5 26 41 28 0 25 14 16 4 38
38 28 14 29 10 26 2 4 0 6
41 28 25 14 26 16 21 4
14 28 25 11 26 4 29 39 6
36 28 25 29 13 16 4 0 6 36 10
26 28 29 25 2 21 0
25 11 10 39 16 4 13 6
2 28 16 21 0 10
11 39 10 16 21 0 13
21 4 13 29 6
4 10 16 29
0 16 29 6
13 28 16 39 29
16 39 28 29 6
29 10 39 6
10 39 6
28 28
39 39 6
6
