#kunkel.py
# GMT Tue Apr  9 08:08:28 2019
# 
42 42 34 17 9 25 37 15 32 14 1 35 11 33 36 22 8 5 26 2 21 4 0 13 10 6
18 34 28 7 25 30 32 14 35 23 33 36 22 20 24 3 41 2 11 4 13 29 39
17 34 9 37 30 32 23 35 11 40 39 10 24 3 41 26 16 21 4 31 8 6
9 34 9 27 7 37 30 0 14 1 35 23 33 36 22 24 26 16 31 12 6
31 34 25 30 15 13 1 35 33 36 10 24 8 3 5 41 26 2 21 31 22 12 6
24 7 25 8 32 1 27 11 33 36 39 3 19 38 26 2 16 4 0
27 39 37 15 32 14 1 27 11 30 22 20 3 5 38 2 16 4 0 8 12
7 20 33 16 38 37 30 26 32 14 2 15 21 35 23 1 29 39 6
25 37 8 1 35 23 40 36 22 3 19 5 38 26 16 21 4 13 10 12
37 35 8 32 1 23 30 40 10 20 39 28 26 11 21 0 13 29 12
15 28 35 30 8 23 1 11 40 33 20 39 3 19 38 41 26 16 6
32 34 28 35 8 11 14 1 23 36 10 3 19 5 38 21 0 29 6
14 34 28 8 30 23 10 20 19 5 38 41 16 4 29 12 6
1 13 11 30 33 10 20 28 19 5 38 2 21 39
35 13 11 40 22 20 3 2 16 29 10 12 6
23 11 33 36 10 20 39 3 19 5 41 16 4 0 13 29 28 12
34 13 8 30 29 40 22 20 28 19 26 2 16 21 4 0 6
30 8 0 11 30 36 22 39 19 5 38 26 2 4 40 12 6
33 8 29 40 22 20 3 19 5 38 4 10 12 6
36 28 11 22 19 5 38 41 26 2 16 21 13 29 8 12 6
40 20 8 41 28 29 2 21 4 13 6 19 38 22
10 20 39 3 19 5 38 26 2 11 21 4 0 16 29
20 20 39 3 5 41 2 21 13 12 6
39 5 16 38 41 4 13 11 12 22
8 13 11 3 26 2 4 0 29 12 6
3 28 0 38 41 16 12
19 5 11 21 0 13 16 29 12
5 28 38 26 2 11 0 16 22 6
38 28 41 26 21 4 0 12 6
41 28 26 2 16 21 0 6 22
26 29 28 21 4 12
2 29 22 2 16 4 0 12 6
11 22 21 6
21 28 13
4 28 29 22 13 12
0 22 13 29 28 12 6
13 16 29 12 6
16 29 28 12
29 28 22 12
22 22 12
28 12
12
6
