#kunkel.py
# GMT Tue Apr  9 08:08:28 2019
# 
42 20 24 18 17 9 0 7 25 8 32 16 4 27 29 30 33 28 40 12 10
34 18 28 13 7 30 33 15 32 29 39 22 24 19 5 38 41 2 21 4 0 12 6
17 18 9 27 7 37 25 32 14 1 35 23 22 20 8 19 5 38 26 2 16 4 31 10
28 18 9 13 7 37 25 0 1 35 23 33 24 3 5 2 16 21 31 28 39 6
31 23 18 31 7 24 37 32 14 11 40 36 39 19 38 26 2 21 4 0 12 6
13 39 18 19 9 11 41 37 30 26 32 14 16 35 0 1 40 10 36 22
7 20 18 3 5 10 41 30 33 15 32 23 11 35 6 36 12
8 18 30 37 11 14 35 23 39 10 20 24 3 19 5 38 41 2 16 21 6
25 37 33 15 32 14 1 35 11 40 36 22 20 39 3 19 41 2 21 4 6
15 9 24 32 23 11 40 36 10 39 3 5 41 26 2 16 0 29 12 6
23 9 27 30 33 14 1 35 11 40 20 39 3 19 5 2 0 6
30 9 32 14 35 11 40 39 22 24 3 19 41 21 4 29 10
9 26 18 19 38 41 37 0 14 2 1 35 29 40 12
27 37 32 1 35 40 36 22 20 39 3 19 38 2 11 21 0 29 12 6
11 18 24 32 14 1 33 22 39 3 5 41 35 2 16 4 6
18 32 1 35 40 39 36 20 24 38 26 4 29 12
40 37 36 22 20 19 5 41 2 16 21 4 0 29 38 12 6
33 37 32 14 1 35 39 24 3 19 38 26 2 0 16 29 12 6
36 26 3 19 5 35 37 14 2 16 29 10 22 6
39 37 32 22 39 3 19 5 41 26 21 16 10
22 32 14 1 10 20 3 19 38 41 26 16 4 37 0 6
20 3 41 37 26 0 2 16 4 29 6 10
24 37 32 14 35 10 24 3 19 5 26 2 16 21 4
26 14 1 35 19 5 38 41 21 37 10 12
3 32 35 21 0 29 10 12 6
19 10 19 5 37 41 4 29 12 6
32 37 12 35 38 16 21
5 37 14 10 41 2 16 4 0 29
38 41 0 14 35 21 29 10 12 6
41 1 35 2 21 10 12 6
14 1 16 21 4 0 29
35 35 1 2 16 21 37 0
2 29 1 21 4 16 12 6
16 37 10 21 0 29 6
21 1 29
4 1 0 29 12
37 1 29 12
0 12 6
1 29 12
29 6
10 12
12
6
