#kunkel.py
# GMT Tue Apr  9 08:08:30 2019
# 
23 42 18 28 7 39 33 15 32 14 11 34 40 36 10 20 24 3 19 5 41 4 31 12 6
42 20 39 34 3 9 38 19 8 25 35 14 1 0 31 16 30 13 36 12 17
18 18 28 37 30 0 14 1 27 34 40 33 10 20 24 3 41 26 2 16 4 13 8 12 6
17 20 9 28 5 38 41 25 33 26 32 4 35 31 6 29 0 36 12 22
28 9 25 33 29 14 34 30 36 22 24 3 19 38 41 16 21 4 37 31 8
13 9 37 25 15 32 14 1 27 39 10 20 24 3 19 2 16 21 4 22 12 6
7 15 39 34 3 9 38 41 25 26 32 14 2 1 27 11 29 0 36 12 10
39 9 37 25 31 14 1 30 33 36 20 24 19 41 26 2 16 21 4 12
33 8 25 32 14 1 34 40 36 22 20 3 38 41 26 2 11 21 16 12 6
15 34 9 37 8 15 11 14 1 27 30 40 22 20 19 5 38 2 16 21 4 0 31 10 6
32 34 9 31 27 8 11 1 35 36 24 3 19 5 41 26 2 0
14 8 0 35 30 10 3 38 16 4 31 29 22 6
1 9 27 25 35 36 10 8 5 38 16 21 4 31 12
35 20 3 9 38 19 37 25 2 27 0 11 30 6 36 22
11 24 34 36 9 5 37 25 16 8 31 40 0 29 38 6
34 8 40 22 24 3 5 38 26 2 21 0 29 10 12
40 3 9 5 37 41 8 21 4 27 30 0 29 36 12 6
25 30 0 36 10 24 5 41 2 21 31 29 8 6
36 30 10 20 24 9 26 21 0 31 16 8 12 6
37 9 30 37 22 20 19 5 10 41 26 2 16 31 8
10 27 30 22 20 5 41 26 31 29 10 6
20 27 24 5 38 2 21 4 31 29 8 12
24 9 31 30 27 22 3 19 41 16 21 4
30 9 27 29 22 8 3 38 2 21 4 31 12
3 6 19 38 21 22 12
19 26 0 38 41 27 2 16 21 4 6
5 8 5 38 2 16 4 31 29 0 12
9 41 26 2 16 29 12
41 27 22 2 0 31 12 6
27 8 22 38 26 2 4 0 12 6
26 31 29 22 8 38 16 21 4 0
22 31 29 22 8 2 4 0 6
2 31 29 16 4 8
16 38 4 31 29 6
21 31 0 8 29 12
4 0 31 29 12 6
0 38
31 38
29 38 12 6
8 38 12
38 12
12 6
6
