#kunkel.py
# GMT Tue Apr  9 08:08:31 2019
# 
23 20 24 34 17 28 5 38 7 30 37 26 0 14 16 21 4 27 29 22 33 6
42 18 28 24 30 0 1 11 22 33 36 10 39 9 19 32 25 4 37 31 8 38 12 6
18 34 7 39 25 11 14 1 29 18 10 20 24 3 19 5 26 16 0 8 12 6
17 34 9 7 24 25 13 14 27 11 40 36 22 39 3 5 37 41 16 21 31 12 6
9 34 28 30 8 11 14 1 27 29 40 36 10 20 39 19 5 38 16 21 0 31 6
35 20 25 34 19 38 41 7 37 33 15 32 1 4 27 29 16 40 39 36 12 6
7 34 28 27 37 25 32 1 30 33 40 20 24 19 38 41 26 2 21 4 0 13 12
30 34 37 25 15 29 14 27 33 36 10 39 28 38 26 2 21 0 12
33 28 25 13 14 11 36 10 20 8 3 2 4 0 31 29 22 6
15 24 41 8 3 28 13 37 26 32 4 27 11 29 0 19 36 39 22
0 20 3 32 25 26 29 16 21 10 40 6 12 22
14 34 32 14 1 22 20 5 38 26 2 16 4 31 29 12 6
1 34 27 37 32 11 40 22 39 28 5 38 26 2 16 31 13 6
13 20 39 34 28 38 19 26 32 2 21 29 40 22 36 12 3
27 8 25 32 40 22 20 24 3 38 41 26 2 11 4 29 10 12
11 25 37 32 29 10 24 3 19 5 38 41 26 11 12 4 31 39
34 37 8 40 22 20 3 19 5 25 41 26 2 31 10 12 6
40 37 25 32 36 10 20 39 3 19 5 26 21 31 12
39 37 32 36 20 24 3 5 21 31 8 12 6
36 26 37 28 5 24 25 41 31 22 6 10
10 37 32 20 24 5 41 26 2 21 4 8
20 37 24 28 19 38 41 2 16 12
24 28 8 32 3 26 2 16 4 31 6
3 28 22 19 38 41 26 16 31 8 6
8 28 25 37 29 19 5 41 2 16 31 8 38 6
28 5 19 2 21 12 22
19 37 32 22 5 41 16 21 4 31 38 6
32 22 31 38 26 2 16 21 4 29 12
5 25 5 38 41 21 4 6
25 22 38 2 16 21 31 29
41 37 29 22 38 26 2 16 21 31
26 37 4 31 29 6
2 31 21 16 22
16 29 22 21 4 31
21 37 4 12 6
4 31 38 29 6
37 31 29
31 12 6
29 22 38 6
22 38 12 6
38 12 6
12 6
6 6
