#kunkel.py
# GMT Tue Apr  9 08:07:08 2019
# 
0 32 1 2 34 36 37 40 42 11 12 13 15 20 23 24 25 26 28 29 30 31
1 2 3 4 6 7 9 11 16 18 19 20 22 24 27 28 29 32 34 35 38 39 41 42
2 3 4 5 6 7 10 11 12 13 14 16 17 20 22 25 26 27 31 33 38 40
3 3 4 5 6 7 8 10 11 13 14 17 21 25 26 29 30 32 33 34 36 38 39 40 42
4 5 6 8 10 13 14 17 18 19 22 25 27 28 32 34 35 36 37 39 41 42
5 5 6 7 11 15 16 21 22 23 24 25 26 27 28 29 31 32 36 38 40 42
6 7 9 11 12 14 15 20 21 23 24 26 27 29 30 34 38 42
7 8 9 10 13 16 19 20 21 22 23 26 28 33 35 36 39 41
8 32 33 35 42 11 12 13 14 17 19 22 23 24 25 26 27 39 31
9 32 36 33 10 11 12 42 17 18 19 21 22 24 39 28 37 30 31
10 13 15 16 17 18 19 21 23 24 27 29 30 31 34 35 36 38 40
11 11 12 13 14 15 16 22 23 27 29 34 37 39 40
12 14 17 19 21 22 23 26 27 30 31 34 35 37 38 39 40 41 42
13 38 41 15 17 18 22 40 24 39 27 28 42 30
14 14 15 18 20 21 22 23 24 25 26 27 28 31 32 36 39 40 41
15 18 20 21 23 25 26 30 32 33 34 36 37 39 40 41 42
16 16 17 23 24 26 27 28 29 31 33 34 35 37 38 39 41
17 18 19 20 21 23 24 27 28 29 30 33 34 37 38 39 40 41
18 20 21 26 27 29 30 32 33 34 35 37 38 39 42
19 19 20 22 23 24 25 27 29 33 35 37 38 40 42
20 23 25 26 27 28 30 33 34 35 36 38 40 42
21 32 35 41 22 23 25 38 28 42 31
22 24 27 28 34 35 36 37 39 40 42
23 26 27 29 31 32 39 42
24 26 28 29 31 32 34 35 37 42
25 25 28 29 30 31 33 35 36 38 41 42
26 26 28 30 32 35 36 38 39 40 41 42
27 28 30 31 36 37 39 41
28 30 32 33 37 38
29 34 36 32 41 33 37
30 31 33 34 36 38 39 40 41
31 32 33 36 37 38 39 40
32 36 37 39 40 41 42
33 34 36 37 39 40 42
34 38 41 39
35 37 38 41 39 42 36
36 37 38 41 42
37 38 40
38 38 40 41 42
39 41
40 41
41 42
42 42
