#kunkel.py
# GMT Tue Apr  9 08:07:00 2019
# 
0 0 2 3 7 8 9 11 12 14 15 17 19 20 21 22 26 30 31 32 33 35 36 39 41 42
1 1 4 6 7 13 15 16 17 18 20 21 22 23 30 32 33 34 35 38 40 41 42
2 3 4 7 8 9 10 13 15 16 19 21 24 27 28 31 32 34 35 36 37 38 39 40 41 42
3 5 7 9 11 12 16 17 19 20 23 24 25 26 27 28 29 30 34 35 36 38 39 41
4 5 6 9 12 14 15 17 19 21 22 23 27 29 30 31 33 36 38 40 41 42
5 7 10 11 13 14 15 16 19 21 22 24 25 26 27 29 30 33 34 36 39 40 42
6 7 8 11 12 13 16 17 18 20 21 22 23 25 29 30 33 34 36 37 38 39 41
7 12 13 16 17 19 21 22 23 24 25 28 29 30 31 32 36 41
8 10 11 13 15 16 20 21 23 24 25 26 27 30 31 33 36 38 39 40
9 12 13 14 15 17 18 20 22 23 24 25 26 29 32 33 35 36 37
10 11 12 13 14 15 17 18 19 20 22 24 25 28 30 33 35 37 39 40
11 15 16 17 18 19 22 26 28 29 30 31 32 35 36 39 40 42
12 14 17 18 21 22 23 24 25 27 29 30 31 33 34 35 40 41 42
13 33 38 34 14 15 18 19 24 25 26 27 37
14 16 17 18 19 21 22 23 26 29 32 34 36 39 41 42
15 35 38 39 16 37 21 22 36 29 30 31
16 17 18 19 22 25 27 28 30 34 35 36 37 40 42
17 17 20 23 25 26 27 31 32 34 35 36 40 42
18 18 20 21 22 23 24 25 26 29 31 32 34 36 40 42
19 33 38 41 34 21 23 24 26 27 37
20 21 24 25 31 32 33 35 36 37 38 39 41 42
21 22 24 27 28 30 31 32 34 37 40 41 42
22 22 23 25 27 28 30 32 33 34 35 38 39
23 25 26 27 28 31 32 33 37 38 41
24 42 36 38 40 29 30 37
25 27 31 32 33 34 35 39 40
26 33 34 36 35 39 42 28 31
27 28 30 32 36 37 38 39 41
28 42 33 36 37 40 41 34 35 29 31
29 30 32 34 35 37 38 39 40 42
30 30 32 35 37
31 33 34 37 38 41 42
32 37 40 34 39
33 40 41 42
34 35 37 38 41 42
35 36 38
36 37 40 41 42
37 39 41 42
38 39 40 41 42
39 40 41
40 41
41
42
