#kunkel.py
# GMT Tue Apr  9 08:07:09 2019
# 
0 2 3 7 8 10 12 14 15 16 17 18 20 21 23 25 26 27 30 31 35 37 39
1 1 2 3 4 9 10 11 12 13 14 15 18 21 24 25 26 27 30 32 33 34 36 38 40 41
2 36 33 32 40 9 41 11 13 16 18 42 21 23 24 25 27 28 37 31
3 4 5 6 8 11 17 19 20 22 24 26 27 31 32 33 36 37 39 40 42
4 32 34 5 38 33 37 9 12 17 18 41 22 23 25 27 28 29 30 31
5 5 7 9 10 11 13 14 15 18 22 23 24 25 27 30 32 33 34 36 37 39 40
6 33 36 35 7 8 9 10 13 14 15 18 19 20 41 23 24 26 27 42 30
7 33 34 35 39 38 9 12 13 15 16 19 20 24 25 27 29 31
8 12 14 15 17 18 21 22 25 26 27 29 30 31 34 35 36 38 40 41 42
9 13 16 18 21 23 26 29 30 31 33 34 36 37 39 40 41
10 11 13 14 18 19 22 25 26 27 29 31 32 34 36 37 39 40 41 42
11 12 15 16 19 20 21 23 25 27 28 29 31 32 33 34 35 38 40 42
12 17 19 20 21 22 23 26 28 29 30 31 33 35 36 40 42
13 32 35 40 34 14 17 19 20 21 41 25 42 30
14 16 18 20 22 25 26 29 30 31 32 33 36 38 41 42
15 17 18 20 22 23 25 26 27 28 29 30 32 33 36 37 38 40
16 32 37 40 17 19 20 41 22 23 24 26 27 28 29 31
17 32 34 37 33 41 18 19 20 21 23 24 29 31
18 18 20 21 22 24 27 29 33 39 40 41
19 21 22 23 24 25 26 28 32 33 34 35 37 38 39 40
20 22 24 28 30 31 32 33 39 40 41
21 25 28 30 31 32 33 35 36 37 38 39 40 41 42
22 23 25 26 27 28 29 31 34 35 36 38 39 41 42
23 23 24 25 26 27 28 30 32 33 34 36 38 41 42
24 27 28 29 31 32 33 34 35 36 39 42
25 27 29 31 33 34 35 36 37 42
26 27 28 30 31 34 35 36 37 40
27 27 28 30 38
28 28 29 32 36 37 38 39 41
29 30 31 35 37 39 40 42
30 33 34 35 36 38 42
31 35 38 39 40 41 42
32 35 37 40 41 42
33 36 38
34 35 36 37 40 41
35 38 41 39
36 37 38 39 41
37 38 39 42
38 39 40 41 42
39 40
40 41 42
41 41
42 42
