#kunkel.py
# GMT Tue Apr  9 08:07:09 2019
# 
0 33 3 4 5 6 7 38 9 10 39 40 18 35 41 22 23 24 36 26 27
1 1 2 3 4 5 6 8 10 12 16 18 19 20 21 22 23 24 28 30 31 35 37 38 39 41 42
2 5 7 9 10 11 12 19 21 24 27 28 29 30 32 34 35 36 38 40 41 42
3 4 6 7 8 9 13 14 15 16 21 22 23 26 27 28 29 31 32 33 35 37 39
4 8 9 11 12 13 14 15 16 18 24 26 29 30 31 32 36 38 40 41
5 5 8 9 10 11 13 15 17 22 24 25 27 28 31 32 33 34 35 37 39 40
6 8 14 15 16 17 18 19 20 21 25 26 27 29 32 34 36 38 41 42
7 37 40 9 10 11 15 16 17 20 22 41 24 25 26 27 28 42 30
8 10 12 14 15 18 19 20 21 23 26 27 28 31 33 37 38 39 40 41
9 12 14 15 17 18 19 20 26 27 29 31 35 37 38 39 40 41
10 13 14 15 16 17 19 23 25 27 29 31 32 33 36 38 40 41 42
11 16 17 18 19 20 22 23 25 27 28 30 31 32 33 36 38 41 42
12 33 13 14 15 17 18 19 20 21 22 40 24 36 27 30 31
13 14 16 17 20 21 23 24 28 29 31 33 34 35 36 37 38 39
14 32 41 34 38 15 16 17 35 40 21 23 30 31
15 15 16 17 20 23 24 25 27 29 30 31 32 33 34 36 39 40
16 17 18 19 24 25 26 28 32 36 37 39 40 42
17 19 21 23 24 25 27 28 30 32 33 35 37 39 42
18 20 21 23 24 26 28 29 30 32 33 34 35 36 37 38 41 42
19 19 21 22 23 24 25 27 28 30 31 33 34 37 39 40
20 32 33 42 21 22 23 25 38 28 37 31
21 22 23 24 25 26 27 29 30 31 33 35 36 42
22 41 33 39 24 25 26 28 29 30 31
23 25 26 27 30 32 34 35 40 42
24 25 27 30 34 35 38 39
25 26 27 34 36 38 39 40 41 42
26 30 31 32 33 35 36 38 39 42
27 29 33 34 37 41
28 30 31 32 33 35 36 38 39 40
29 37 39 38 34 41 36 42 30 31
30 31 32 34 39 41 42
31 34 37 41
32 33 34 35 37 38 39 40 41 42
33 34 36 38 39 40 42
34 39 37 38 40
35 36 38 41 37
36 37 40 41 42
37 37 40 41 42
38 42
39 42
40 40 42
41
42
