#kunkel.py
# GMT Tue Apr  9 08:07:11 2019
# 
0 2 3 4 7 8 9 10 12 13 18 19 22 24 26 27 28 29 31 33 34 35 36 37 38 39 40 41 42
1 2 3 7 8 9 10 12 13 14 15 18 19 20 22 23 24 26 27 28 29 30 31 32 34 35 37 38 39 40 41 42
2 4 5 6 8 9 11 12 17 18 19 21 22 23 24 25 26 27 28 30 31 32 33 34 35 37 39 40 41 42
3 4 5 6 8 9 12 16 18 20 21 22 23 24 25 27 28 29 30 32 33 35 36 37 38 39 40 41
4 7 8 9 11 12 14 17 18 19 20 21 22 23 25 26 28 29 30 32 33 34 35 37 39 40 41 42
5 6 7 9 10 12 13 15 17 18 19 20 21 22 26 27 28 29 31 32 33 34 35 37 38 39 40 41 42
6 6 11 12 13 16 17 18 21 22 23 24 25 27 28 29 31 33 34 35 36 37 39 40 41 42
7 10 12 13 15 16 17 18 20 21 22 23 24 26 27 28 29 30 31 32 34 36 37 38 41 42
8 10 12 14 16 17 18 19 20 23 24 25 26 27 31 32 33 34 35 36 37 38 40 41 42
9 9 11 16 17 18 19 20 21 22 23 24 25 26 27 28 29 32 34 35 36 37 38 39 40 41 42
10 12 13 16 17 19 20 21 22 23 25 26 27 28 29 30 33 34 35 36 37 38 40 41
11 12 14 15 16 17 18 20 22 25 28 29 30 31 32 33 35 36 37 39 40 41 42
12 14 18 19 20 21 22 23 26 27 28 31 32 33 34 35 36 37 38 39 40 41 42
13 14 15 16 17 18 20 21 22 23 25 26 28 29 30 31 33 34 35 36 38 40 42
14 15 16 17 18 20 21 22 23 24 25 26 27 28 29 30 31 34 35 36 39 40 42
15 17 18 19 22 23 24 25 26 27 28 29 30 31 32 33 34 36 37 38 39 40 41 42
16 18 19 20 21 23 24 26 27 29 30 31 32 33 34 35 36 37 41 42
17 18 19 21 22 27 29 32 35 36 37 38 39 41
18 20 22 23 26 27 30 31 33 35 36 42
19 20 24 25 26 27 28 30 32 33 36 37 38 40
20 21 23 25 26 28 30 35 36 38 39 42
21 22 23 24 25 26 27 28 30 32 33 35 39 40
22 24 26 28 29 31 35 36 37 39 42
23 23 24 27 28 29 30 31 38 39 42
24 25 26 27 29 30 31 32 33 34 36 39 42
25 26 30 31 32 33 37 39 40 41 42
26 27 28 33 34 36 37 39 40 41
27 27 36 41 42
28 31 35 36 37 38 39 41 42
29 30 31 32 33 37 38 40
30 32 34 36 37 39 40
31 32 33 34 39 41
32 33 35 36 38 39 40 41 42
33 33 34 35 37 38 39 41 42
34 38 39 40 41 42
35 36 38 39 40
36 36 37 38 40
37 40 41 42
38 39 42
39 40 41 42
40
41 42
42
