#kunkel.py
# GMT Fri Apr 19 14:47:03 2019
# 
1 10 12 23 4 3 24 15 22 33 2 36 18 34 30 25 16 28 41 5 9 14 35
10 17 8 25 3 42 22 0 11 33 9 36 19 34 20 29 39 7 5 37 14 35
12 27 31 3 24 22 0 6 2 26 36 11 30 32 40 20 21 28 29 7 37 35
23 17 13 21 4 3 42 22 0 9 26 36 18 11 8 32 16 27 7 2 37 35
11 17 13 22 24 15 31 0 9 26 36 8 30 32 40 25 27 39 7 14
31 38 17 8 25 18 4 28 15 22 33 2 27 19 13 30 29 39 41 5 37 14 35 42
19 38 8 21 4 30 24 17 41 33 6 9 18 40 20 16 39 7 5 2 35
4 34 37 36 32 40 16 18 27 39 9 42 5 2 21 14 15
38 17 13 8 25 28 21 16 39 14 29 3 24 7 42 5 41 9 6 2
3 26 18 13 24 29 27 28 36 25 34 41 33 21 6 39
24 17 8 25 24 42 0 6 2 26 36 40 20 16 39 13 41 9
32 26 36 18 13 20 16 39 29 30 28 5 15 27 22 34 41 42
15 26 18 21 40 22 16 17 29 30 28 41 42 0 5 6 9
22 13 30 28 33 9 26 27 18 34 40 21 16 39 25 37 14
0 36 18 40 20 17 39 27 28 7 42 5 41 6 35 2
17 8 18 30 41 2 26 27 40 25 28 7 5 9 37
21 28 42 33 6 2 26 8 30 40 25 16 13 7 35
33 8 25 16 18 29 5 34 6 35
6 13 8 20 18 30 28 7 27 5 41 37 14
2 8 18 30 41 2 26 16 29 39 7 5 14
26 34 41 36 30 40 29 27 39 7 9 37 14
36 13 8 42 9 36 20 28 29 27 39 7 14 35
18 13 8 20 29 28 41 34
34 13 8 25 40 39 29 28 41 42 37 14 9
8 13 30 42 9 40 20 41 5
13 13 42 30 20 29 39 37 14 35
30 28 20 29 37 14 35 42
7 39 29 41 28 42 25 37 35
40 9 20 25 16 28 29 39 5 37 35
20 25 28 42 16 29 27 37 14 35
25 42 9 27 16 29 25 37 14
16 29 27 5 14 42
28 28 9 29 39 41 37 14
29 5
27 5 14 42
39 9 37 14
41 37 14 35 42
5 37 14 35 42
9 37 14 35 42
37 42 14 35
14
35
42
