#kunkel.py
# GMT Fri Apr 19 14:43:35 2019
# 
1 10 12 21 18 4 24 42 33 9 26 27 19 13 40 23 16 28 29 41 25 37 35
10 38 31 18 24 36 42 22 0 41 33 27 19 20 23 29 39 7 5 21 14 35
12 38 8 22 18 28 42 23 31 0 33 2 36 19 11 13 32 40 20 21 39 5 9 37
21 3 18 38 32 40 19 11 29 30 28 7 15 27 22 0 5 33 36
22 17 24 15 22 0 33 9 26 27 11 13 32 40 23 16 29 5 25 2 14
8 38 17 25 18 30 15 31 0 11 6 2 27 19 34 32 40 20 16 9 37 14 42
18 38 4 3 24 42 23 0 34 33 2 26 27 18 11 13 29 5 9 37 14 35
4 26 11 34 25 32 40 16 29 3 28 7 15 27 31 5 41 38 35 42
38 26 36 19 3 13 40 23 5 30 15 7 34 33 37 42
30 11 13 36 32 27 28 41 42 23 7 0 5 15 2 37 6 9
24 26 19 13 27 32 20 31 3 28 5 24 0 11 25 37 14 39
36 13 32 20 25 39 14 29 28 7 15 41 2 37 6 42
42 25 17 0 34 6 9 19 11 13 40 20 16 29 7
31 17 15 0 34 6 9 27 11 40 20 16 29 39 7 2 37 35
0 19 20 17 3 39 5 9 11 2 37 15
17 23 3 41 33 6 26 27 34 13 32 40 25 29 39 7 5 14 15
33 13 23 15 6 2 26 19 34 40 16 29 41 9 37
6 23 11 41 26 34 13 3 25 16 29 39 7 5 14 35
9 23 11 2 26 19 34 3 32 20 16 29 39 7 35 15
26 13 25 39 2 29 3 28 7 14 5 35
27 15 2 27 19 11 32 40 25 16 28 29 37 35
19 3 34 2 11 13 32 40 28 41 25 35
11 25 23 2 40 41 14 35
13 32 20 16 39 41 14 35 15
3 15 34 23 16 41 5 25 2 37 14 35
7 28 2 34 23 16 39 41 37 14 15
40 28 23 2 34 32 20 25 35
20 23 2 34 20 25 28 29 39 37 14 35 15
23 28 15 41 2 16 39 34 5 14
16 32 39 29 37 35
28 34 32 29 15 2
29 2 25 5 15
32 15 34 41 5 37 35
39 5 37
41 34 2 25 5 37 14 35
34 25 5 14 35
5 37
25 25 37 14 15
2 37 14
37
14 15 35
35 15
15
