#kunkel.py
# GMT Fri Apr 19 14:38:31 2019
# 
1 26 36 19 10 25 32 40 21 24 30 29 3 39 7 15 22 17 33 14 35 2
10 23 19 4 24 36 0 34 6 26 27 18 11 32 20 25 16 29 39 41 37 14
12 8 19 4 30 28 15 0 34 33 2 27 18 11 13 40 16 24 29 7 9 14 42
25 8 38 4 15 22 11 6 9 26 27 18 34 13 32 21 16 7 5 37 14 35
31 38 8 21 4 30 15 22 0 34 41 33 6 2 18 11 13 3 39 7 5 14 35
8 38 17 19 3 24 36 41 33 9 26 27 18 34 20 29 39 7 5 35
18 36 19 11 20 17 30 3 39 7 42 0 34 6 13
4 38 23 4 3 28 15 22 17 2 27 34 13 32 20 16 24 7 37 35
38 27 17 23 16 39 2 3 24 36 15 42 5 41 33 14 35 9
30 11 36 7 22 39 14 29 27 28 41 15 5 0 34 33 6 35
24 26 32 40 20 16 3 28 36 15 27 7 41 6 2
15 17 13 28 42 34 6 9 26 36 19 11 3 40 27 39 37
23 6 11 27 20 21 28 2 29 3 39 34 5 0 33 37 14 42
22 17 28 42 0 34 6 9 27 19 11 32 40 21 16 7 5 35
0 17 19 28 33 2 27 11 13 3 32 40 21 41 7 14
17 19 28 2 26 36 13 32 20 16 29 39 41 5 9 14 35 42
41 21 6 2 26 36 19 3 16 29 27 39 5 9 35
33 19 13 16 20 28 29 3 39 36 42 27 9 14
6 13 28 9 26 11 3 32 40 29 21 35 42
2 42 34 36 19 11 40 20 14 29 7 37 21
26 11 13 7 40 16 28 29 3 5 36 37
36 28 7 9 34 13 40 20 16 35
19 13 21 9 3 32 40 16 14 35 42
11 28 34 9 27 11 40 21 16 5 14 42
13 34 32 21 16 39 7 5 37 14 35 42
3 9 32 20 7 21 14 42
32 28 42 34 40 20 21 16 29 7 5 37 14
40 28 21 39 14 29 42 5 37
20 29 9 34 37
21 28 27 16 39 7 5 37 35
16 28 42 34 39 5 37 14
28 35
29 14 39 42 9 37 35
27 9 27 39 7 5 35 42
39 9 37 14 35
7 9 5 37 14 35
34 9 5 37 35
5 42 37 14
9 37 35 42
37 42 14
14 14 35
35
42 42
