#kunkel.py
# GMT Fri Apr 19 14:36:17 2019
# 
38 10 8 23 17 24 15 22 0 11 2 36 19 34 12 25 28 27 39 5 14 35 42
10 17 13 1 30 28 0 34 6 9 36 11 8 32 16 29 41 5 2 37 14 35
8 26 18 13 36 40 25 16 30 4 29 3 39 27 22 0 33 37 6
23 1 17 31 4 30 28 15 22 33 6 2 36 19 3 32 20 25 29 41 9 42
1 17 18 4 30 15 31 11 41 6 9 26 36 19 34 40 25 16 7 5 35 42
31 17 13 24 34 33 2 19 11 12 40 20 21 29 39 41 5 25 9 37 14
17 13 4 3 15 22 0 41 33 2 27 18 32 20 29 7 37 14 42
18 26 36 12 40 21 30 6 3 24 42 22 0 34 25 33 37 14 35
4 4 3 36 15 7 0 6 2 26 27 19 12 16 29 13 41 5 14 42
30 12 19 30 28 42 22 9 26 27 13 3 32 40 20 21 16 24 29 7 25 35
24 26 34 36 32 40 22 16 3 7 15 27 0 5 14 35 9
36 3 15 9 26 27 32 40 16 28 39 25 2 21 35 42
15 42 0 33 6 9 26 27 19 32 20 16 28 39 21 35
22 13 40 20 19 3 41 9 7 34 2 37 35 12
0 13 21 0 26 27 11 32 40 20 25 29 7 14 35
11 19 12 25 32 16 20 27 28 7 42 41 33 37 6 9
21 13 25 33 6 2 26 34 12 3 32 20 29 27 39 7 5 35 42
33 28 41 6 26 27 19 12 40 7 25 37 14 35 42
6 28 6 12 40 20 29 39 7 5 25 37 14 35 42
2 12 3 28 26 19 34 32 40 20 16 29 41 5
26 19 34 20 25 28 29 27 41 35 42
27 34 19 12 40 16 28 27 39 7 14 42
19 9 13 16 39 3 28 7 14
34 12 20 39 41 42 5 25 14 35 9
12 42 3 32 40 16 5 9 37 35
13 32 16 29 3 28 7 41 25 37 9
3 20 29 28 41 25 9 14
32 41 9 40 20 16 7 25 14 35
40 20 16 28 29 7 5 9 37
20 9 16 29 39 41 25 37 14 35
25 28 42 16 7 14 35
16 7 28 39 35
28 29 41 14
29 5 41 42 14
39 14 7 5 37 35
41 42 7 5 37
7 5 14
5 14 9 37 35
9 14 35 42
37 35
14 42
35 42
42
