#kunkel.py
# GMT Fri Apr 19 14:16:50 2019
# 
1 26 36 10 13 12 21 32 40 20 25 16 29 3 41 15 27 7 0 33 6 2
10 38 10 12 22 28 15 31 0 17 33 9 34 13 32 20 23 16 24 29 7 2 21 35
12 38 13 22 19 30 15 31 0 33 9 26 27 18 40 21 16 39 7 37 35
21 17 23 30 15 22 0 6 9 36 18 11 32 20 25 39 7 5 37 14 35 42
11 38 17 8 31 4 30 22 41 33 6 2 26 36 19 13 3 25 16 29 39 7 9 37 14
22 3 15 0 6 9 26 36 19 8 40 20 23 29 27 41 5 37 14 42
8 26 38 18 13 40 19 4 30 24 5 15 34 6 42
18 38 19 17 20 25 4 6 30 7 42 27 31 0 34 41 14 35
4 17 23 30 28 15 31 33 9 26 27 34 20 25 16 29 39 7 5 2 37 35 42
38 25 30 28 15 33 6 9 26 27 32 16 24 41 5 37 14 35
3 23 30 28 36 15 0 41 6 26 27 19 32 20 25 16 29 39 7 37 14
24 26 9 36 40 20 16 30 28 7 15 42 5 0 34 33 14 2
15 13 30 23 31 6 2 19 34 32 29 39 5
23 13 30 28 31 0 17 2 27 19 34 20 25 16 29 39 5 14
7 20 17 30 29 28 31 33 6 35
0 19 30 0 33 9 36 34 40 28 29 27 41 2 14
17 26 27 31 20 19 39 25 34 42 5 41 6 35 2
19 42 6 2 26 36 13 32 40 27 41 37 14
33 42 41 27 34 13 32 40 16 28 29 39 37 35
6 25 13 31 41 27 34 40 39 14 35
2 31 9 27 32 16 28 29 39 41 5 14 35
26 40 20 25 16 5 41 34 36 35 9
36 13 31 34 32 40 25 16 28 39 41 5 14 35
31 30 28 41 34 40 16 29 39 5 9 37 14
34 30 13 20 25 16 41 5 37
13 32 20 27 39 42 37 9
30 30 27 32 29 39 5 14 42
32 40 20 16 39 29 28 42 41 14
40 25 16 14 39 42 37 9
20 42 41 9 28 29 39 35
25 16 28 29 27 37 35 42
16 42 27 16 39 5 37 14 35
28 42 41 27 29 39 5 37 35
29 9 27 37 35
27 42 39 5
39 5 9 37
41 42 37 14
5 9 35
9 42 9 37 14 35
37 42 35
14 42
35
42
