#kunkel.py
# GMT Fri Apr 19 14:13:46 2019
# 
1 26 38 18 34 12 21 20 4 29 30 24 9 42 31 0 11 33 35 2
10 10 13 21 24 15 22 0 17 33 6 2 26 36 19 8 32 40 25 28 27 7 5 14 35 42
12 18 34 8 36 32 40 23 16 19 4 29 3 28 31 22 5 9 21 35 2
38 17 8 23 22 4 3 28 15 31 11 33 2 19 34 21 16 29 39 7 37 14
22 26 18 13 36 40 20 21 24 3 28 41 0 5 33 37 6 35 2
17 13 25 4 24 31 6 9 26 36 34 8 32 20 16 28 29 27 7 2 37 14 35
19 26 18 27 32 40 23 39 29 28 41 15 7 0 25 9 36 35 2
4 26 18 32 20 16 30 3 39 7 15 27 5 41 9 37 35 2
30 26 18 11 27 32 40 25 16 24 29 3 39 41 14 23 37 6 35
24 26 37 0 40 25 39 11 29 3 28 7 42 31 21 35 2
42 8 27 32 40 20 23 39 21 11 36 31 0 34 41 33 37 14 9
23 21 3 31 0 41 6 9 26 36 11 8 25 7 5 2 35 15
31 26 18 36 40 20 6 41 5 0 11 25 14 35 15
0 8 3 33 2 26 34 32 25 16 29 39 9 37 14 35
11 18 34 8 13 20 16 39 29 3 7 27 33 6 35
41 13 28 33 9 26 27 34 32 40 20 25 39 5 37 35 15
33 13 3 28 36 6 9 27 18 8 32 25 7 5 14 35 15
6 36 8 13 32 20 16 5 39 7 15 21 14 9
9 7 26 34 20 29 39 5 37 14 35 15
26 8 3 15 32 20 25 37 14 35
36 27 13 18 14 28 5 25 21 35 39
18 3 8 20 16 29 39 34 25 14 35 2
34 8 32 40 20 21 16 39 29 3 13 5
8 3 28 2 27 32 21 16 29 39 37 14 35 15
3 28 27 40 20 25 16 29 7
32 13 25 2 27 40 20 16 5 15
40 13 28 16 39 7 25 37 21 15
20 13 25 27 21 16 29 39 7
21 7 39 29 5 37
16 13 25 2 29 5 14 35
28 13 7 39 29 15 27 14 2
29 13 27 7 5 37
27 13 25 5 14 35
13 2 25 39 5 37 14 35
7 39 15 2
39 5 2 14 15
5 37 14
25 15 2 14
2 35
37 14
14 35
35 35
15
