#kunkel.py
# GMT Fri Apr 19 14:13:23 2019
# 
38 17 13 25 4 3 24 22 10 6 27 19 34 8 30 20 16 28 29 39 41 5 37 12
17 26 3 11 12 8 36 20 21 16 29 30 39 41 42 34 33 2 9
13 10 8 23 3 24 15 22 0 33 6 2 19 34 32 25 16 28 29 7 21 14 35
25 10 21 19 4 3 42 34 33 9 36 18 11 32 40 20 29 27 39 2 14
11 18 10 31 8 30 32 3 24 41 15 42 5 0 21 33 37 2 35 9
31 26 1 19 10 23 32 20 16 24 29 30 28 7 42 27 22 37 5 35 39
1 26 36 18 10 23 24 22 16 19 4 29 30 28 7 15 27 0 21 37 2
18 26 19 8 36 40 20 6 29 30 28 15 0 34 2 37 14 9
4 10 8 3 24 15 22 0 33 9 26 36 19 12 32 40 20 28 29 39 41 5 37 42
3 30 24 15 22 0 34 6 2 27 19 21 16 28 41 5 35
24 10 28 42 0 15 6 2 8 32 23 29 39 21 14 35 12
36 12 32 20 21 16 19 29 23 41 34 10 33 37 2 39 9
42 26 27 19 8 40 20 16 30 39 7 14 10 41 33 6
23 10 8 27 22 15 2 32 40 20 28 29 39 41 7 5 37 14 35
22 10 28 15 33 9 12 30 32 40 21 16 29 41 7 5 37
0 40 16 19 29 30 28 14 37 6 35 9
10 33 2 8 20 39 41 9 21 14 15
15 34 9 8 30 32 40 20 16 28 39 41 7 5 2
33 8 16 20 21 29 27 39 7 41 37 6 2
6 8 32 40 20 19 30 28 41 7 37 14 35 9
9 8 19 26 40 20 16 29 27 39 5 37
26 12 27 20 39 19 34 28 7 5 37 14 2
27 34 8 40 29 28 7 5 41 14 35 2
19 41 8 30 21 16 7 35 12
34 8 40 20 16 28 41 21 5 37 14 12
8 40 28 41 37
30 12 2 20 29 39 41 5 37 35
32 41 12 40 20 29 28 7 21 35 2
40 14 20 29 28 7 37 35
20 2 39 5 21
21 5 41 37 14 35
16 12 41 7 14 35 2
28 28 29 41 7 14 12
29 12 41 7 35
39 12 14 37 2 35
41 41 7 35
7 12 37
5 12 14 35
2 12 37 35
37 12 14 35
14 12 35
35 12
12
