#kunkel.py
# GMT Fri Apr 19 14:08:31 2019
# 
1 8 36 22 19 24 15 31 0 41 33 6 2 27 18 11 12 40 20 13 7 5 9 37 14
10 12 38 11 13 8 21 20 25 30 4 3 28 7 27 22 0 17 36 2 14 9
8 38 13 4 30 28 31 33 6 2 26 11 12 32 40 20 23 41 37 25 21 14
41 38 17 13 22 28 15 31 6 9 18 12 32 40 23 24 39 7 5 25 42
22 12 23 19 3 15 0 33 9 26 27 18 30 40 21 16 29 39 5 35
19 38 18 11 36 32 40 16 4 29 28 15 34 9 37 6 42
4 21 30 28 42 31 0 34 33 6 26 36 18 11 13 3 32 20 29 7 5
38 23 3 15 34 33 9 26 36 11 12 40 21 29 13 7 5 37 14 35
30 26 27 18 13 36 21 28 3 24 15 0 11 33 14
24 26 2 3 13 27 32 40 21 16 6 29 39 42 31 36 33 14 15
36 17 3 42 31 11 9 26 27 18 34 40 21 7 5 35
15 17 12 3 0 34 9 26 11 13 40 20 23 16 39 7 5 25 21 14
23 17 21 28 31 0 9 26 27 18 11 32 20 25 29 39 5 37
31 3 31 34 33 6 9 27 18 11 13 20 25 29 39 5 35
0 26 6 3 12 27 40 20 29 28 17 2 37 14 9
17 18 13 12 21 16 29 28 9 7 5 25 33 2 35 42
33 34 40 39 28 7 42 21 11 25 37 35 2
6 3 28 42 9 26 13 40 20 29 39 7 5 2 14 12
2 26 21 40 20 25 16 14 29 3 7 42 34
26 27 34 13 40 20 25 29 39 7 14 35 42
27 18 12 16 3 28 21 9 37 14 39
18 12 13 32 20 3 42 7 11 25 35
42 13 21 40 20 16 29 3 14 9 5
11 21 13 32 40 29 7 37 14 35
12 13 21 29 3 7 25 37 14 35
3 28 34 32 40 25 16 39 5 37
32 13 40 20 21 28 7 25 9 37 35 39
40 34 20 25 7 14
20 13 7 39 14 34 9
21 34 16 39 7
16 34 28 29 9 5 37 14 35
28 13 29 34 14 5 37
29 7 14 25 37
13 34 5 14
7 7 39 25 37 14 35
34 39 5 37 14 35
5 9 39 25 35
25 39 9 35
9 39 37 35
37 39 14 35
14 14
35 39
39
