#kunkel.py
# GMT Fri Apr 19 14:07:22 2019
# 
38 26 1 18 11 12 21 32 40 20 31 28 6 29 24 15 42 22 37 14 9
17 10 12 25 4 28 15 22 34 6 2 36 19 11 13 40 21 16 27 39 7 5 42
12 8 1 3 24 0 10 33 6 9 26 27 19 11 13 23 5 25 2 37 35
1 13 23 1 3 24 15 31 0 33 2 27 18 11 32 20 25 16 29 41 5 9 14
22 23 4 30 24 15 31 0 10 36 3 32 40 21 28 27 41 5 25 37 35
8 13 21 4 30 24 42 31 34 33 6 26 18 11 32 20 23 16 29 39 41 7 37 14 35
19 23 4 3 24 7 0 10 6 9 36 34 30 40 25 16 28 41 5 14 35
4 10 25 31 18 30 33 6 9 26 36 11 3 40 20 23 16 39 5 21 14 35
3 41 30 15 0 2 26 27 13 40 20 16 29 39 7 5 37 14 35 42
28 23 40 20 18 30 39 5 15 27 31 0 11 2 21 6 35 42
15 10 13 15 0 11 33 2 26 36 18 34 32 40 20 24 7 5
23 24 31 33 2 26 36 11 32 40 20 16 13 7 37 14 35 39
31 10 21 30 42 31 0 11 2 27 18 34 13 40 24 39 41 9 37 35
0 34 10 21 18 30 29 36 27 11 25 33 14 2
10 13 21 30 33 26 36 34 32 40 29 27 39 5 14 35
41 11 9 21 32 20 16 18 30 29 39 7 33 37 14 2
33 30 11 13 26 27 18 34 32 20 29 39 5 14
6 26 21 25 24 7 42 5 37 9
9 18 30 36 2 26 27 34 32 40 20 21 39 7 37
26 24 2 26 27 34 40 13 7 37 14 35 42
36 18 24 27 11 32 40 21 16 29 39 7 5 14 42
18 2 27 34 32 25 24 39 14 35 42
11 27 34 32 40 20 16 13 37 35
13 30 24 34 32 40 25 16 29 5 37 35
30 21 32 7 16 39 24 42 34
32 27 34 29 39 37 14 35 42
40 27 7 20 5 42
20 25 2 20 21 29 39 5 37 35 42
21 16 29 24 5 2 37
16 37 29 24 34 7 14 35 42
24 25 29 39 7 37
29 42 7 27 5 25 14 35
27 42 25 35
39 42 2 25 5 35
7 14 42 34 2
34 25 2 5 37 35 42
5 2 37 42
25 42 2 35
2 14 35
37 35
14
35
42
