#kunkel.py
# GMT Fri Apr 19 14:06:29 2019
# 
1 12 25 30 28 15 0 33 6 9 27 19 34 32 40 20 21 16 29 39 41 14 35 42
10 26 36 19 11 8 12 38 40 23 16 28 14 29 13 39 27 31 0 9 6 2
12 18 11 8 38 23 16 4 29 3 24 41 42 27 22 0 25 33 37 17
25 26 19 17 36 32 40 20 16 24 4 38 28 41 42 22 7 34 6 2
22 17 13 23 31 4 3 24 22 0 34 6 9 19 11 30 32 16 28 29 39 41 5 37 14
17 8 4 3 28 42 31 0 33 2 26 19 34 30 40 20 21 7 14 35
18 26 36 11 13 23 21 4 29 3 39 8 42 27 7 33 35 2
4 36 8 32 20 16 5 30 24 34 33 37 14 35 13
38 8 30 24 15 34 33 6 26 36 11 3 32 20 29 27 13 41 5 14
30 8 31 3 15 0 34 41 33 2 11 13 16 29 39 7 37 14 35
28 8 23 31 15 41 33 6 9 26 36 34 13 37 20 16 29 39 7 21
36 8 3 31 0 41 33 2 26 11 40 16 29 7 5 37 14
15 13 3 24 31 0 6 9 27 19 34 32 40 20 23 16 39 41 37 14
23 21 24 31 6 3 39 42 0 11 9 37 14 35 2
31 24 6 9 34 32 21 29 39 41 7 2 37 14 35 42
0 26 19 3 40 16 24 39 34 27 8 6 2
11 13 20 16 19 24 7 42 27 34 21 14 39 9
33 8 20 24 41 42 27 5 19 2 29 35 9
6 19 8 32 20 39 29 5 9 14 35 42
9 8 41 2 27 19 20 21 16 39 7 5 14 42
26 8 13 40 20 16 39 3 27 5 21 14 2
27 13 32 40 19 39 7 41 37 2 35
19 3 34 2 32 40 20 7 37 14 35 42
34 13 3 32 40 20 29 39 7 37
8 13 41 24 42 32 20 29 7 5
13 32 16 39 5 7 37 35 2
3 32 40 21 16 29 5 37 35 42
32 24 7 5 41 21 2
40 29 39 21 37 14 2
20 24 21 2 41 5 37 35
21 39 29 41 42 5 2 37 14
16 24 39 29 41 2
24 29 41 5 37 14 2
29 41 2 39 7 5 14 35
39 39 14 35 42
41 5 42
7 42 35
5 2 14 37 35
2 42 35
37 42 35
14 35 42
35
42
