#kunkel.py
# GMT Fri Apr 19 14:02:52 2019
# 
1 12 25 30 28 15 0 33 6 9 27 19 34 32 40 20 21 16 29 39 41 14 35 42
10 26 36 19 11 8 12 38 40 23 16 28 6 29 13 24 27 31 0 14 39 9
12 18 11 8 38 23 16 4 29 3 41 17 42 22 0 25 33 37 2
25 17 38 18 4 28 42 22 6 2 26 36 19 34 32 40 20 16 24 41 7
22 17 13 23 31 4 3 28 22 0 34 6 2 19 11 30 32 16 29 39 41 5 9 37 14
17 8 31 4 3 24 42 0 33 26 19 34 30 40 20 21 28 7 14 35
18 26 27 11 13 23 39 4 29 3 24 8 42 7 33 21 36 35
4 36 8 32 20 16 5 30 13 34 33 37 14 35 2
38 8 30 15 11 33 6 2 26 36 34 3 32 20 29 27 13 41 5 14
30 8 31 3 24 15 0 34 41 33 11 13 16 29 39 7 37 14 35
28 8 23 31 15 41 33 6 9 26 36 34 13 37 20 16 29 39 7 21
36 26 8 40 16 29 3 24 7 5 31 0 11 41 33 14
15 13 3 31 0 6 2 27 19 34 32 40 20 23 16 39 41 9 37 14
23 21 24 31 6 3 39 42 0 11 9 37 14 35 2
31 24 6 9 34 32 21 29 39 41 7 2 37 14 35 42
0 26 19 3 40 16 24 39 34 27 8 6 2
11 13 20 16 19 39 7 42 27 34 9 21 14 2
33 8 20 24 41 42 27 5 19 2 29 35 9
6 19 8 32 20 39 29 5 9 14 35 42
9 8 24 41 27 19 20 21 16 39 7 5 14 42
26 8 13 40 20 16 24 3 27 5 21 14 39
27 13 32 40 19 39 7 24 41 37 35
19 3 24 34 32 40 20 7 37 14 35 42
34 13 3 32 40 20 29 39 7 37
8 13 41 42 2 32 20 29 7 5
13 32 16 5 7 24 37 35 39
3 32 40 21 16 29 5 37 35 42
32 24 7 5 41 21 2
40 24 29 39 21 37 14
20 24 21 2 41 5 37 35
21 39 29 5 42 24 41 37 14
16 24 39 29 41 2
24 42 29 5 2 35
29 41 2 39 7 5 14 35
39 39 14 35 42
41 2 5 42
7 42 35
5 2 14 37 35
2 37 14
37 42 35
14 35 42
35
42
