#kunkel.py
# GMT Fri Apr 19 13:53:29 2019
# 
38 17 13 23 31 3 28 22 10 33 6 2 26 36 19 34 32 40 20 25 29 27 7 37 14 35
17 26 10 12 1 32 16 28 30 4 6 3 24 41 42 27 0 33 37 14 39
13 19 10 8 12 21 20 23 1 27 39 7 41 15 31 0 5 25 9 35 42
23 10 12 1 30 28 15 22 0 41 2 26 19 34 3 40 20 21 39 7 25
11 12 3 28 42 22 0 33 2 26 27 18 34 8 32 16 29 41 9 37 14 35 15
31 10 12 21 1 18 24 36 15 22 0 33 6 9 27 19 34 40 16 29 5 35
1 10 30 15 22 6 9 36 18 34 3 32 40 16 29 27 39 41 35 42
18 12 21 22 4 30 24 0 34 6 27 19 3 32 40 16 39 7 5 14
21 26 36 22 25 32 40 16 4 29 30 24 7 42 0 14 2
4 26 36 8 32 20 19 27 24 42 22 34 2 37 14 35 15
3 8 30 24 15 7 0 33 2 26 36 32 40 20 39 41 5 9 37 35 42
28 19 8 40 20 14 29 30 39 15 27 22 0 33 37 6 2
42 26 19 8 20 25 24 41 27 0 33 6 35 12
22 10 8 19 30 9 26 36 12 16 27 41 2 35
0 19 34 6 2 36 32 40 20 16 24 25 37
10 8 30 24 15 41 33 2 25 16 29 39 7 5 9 35 12
41 30 24 34 2 26 27 8 32 16 29 7 37 35
33 12 8 25 40 39 30 6 29 7 15 37 14 9
6 26 8 32 40 25 16 19 29 24 37 39 9
2 26 8 24 34 36 9 37 14 35 15
26 8 24 27 34 12 16 7 25 35 15
36 19 25 32 20 29 39 7 15 5 9 14 35
19 8 30 24 32 40 27 7 5 35 15
34 8 7 16 29 24 27 5 9 14
12 32 20 24 29 39 5 25 37 14 15
30 8 24 9 27 7 16 39 5 25 37 14 35
32 8 24 15 7 16 39 5 14 35
40 16 29 15 27 37 39
20 8 25 39 14 5 37 29 35
25 16 39 24 7 15 9
16 15 9 29 39 7 14
24 24 27 39 7 9 14 15
29 14 39 5 35
27 5 37 9
39 15 9 39 7 14
7 15 9 5 37
9 8 15
5 8 37 14
8 37 14 35
37 15 35
14
35
15
