#kunkel.py
# GMT Fri Apr 19 13:50:50 2019
# 
1 10 13 23 22 4 30 24 15 31 9 36 34 32 40 21 16 29 27 39 41 5 35 42
10 26 18 11 31 13 36 40 21 24 30 28 41 42 7 34 25 9 37 6 2
13 18 17 12 8 38 0 20 25 19 27 39 5 42 31 22 41 6 35 9
23 26 18 17 8 36 32 40 25 16 28 29 24 7 42 31 0 33 37 39 9
22 3 19 17 12 38 40 20 21 18 4 30 28 41 34 27 0 5 25 39
17 26 38 19 11 12 20 25 16 30 39 7 42 27 0 5 15 33 9
19 6 12 25 39 4 29 28 8 15 42 0 37 14 35 2
4 38 8 30 24 15 0 33 6 9 26 36 11 3 32 40 25 39 41 7 5 37 35 42
38 25 30 15 33 6 9 26 36 18 34 32 20 16 27 39 41 7 5 37
30 8 28 36 41 33 6 9 27 18 20 21 16 24 39 7 37 14 35
24 26 12 25 32 16 28 39 41 42 27 7 0 33 37 14 2
15 32 20 21 18 29 3 39 14 31 0 5 25 2 6 35 9
31 12 0 33 6 9 36 18 34 40 20 21 16 29 27 7 5 25 35
0 18 3 28 11 36 34 32 40 20 16 7 37 42
11 8 21 3 28 42 33 9 26 36 34 12 32 16 29 41 5 37 14 35
33 8 12 40 25 28 29 5 42 27 9 37 14 39
6 12 36 32 18 29 8 27 34 37 14
9 8 3 16 5 34 7 27 21 39
26 8 12 20 21 16 3 7 25 42 5 41 34 35 2
36 12 2 18 34 32 40 20 16 39 7 21 14
18 8 28 2 32 40 25 7 5 21 35 42
8 3 28 42 34 2 27 32 21 41 37 14 35
34 41 7 16 14 29 3 25 2
12 21 32 39 14 29 27 7 42 5 37
3 27 21 20 25 5 28 7 41 2 37 14 35
32 7 2 20 25 16 39 41 5 14 35
40 20 16 28 29 39 5 25 37
20 16 29 7 42 21 14 2
21 27 28 2 25 16 41 35
16 29 27 39 41 5 14
28 29 5 42 25 37 14 39
29 25 39 14 27 41 35
27 7 25 39 41 5 35
39 39 7 5 14
41 42 7 37 35
7 42 7 5 2 14
5 2 37
25 37 14 35
2 37 14 35 42
37 35
14
35 42
42
