#kunkel.py
# GMT Fri Apr 19 13:50:21 2019
# 
1 1 10 13 23 22 4 24 15 31 0 17 2 26 19 12 32 40 20 39 5 37 35
10 26 19 11 3 21 32 20 25 24 4 38 30 28 42 27 22 0 37 14 2
13 26 18 17 8 12 36 40 23 31 30 24 7 14 15 22 25 33 6 35 42
23 17 21 19 4 30 15 0 9 26 36 18 11 32 25 29 27 7 5 2 37 14 42
22 25 8 18 4 30 28 36 42 31 0 17 2 27 19 11 12 20 29 41 5 35
8 26 18 14 30 32 20 31 39 4 29 3 24 41 15 7 5 33 21 6
18 17 18 24 42 31 33 2 36 19 34 32 40 16 29 27 5 9 37 35
4 12 4 3 24 2 26 36 11 32 40 20 21 29 27 39 41 9 14 35
38 19 11 12 41 40 20 16 24 2 14 30 28 17 15 7 33 37 6 9
30 19 12 7 40 21 28 14 5 41 15 17 33 6 35 9
24 19 3 28 42 0 17 2 34 40 21 16 29 7 25 14
36 19 28 34 33 6 9 26 11 12 32 20 21 29 39 5 37 14 35
15 12 25 40 14 3 28 41 16 31 0 5 6 35 2
31 21 12 28 42 0 11 6 34 3 40 20 16 39 7 37 14
0 12 3 28 17 33 6 9 32 21 39 7 5 2 37 14
17 25 33 6 26 27 11 12 3 32 16 28 39 7 5 37 14
41 26 34 27 32 20 25 39 29 3 28 7 33 14 35 2
33 21 28 7 6 34 12 32 20 25 29 5 14 35
6 12 25 34 26 11 16 29 39 7 2 35 42
2 12 3 27 34 29 39 5 14 35 42
26 7 19 11 32 40 21 29 34 5 37 14 35
27 11 32 40 20 21 3 42 25 37
19 12 40 16 11 29 34 21 5 37 14 9
11 20 5 28 7 34 25 9 37 42
12 34 12 32 20 25 16 29 7 35
3 21 34 32 40 39 7 5 9 37 14 35
32 28 34 20 21 29 37 35
40 16 20 21 29 14 35
20 42 9 21 39 7 5 37
21 28 34 7 5 37 35
16 25 29 42 9 37 39
28 37 34 9 25 14 42
29 9 25 39 5 37
39 25 5 34 9
7 42 9 25 35
34 42 25 5 37 14 35
5 25 37 14
25 9 42
9 42 37 14 35
37 42 14
14 14
35 35 42
42
