#kunkel.py
# GMT Fri Apr 19 13:41:48 2019
# 
38 17 8 23 3 31 0 10 41 6 9 26 18 34 30 20 25 16 39 7 37 14 35
17 26 25 32 40 22 1 29 30 28 7 16 27 31 0 33 14 2
8 12 21 3 24 15 31 0 41 6 9 36 13 30 40 16 27 39 7 5 2 37 35
23 18 10 13 36 32 20 31 16 28 3 24 7 15 27 22 0 41 9 14 39
11 26 19 34 12 21 32 20 18 30 4 3 28 7 42 24 22 0 5 37 35 15
22 1 13 3 28 42 21 34 33 27 18 32 20 25 16 39 41 37 14 35 15
1 36 10 21 32 20 4 28 42 0 34 33 14 35 9
19 10 13 21 30 24 42 31 0 41 9 36 19 12 32 40 25 16 29 27 7 2 37 14 35 15
21 10 36 4 3 31 33 2 26 27 13 30 32 40 20 29 41 35
4 4 30 15 0 33 6 9 36 18 32 20 16 29 27 39 7 5 37 14 35
3 10 12 30 24 15 0 34 2 32 40 20 28 5 25 37 14
28 10 12 24 42 0 33 27 34 30 32 40 20 29 7 5 37
36 26 10 12 16 18 27 24 41 15 7 34 33 14 35 9
15 12 24 42 31 33 6 9 26 32 40 20 16 29 39 7 14
42 26 13 12 25 40 16 5 29 30 0 34 10 35 2
31 18 30 24 31 41 33 6 2 26 34 29 39 7 5 25 14 35
0 18 24 34 2 26 27 13 30 40 20 9 35
10 34 12 13 32 29 41 25 37 14 35 9
41 26 12 40 20 39 24 6 29 13 9 2 18
33 30 24 6 9 18 34 25 16 29 7 37 14 35
6 13 25 30 24 9 26 27 34 32 40 39 7 5 2 37
9 13 24 7 2 26 32 40 20 16 27 39 14
26 24 34 26 18 32 40 16 29 5 35
27 13 24 2 34 20 16 29 7 5 25 37
18 12 30 34 13 32 40 20 25 16 29 39 7 5
34 12 32 40 29 7 5 37
13 37 12 32 40 20 14 25 7
30 12 25 16 24 37 2
32 2 12 40 16 24 39 37
40 2 16 29 37 14
20 29 39 5 14
25 12 39 29 24 5 37 2
16 12 24 29 7 2 37
24 7 5 35
29 2 39 5
39 2 35
7 5 37 14
5 2 12 5 37 14 35
2 14 35
37 12
14 12
35 12
12
