#kunkel.py
# GMT Fri Apr 19 13:37:15 2019
# 
1 10 23 11 4 30 24 15 0 17 33 9 26 36 18 34 32 25 16 28 29 27 42
10 13 21 18 4 30 28 15 31 33 6 9 27 19 3 32 40 20 23 39 7 5 37 35
13 38 8 36 17 4 3 42 11 33 2 26 27 18 34 40 20 16 39 37 14 35
21 38 17 27 30 15 31 41 33 2 26 36 19 11 40 20 16 29 39 7 9 37 14
22 26 36 18 11 12 8 23 28 29 24 7 15 31 0 41 33 37 35 2
8 12 27 28 42 0 33 6 9 36 18 34 20 25 16 24 29 39 5 2 37 14 35
18 26 38 19 17 34 31 24 14 29 30 39 41 15 27 33 6
4 12 25 3 15 31 6 2 36 30 32 40 20 29 39 7 5 37 14 35 42
38 34 27 19 11 12 32 40 29 3 39 7 42 24 0 17 41 14 2
30 26 36 32 19 28 41 15 34 25 33 37 14 39
28 26 17 27 32 11 16 5 40 31 0 25 37 35 2
36 17 0 34 33 2 11 32 40 20 16 41 7 5 9 14
15 31 0 33 6 9 27 34 3 40 23 29 25 37 14 35
31 17 14 12 25 32 20 16 29 23 7 5 0 6 35
0 17 3 42 6 9 12 20 25 16 24 29 27 5 2 37
17 27 40 20 25 14 5 41 33 37 6 9
41 9 12 16 24 29 3 23 7 5 34 25 2 14 39
33 12 19 11 3 20 23 39 7 34 25 14 35
6 23 19 3 24 42 9 34 32 40 16 39 7 5 14 35
9 3 24 19 11 32 40 23 16 27 39 7 25 37 35
26 26 11 12 32 16 19 3 7 42 27 5 14 35 2
27 19 42 27 34 32 20 23 29 7 2
19 12 24 11 3 40 20 23 16 29 39 14 35
11 25 42 32 20 23 29 7 5 37 14 35
12 34 23 7 40 16 29 24 42 37 35 2
3 42 7 40 16 29 39 5 37 14 35
32 42 34 32 40 16 24 39 5 37 35
40 34 20 25 24 7 5 2 37 35
20 24 2 23 29 39 7 34 37
23 7 39 24 34 25 37 2
16 42 2 34 16 24 29 39 14
24 25 42 29 39 7 5 37
29 42 25 37 35
39 5 37 14
7 42 2 37 7 14 35
34 25 42 5 37 14 35
5 25 14 35
25 42 2 37
2 42
37 42
14 14
35
42
