#kunkel.py
# GMT Fri Apr 19 13:34:56 2019
# 
1 26 19 10 31 8 21 40 20 23 39 4 29 28 7 42 22 0 25 37 14 9
10 8 25 31 30 15 22 0 6 2 27 19 34 32 40 29 7 5 37 14 35 42
8 18 12 38 40 23 16 24 30 28 17 15 27 31 22 34 19 9 39
21 26 19 27 25 16 39 4 29 3 28 7 15 23 37 6 42
11 38 17 23 31 4 3 28 22 33 6 2 26 36 18 32 40 20 24 29 39 41 7 35
22 29 36 32 40 20 23 24 30 4 38 3 39 27 0 6 35 9
18 17 23 30 24 42 33 9 19 34 12 32 20 13 41 5 2 37 14 35 15
4 13 31 24 15 0 41 6 2 36 19 32 23 16 28 7 5 9 37 14 42
38 30 32 40 23 28 14 3 39 7 25 42 31 34 41 33 37 6 9
30 26 12 27 32 24 13 39 15 33 37 6 42
28 17 24 36 42 23 0 34 33 26 27 13 16 29 39 7 5
36 17 12 23 3 15 0 33 6 9 19 32 40 20 25 29 39 5 37 14 35
42 13 39 3 41 23 31 34 19 37 6 35 2
31 26 12 13 40 23 16 29 39 15 9 37 14 35 17
0 13 41 3 24 15 0 33 2 26 19 12 20 27 39 7 14
17 24 15 34 6 2 26 32 40 16 29 41 5 9 37 14 35
41 12 23 19 24 7 34 6 2 26 27 20 25 16 29 41 9 35
33 13 32 25 16 19 6 7 15 5 37 14 35
6 13 3 6 2 26 19 32 27 39 5 35 15
9 12 40 16 5 29 3 24 15 27 34 2
26 24 15 3 32 20 25 16 29 39 7 5 14 35
27 12 32 40 20 25 29 13 2 7
19 12 3 24 7 32 40 25 16 14 35
34 13 23 3 24 2 20 25 16 29 5 37 14 15
12 13 40 25 16 3 24 5 2 37 14
13 23 24 2 40 25 29 39 5 14 35
3 2 32 40 20 23 29 39 7 37 14 15
32 24 20 16 39 7 5 37
40 15 2 40 20 25 16 39 7 5 14 35
20 23 15 2 16 29 39 7 5 35
23 39 7 37 35 15
16 25 5 7 37 35
24 15 2 7 37 14 35
29 25 39 7 5 14 35
39 25 14 35 15
7 7 5 25
5 25 2
25 15 14 35
2 15 37
37 35 15
14 15
35
15
