#kunkel.py
# GMT Fri Apr 19 13:28:08 2019
# 
38 26 1 18 34 8 12 23 40 16 39 24 7 15 10 0 11 41 33 37 6 2
10 17 8 23 3 28 36 15 22 33 2 26 27 11 13 32 25 24 41 7 9 21 14 35
8 26 13 1 32 20 31 28 30 4 5 3 39 7 42 22 34 37 6 9
1 12 1 18 24 15 22 33 2 27 19 34 40 20 23 16 39 29 13 41 37 5 21 14 35
31 17 13 25 4 30 24 15 22 41 9 26 27 18 11 16 29 39 7 2 37 42
17 12 21 18 30 15 0 34 33 9 27 19 11 32 40 20 16 29 14 35 42
19 13 21 4 3 24 36 15 0 34 41 6 2 26 27 11 32 40 29 39 7 14 35
4 12 25 22 18 28 41 33 6 2 26 11 40 16 24 29 13 7 5 9
13 26 12 25 32 20 22 18 29 3 39 41 15 11 9 2
24 12 18 30 42 0 6 9 27 34 3 40 23 39 41 5 14
15 18 28 42 0 6 9 34 32 40 21 29 7 25 37 14 35
22 18 6 12 32 28 29 39 42 0 5 33 14 35 2
0 23 18 3 33 6 9 36 34 32 25 28 29 41 5 37 35
11 12 23 18 30 42 41 33 9 26 36 40 39 7 37 14
41 12 18 30 42 9 36 34 3 32 16 29 7 5 2 37 14
33 26 18 25 16 5 29 27 39 36 42 37 35 2
6 12 25 18 21 2 36 34 20 23 28 29 5 37 14 35
2 9 40 20 16 18 23 14 25 21 39
26 12 36 32 20 23 30 28 34 27 7 25 37
36 27 23 32 7 20 28 34 5 35 9
18 28 9 32 25 16 37 14 42
34 30 28 7 37 3 32 40 23 29 5 21 14
12 30 27 3 32 40 20 23 16 5 21 35
3 27 23 20 21 28 29 39 42 25 14 35 9
32 21 30 40 20 23 27 25 37 14
40 21 16 28 30 7 42 5 25 35
20 21 16 39 28 7 5 25 35
23 21 30 28 16 29 27 7 5 35
16 9 7 28 30 39 27 21 14
28 7 42 35 9
30 21 39 42 9
14 21 27 29 39 7 5 37 42
29 7 21 25 37 35
27 42 9 25 39 5 37 35
39 9 5 25
7 21 7 37 35
5 42 25 37 35
25 25 9 37 35
9 21 37 35
37 21 42
21
35 42
42
