#kunkel.py
# GMT Fri Apr 19 13:23:05 2019
# 
1 36 18 10 12 21 0 23 19 3 28 41 15 31 22 5 9 35 2
10 17 12 38 18 4 3 28 15 7 0 33 6 9 26 27 19 8 32 20 16 29 13 41 5 42
8 38 13 23 30 24 42 31 11 6 26 36 18 34 12 32 40 39 7 5 37 35
21 26 18 12 38 40 20 22 19 29 30 28 15 27 31 0 5 33 37 14 35
24 38 13 4 30 24 42 31 0 33 2 36 19 34 40 20 16 28 29 41 37 14 35
22 26 19 11 13 20 18 4 5 3 28 41 14 27 31 34 33 6 35 9
19 38 13 31 18 33 2 26 27 19 23 16 29 39 7 5 37 14 35
4 26 36 3 34 27 31 16 28 29 30 39 17 42 0 11 33 6 35
38 13 17 18 30 7 11 27 34 32 40 20 25 28 29 39 41 14
3 11 36 31 17 5 29 30 28 42 0 25 37 6 35 9
28 13 15 23 0 33 36 32 40 16 29 41 25 37 14 42
15 13 30 42 0 17 33 9 26 36 11 12 16 29 27 7 5 2 35
31 34 36 40 20 16 7 25 23 5 41 6
0 13 2 36 12 32 20 23 16 29 39 9 37 14 42
17 13 23 30 11 33 6 9 36 18 34 32 40 29 5 2 14 35
33 30 9 26 11 32 40 23 16 39 41 7 25 2 37 14
6 13 23 30 6 26 36 18 11 32 40 20 16 29 27 39 5 37 14 35
9 13 23 2 26 27 18 11 40 20 25 7 14 35 42
26 13 18 41 36 34 12 32 20 29 27 39 37 14
36 23 32 16 30 39 41 27 37
18 23 34 2 27 11 13 32 20 41 7 25 14 35
11 25 32 40 20 5 41 7 34 37 2
12 13 32 40 23 30 39 41 5 25 37 14 35
30 40 20 29 39 7 13 25 37 42
32 23 42 27 34 29 41 5 37 35
40 41 27 34 40 20 25 39 7 5 37 14 35
20 13 42 27 34 16 39 41 14
23 25 42 41 2 34 13 16 39
16 29 27 39 14 42 5 41 2
39 34 29 42 5 25
29 13 34 25 14 42
27 41 34 7 2 37 14 35 42
13 2 34 5 37 14
41 5 25 37
34 42 25 7 5 14
7 25 37 2
5 2 37 42
25 42 14 35 2
2 37 42
37
14 35
35 42
42
