#kunkel.py
# GMT Fri Apr 19 14:55:51 2019
# 
10 26 38 18 11 36 25 16 19 14 3 5 42 27 22 17 15 33 37 6 9
38 12 23 22 17 3 28 15 31 11 33 2 34 32 20 16 29 39 41 7 14 42
17 26 18 13 25 20 21 24 4 3 28 7 22 0 34 33 37 6 35 39
12 13 1 30 24 42 31 0 33 9 26 27 18 11 8 32 40 21 29 41 37 14
23 8 25 31 1 18 30 15 22 0 9 26 19 32 40 20 23 29 39 7 5 14 35
22 26 19 14 8 36 32 20 18 4 28 7 34 31 0 33 6 2
1 27 19 13 25 37 30 4 3 39 7 42 31 41 33 21 14 2
19 13 25 31 30 28 42 0 21 6 26 36 18 40 20 16 24 29 41 37
4 21 30 24 15 9 26 27 34 32 40 20 16 28 29 39 41 5 37 35
3 13 30 24 0 33 6 2 27 18 11 8 32 40 25 28 34 5 21 14
28 13 25 31 18 30 24 0 41 2 36 8 32 16 29 7 5 9
15 26 8 13 25 40 16 39 29 27 24 41 34 5 11 33 35 9
31 8 21 31 0 6 2 26 36 34 40 29 13 41 5 9 37 14
0 13 21 18 24 2 36 11 8 7 40 39 41 5 9
11 13 25 30 24 42 9 26 36 18 11 32 29 39 41 5 37 14
21 26 8 36 20 16 5 24 41 34 33 14 35 2
33 30 24 42 6 2 26 36 40 16 27 39 9 37 35
6 26 36 13 8 25 32 20 16 30 39 27 37 6 9
2 25 30 41 36 18 34 16 29 39 7 5 37 14 35
26 13 25 30 36 32 40 39 41 7 5 14
36 24 39 18 14 29 35 9
18 13 25 30 42 32 20 39 8 34 7 9 37
34 13 25 30 24 9 34 8 32 20 29 39 41 7 37 14 35
8 13 30 9 27 32 16 29 39 41 5
13 30 24 9 27 32 40 5 37
30 24 7 32 39 41 9 14 35
32 40 20 29 42 37 9
40 25 24 42 27 20 16 39 7 5 14 35
20 16 29 27 24 14 42 37 35 39
25 41 27 16 29 7 35 42
16 24 7 27 39 41 5 9 37
24 7 27 39 41 5
29 42 5 37 35
27 42 7 39 41 5 14 35
39 42 9 7
41 35
7 9 37 14 35
5 5 37 14 35
9 37 14 35
37 42
14 35
35 42
42
