#kunkel.py
# GMT Fri Apr 19 13:06:15 2019
# 
1 26 36 18 34 8 13 21 32 40 20 23 16 19 4 29 28 41 24 11 2 39
10 26 38 11 3 8 23 40 16 4 30 9 34 15 27 31 0 17 36 33 14 2
8 26 19 13 23 20 22 16 4 38 30 24 17 42 31 0 34 41 35 2
21 17 13 23 18 3 28 15 7 0 2 26 27 19 30 20 25 16 41 5 37 42
22 38 19 34 12 23 40 25 24 4 29 13 39 41 7 0 5 33 36
17 3 24 15 31 0 6 2 26 27 32 40 23 16 28 29 5 25 37 14 35
19 38 13 4 30 24 23 0 33 6 9 36 18 11 20 28 29 27 37
4 3 24 15 31 6 9 36 34 32 20 16 28 5 2 14 35 42
38 27 25 32 40 18 30 6 3 39 7 42 31 34 33 36 35 2
30 26 12 23 39 18 29 3 28 36 42 0 13 41 37 6 2
28 12 15 31 34 33 26 27 11 32 20 7 5 37 14 35 42
15 36 11 12 13 32 40 23 29 3 41 42 5 7 6 9
31 23 24 42 7 0 6 2 26 27 18 34 32 16 29 41 5 9
0 12 25 18 34 9 36 11 3 40 16 29 39 41 5 2
11 13 25 18 33 9 26 27 34 40 29 39 41 5 37 14 35
12 26 36 42 34 32 24 29 3 27 2 37 6 39
33 27 40 23 16 24 5 41 7 34 25 9 37 14 35 42
6 13 23 18 24 36 34 32 40 29 7 37 14 35 42
2 24 23 26 27 18 34 3 20 16 29 39 25 37
26 34 25 16 39 13 36 42 27 37 14
36 9 34 3 32 40 23 16 29 39 35 42
18 34 32 14 29 3 23 7 42 27 5 35
34 3 7 23 16 24 27 41 37
13 20 23 14 39 7 27 5 41 35
3 24 40 16 29 27 39 5 9 35
32 16 20 25 39 29 27 14 9
40 24 41 40 16 29 7 5 37 14 35 42
20 25 24 27 7 37 14 35
23 7 23 16 29 27 41 5 25 9
16 24 42 39 5 14 35
24 25 42 9 27 5 37
29 25 27 7 9
27 42 41 5 14 35
39 25 42 5 9 37 35
41 9 5 7 14 35 42
7 14 25 35 9
5 9 25 14 35
25 42 9 37 14 35
9 14 42
37 14 42
14 35
35 42
42
