#kunkel.py
# GMT Fri Apr 19 12:59:28 2019
# 
1 26 38 11 8 36 20 25 17 4 6 30 24 41 42 31 5 15 33 37 14 9
17 10 8 21 4 30 28 0 33 6 9 27 11 3 32 20 25 29 39 5 14 35
8 10 38 4 30 28 41 33 2 26 18 34 3 32 40 20 21 16 29 39 7 25
25 13 21 4 42 0 41 33 9 26 36 18 32 20 23 29 7 25 37 14 15
22 27 10 12 20 16 4 34 24 7 42 31 0 5 15 33 37 6 35 2
19 26 38 18 12 13 21 40 23 16 29 28 42 0 5 33 6 15
4 10 36 31 28 21 6 9 26 27 18 34 13 32 20 5 37 14 35
38 10 13 21 18 30 36 15 41 33 6 9 27 34 40 16 29 39 7 5 37 14
30 13 30 24 42 31 0 34 9 27 18 11 3 32 23 16 39 41 7 5 37 35 12
24 10 13 23 42 11 33 6 2 36 18 34 12 3 29 27 7 5 14 35 15
42 10 31 40 23 18 29 28 36 34 33 37 35 9
23 13 18 31 0 2 27 11 12 32 21 16 29 39 7 5 37 14
31 26 11 32 40 20 16 29 3 28 36 15 33 37 14 2
0 13 18 3 28 21 10 6 9 26 11 32 41 2 37 14 35
10 26 18 13 21 20 16 39 7 34 41 33 6 2
12 13 18 28 15 33 6 9 26 36 34 3 40 21 16 29 27 41 35
33 13 34 26 11 32 16 39 7 5 21 15
6 3 28 15 2 26 32 40 20 39 7 5 37 14
9 26 3 20 5 29 39 34 7 11 37 14 35
26 18 3 28 15 34 36 11 13 40 27 39 5
36 18 34 13 37 16 28 27 41 5 21 39 2
18 28 7 2 11 40 29 13 41 21
11 20 21 39 28 14 29 41 37 2
13 15 2 32 20 27 39 37 35
3 27 21 32 40 16 29 7 15 5 37 35
32 15 2 34 40 20 16 29 39 41 5 21
40 28 7 34 20 16 39 41 5 14 35 15
20 15 2 27 41 5 37 14 35
21 28 16 29 27 41 5
16 28 15 34 29 27 39 41 7 5
28 2 29 7 14 35 15
29 27 34 39 41 14
27 2 39 7 5 37 14
39 34 41 5 2 37
41 34 5 14
34 7 35
7 2 14 35
5 2 14 35
2
37 35
14 15 35
35
15
