#kunkel.py
# GMT Fri Apr 19 14:55:36 2019
# 
38 1 12 21 4 30 28 15 31 0 6 2 26 19 11 13 3 23 29 5 37 14 35
10 26 19 34 12 13 21 32 20 25 4 29 0 24 42 31 22 17 37 35
12 1 17 8 4 24 23 34 33 2 19 11 32 21 16 29 7 5 25 9 37 35
21 1 19 30 24 15 0 17 6 9 36 18 34 8 3 32 20 23 39 2 14
22 1 23 3 28 41 33 6 9 27 19 11 40 20 25 16 24 39 7 37 14 35
1 23 1 30 15 0 41 33 36 19 34 13 3 40 20 25 16 29 7 14
18 26 36 18 11 32 40 20 25 17 28 29 30 24 27 0 5 33 37 6 39
4 8 23 3 28 34 33 6 2 11 13 32 40 20 25 24 7 9 37 14
30 13 19 24 23 31 0 33 9 11 20 16 28 29 39 41 2 37 35
28 17 13 23 31 24 15 0 41 33 2 36 34 25 29 39 7 5 9 37
36 26 34 8 32 40 20 25 11 41 15 42 5 17 33 6 2
15 8 25 3 24 15 31 0 2 34 32 40 16 39 41 5 37 35 42
31 8 25 24 0 17 2 19 34 3 40 20 16 29 39 14 35 42
0 23 6 9 26 3 40 20 24 29 39 41 25 2 14
34 13 24 9 19 11 8 40 20 29 27 7 5 14
41 17 13 8 32 40 20 16 3 7 33 37 14 35 9
33 17 23 19 26 27 8 3 32 20 25 37 14 35
6 11 8 32 40 19 3 23 7 27 17 25 2 37 9
2 25 24 23 9 26 11 13 32 27 39 5 37 42
26 13 23 19 3 24 42 11 32 40 25 16 29 27 5 14 35
27 8 13 25 20 16 19 14 3 39 7 42 9 11 37
19 40 17 5 29 3 7 35 9
11 13 40 23 17 29 39 8 5 9
13 8 13 32 40 16 24 29 39 7 37 14
3 17 24 9 20 23 5 37 14 35
32 7 9 40 20 23 16 14 35 42
40 17 24 29 39 5 37 14 35
20 42 17 7 37 14 35
23 8 24 16 29 39 5 35
16 42 8 29 39 7 5 25 9
24 17 39 7 9 37 35
29 9 29 8 5 25 14 35
39 42 8 25 9 14
17 8 42 7 25 5 37 14
9 8 25 7 9 37 35
7 5 14 42 35
5 37
25 42
8 37 35 42
37 14 42
14 42
35
42
