#kunkel.py
# GMT Fri Apr 19 12:42:00 2019
# 
1 10 13 21 3 24 15 31 0 41 9 26 18 34 12 30 32 25 39 8 5 2 14 35
10 17 13 38 4 3 15 22 0 6 9 36 19 30 40 25 29 27 39 41 35 42
13 8 38 31 42 22 34 2 36 18 11 32 20 25 16 29 41 7 37 14 35
21 38 17 8 3 24 15 33 6 2 26 18 11 12 32 40 20 23 39 7 37 5 21 14
11 38 17 22 28 42 31 33 9 26 36 19 34 8 32 20 25 29 27 41 2 37
22 26 38 19 8 36 20 23 16 18 29 12 28 7 9 0 33 37 39
19 36 23 40 17 5 29 34 28 7 15 33 37 14 42
4 34 38 18 12 36 32 23 24 30 3 28 41 15 27 5 33 37 14 2
38 36 18 8 32 40 23 31 29 30 28 25 37 6 2
3 23 30 24 0 17 33 6 2 27 18 32 20 16 7 25 9 37 14 35
24 17 8 42 0 9 26 36 18 32 40 25 16 39 41 5 2 37 14 35
15 26 12 40 20 23 17 18 30 7 42 31 5 9 6 2
23 17 12 31 0 9 36 34 32 40 20 25 16 29 27 39 41 37 14
31 18 12 8 32 28 16 39 30 36 42 7 25 37 6 9
0 18 36 32 40 20 16 29 27 5 14 35 9
17 27 12 8 40 16 18 30 7 5 33 37 2 42
41 30 28 33 6 9 36 18 8 27 39 7 5 37 35 12
33 26 36 12 7 25 16 34 27 14 35
6 8 28 6 2 26 36 18 34 12 30 7 25 16 27 39 5 9 35 42
2 26 18 12 32 20 16 36 5 25 9
26 8 30 34 36 12 32 40 20 16 29 27 39 5 37 35
36 8 18 42 12 40 20 39 5 37 35
18 28 12 7 40 20 29 27 5
34 20 25 39 29 30 28 7 14 5 35
12 8 30 40 20 27 5 25 35
30 32 40 28 14 35 42
32 28 27 8 40 16 29 7 37 35
40 8 7 29 27 5 25
20 5 29 39 7 42 14 9
25 16 28 14 8 35
16 27 8 28 39 29 42 35
28 39 42 27 37 35
29 27 39 5 14 9
27 42 9 37 35
39 8 7 42 5 9
8 42 37 14
7 14 5 35 42
5 9 5 14 35
9 14 35 42
37 42 14
14
35
42
