#kunkel.py
# GMT Fri Apr 19 12:40:50 2019
# 
38 1 13 25 30 28 31 0 6 26 36 18 8 3 32 40 20 23 27 39 41 7 37
10 26 1 18 34 8 30 32 11 14 3 28 41 42 22 7 5 15 2 37 6 9
13 17 13 25 30 24 42 23 0 33 9 26 36 18 12 3 32 20 21 29 39 7 37 14 35 15
25 17 12 36 30 28 15 22 6 26 27 19 34 8 32 40 20 16 29 39 5 35 42
22 1 12 21 4 30 24 42 31 0 41 33 2 27 19 40 20 28 39 7 14 15
1 8 23 18 24 15 0 33 6 9 26 27 19 34 40 20 29 14 35 42
19 17 8 31 4 15 0 34 21 9 26 36 11 40 20 23 5 2 37 35
17 26 34 8 32 20 21 24 6 30 28 15 42 9 33 37 14 35 2
4 34 21 32 40 20 31 16 3 39 42 5 14 35 9
30 31 28 36 15 0 6 2 27 8 32 40 23 16 39 7 5 9
28 23 31 15 33 6 26 27 18 11 32 20 16 29 41 7 37
42 8 3 0 33 6 2 18 34 32 40 21 16 29 41 5
31 26 12 23 32 40 16 39 3 7 15 5 2 36 35 9
0 34 21 40 20 23 18 3 24 41 16 27 2 35 15
11 26 8 12 23 32 20 16 39 29 3 7 34 37 6 2
12 21 34 41 33 2 26 36 40 23 16 29 27 7 5 37 14 35
33 21 6 9 36 32 40 20 23 29 41 5 2 37 35 15
6 23 24 36 18 3 32 29 27 39 7 37 35 15
21 26 36 23 40 18 29 3 24 41 27 14
9 8 23 32 16 39 29 24 7 14 27 5
26 24 18 29 27 7 15 5 14 2
36 8 18 24 15 23 2 36 32 20 16 39 29 41 5
18 16 24 29 7 40 5 15 35 2
34 8 32 40 16 23 27 37 35 2
8 32 40 20 39 23 7 37 14 2
3 27 16 24 29 39 7 41 14 35
32 20 23 16 29 39 41 37 14
40 24 27 20 5 14 15
20 24 15 2 23 16 29 41 5 14 35
23 24 16 41 7 39
16 16 27 39 2 35 15
24 39 14 15 27 37 2
29 27 7 5 37 35
27 15 41 2 27 7
39 41 2 37 14 35
41 7 5 37 35 2
7 2 7 5 37 35
5
2 37
37 14 35
14 15 35
35
15
