#kunkel.py
# GMT Fri Apr 19 12:39:49 2019
# 
10 1 18 13 36 32 20 25 39 29 3 24 7 15 5 9 37 14 35 2
1 36 11 34 27 32 21 17 39 6 30 28 41 15 23 31 0 37 14 35 42
17 38 25 12 4 3 24 15 23 31 0 6 2 26 27 34 30 32 21 28 39 35 42
13 38 23 31 18 4 30 22 33 6 2 36 19 11 32 40 20 21 29 41 5 25 37
21 8 38 4 30 24 15 0 6 9 27 18 11 32 25 16 28 29 7 14 42
22 27 19 11 12 8 25 23 16 24 18 41 15 9 31 0 33 37 6 39 42
19 8 4 3 24 15 11 6 9 26 27 18 34 30 32 40 20 28 29 41 7 5 37 14 35
4 38 8 32 25 16 18 29 12 28 34 24 31 0 27 37 14 39
38 8 3 28 42 33 6 2 11 30 20 23 16 24 7 5 12 14 15
30 26 8 40 20 5 29 12 36 42 31 34 9 2
28 12 24 31 0 11 6 9 26 34 40 29 39 7 25 14 35
15 12 31 18 6 2 36 34 8 32 40 25 16 39 7 5 9 35
31 26 18 3 8 27 7 0 11 33 37 36 12
0 8 3 24 9 26 36 11 40 23 16 29 39 25 37 14 35
34 3 8 36 24 40 23 16 18 2 14 25 33 6 39
12 26 25 5 29 41 27 11 33 37 2 35 9
33 8 25 3 24 6 9 26 36 18 40 20 23 27 41 5 2
6 18 2 36 11 40 20 16 29 41 5 25 37
2 25 3 24 7 41 26 27 40 29 39 8 35
26 8 23 3 42 36 40 25 29 27 39 37 14 35
36 18 23 32 20 14 29 7 27 37 9
18 24 11 5 3 23 7 27 25 37
11 8 25 41 9 27 40 29 7 5 37
8 24 27 32 40 23 16 29 7 5 14
3 23 41 9 27 40 20 16 29 39 7 5 37
32 16 24 29 39 41 42 5 37 14 35 9
40 25 24 27 39 9 37 14 42
20 23 16 14 41 42 27 7 5 37
23 7 25 16 27 41 35
16 7 24 29 39 14 27 41 42
24 42 27 7 5 37 14 35
29 25 27 7 5 9 14
27 42 9 27 39 41 14
39 5 41 14 35 9
41 42 37 35 9
7 25 14 35 42
5 42 9 37 35
25 25 37 42
9 14 42
37 42
14 42 35
35
42
