#kunkel.py
# GMT Fri Apr 19 14:55:33 2019
# 
38 1 13 21 4 3 28 15 31 0 6 2 26 19 11 12 30 23 29 5 37 14 35
10 26 19 34 13 12 21 32 20 25 31 4 29 24 42 22 0 17 37 35
13 13 1 4 30 24 7 34 2 26 27 11 8 32 40 16 28 29 39 41 37 14
21 8 1 18 3 24 15 0 17 6 9 36 19 34 12 30 32 20 23 39 2 14
22 1 23 3 24 7 33 6 9 27 19 11 40 20 25 16 28 39 41 37 14 35
1 25 23 1 3 15 0 33 36 19 34 12 30 7 40 20 16 29 41 14
18 26 36 18 11 32 40 20 25 24 29 30 28 27 5 0 17 33 37 6 39
4 23 12 24 34 33 6 9 11 8 3 32 40 20 25 28 7 2 37 14
3 17 31 24 15 0 33 6 9 26 27 19 20 23 41 5 37 14 35
28 17 23 31 30 24 15 0 41 33 2 36 34 25 29 39 7 5 9 37
15 8 25 24 15 31 0 2 36 34 32 40 16 39 41 5 37 35 42
31 8 25 24 0 17 2 19 34 30 40 20 16 29 39 14 35 42
0 24 23 6 9 26 30 40 20 29 39 41 25 2 14
34 8 24 9 36 19 11 12 40 20 29 27 7 5 14
41 17 8 36 32 40 20 16 30 7 33 37 14 35 9
33 17 8 23 19 26 36 12 30 32 20 25 27 37 14 35
6 11 8 36 32 40 19 23 7 27 17 25 9 37 2
2 25 30 24 23 9 26 36 11 12 32 27 39 5 37 42
26 23 19 24 42 36 11 32 40 25 16 29 27 5 14 35
36 8 32 40 20 25 17 5 11 42
19 12 7 40 5 29 30 17 27 35 9
11 12 40 23 5 29 30 39 8 27 17 9
12 8 24 17 32 37 23 16 29 7 5 25 9 35
30 23 20 16 24 29 39 9 37 35
32 7 9 40 20 23 16 14 35 42
40 17 24 29 39 5 37 14 35
20 42 17 27 7 37 14 35
23 24 8 16 29 39 5 35
16 8 27 39 29 7 5 25 9 42
24 17 39 7 9 37 35
29 9 29 8 5 25 14 35
27 8 25 14 39 7 42 9 37
39 42 8 25 9 14
17 8 42 7 25 5 37 14
9 8 25 7 9 37 35
7 5 14 42 35
5 37
25 42
8 37 35 42
37 14 42
14 42
35
42
