#kunkel.py
# GMT Fri Apr 19 12:32:40 2019
# 
1 13 21 3 24 15 22 0 6 9 26 36 19 8 32 23 16 28 39 41 37 14 42
10 8 21 22 18 3 15 31 0 41 33 6 9 36 19 40 16 27 7 5 14 35 42
13 38 17 12 19 4 24 15 31 0 6 9 26 27 18 34 20 25 16 28 5 37
21 12 38 18 4 30 28 15 33 2 27 19 40 23 16 24 29 39 7 37 14
31 27 18 11 8 23 20 17 4 3 39 36 15 9 5 2 37 14 12
17 27 22 19 4 30 24 33 6 26 36 18 34 12 20 16 28 39 41 14 35
18 38 23 30 28 15 22 0 9 26 34 8 32 20 16 39 41 7 37 35
2 36 19 11 23 40 22 16 29 30 39 15 42 0 25 14 35 9
4 3 38 11 8 32 22 39 36 12 28 41 25 33 37 14 9
38 3 42 7 33 6 9 26 27 34 30 32 40 20 23 16 29 41 5
3 12 30 24 15 0 34 41 33 27 19 11 32 20 23 16 7 5 25 35
24 30 0 33 6 26 36 19 8 32 40 20 23 16 29 41 25 12
15 26 35 11 32 16 19 28 36 34 42 7 9 39
22 8 23 0 34 33 9 36 11 32 40 20 16 27 7 14 35
0 23 30 34 33 9 36 11 12 32 40 20 25 16 27 14
11 36 19 14 20 16 39 29 30 28 41 42 33 6 9
33 14 32 16 20 29 39 36 34 7 6 9
6 23 30 42 41 26 36 34 12 16 28 27 39 7 5 14 35
9 28 34 27 20 25 16 39 41 14
26 19 30 28 7 27 34 32 40 25 16 39 41 5 37 35 42
36 23 32 40 20 29 39 41 37
19 12 23 39 30 28 7 5 25 37 35
34 12 25 30 28 27 8 20 39 41 35 42
8 12 27 32 40 23 16 41 42 25 37
30 27 40 39 29 28 41 42 35
32 40 25 28 29 39 7 37 14 35
40 16 7 42 27
20 12 23 42 20 28 29 7 37 14
23 12 41 27 39 7 5 37
16 39 41 5 37 14 35
28 12 25 29 41 5 37 14
29 12 39 27 5 25 37
27 12 42 41
39 12 39 41 37 42
41 37 35
7 14 5 25 35
5 12 25 37 35
25 42 12 14 35
12 42 37 35
37 42 14
14 42 35
35 42
42
