#kunkel.py
# GMT Fri Apr 19 12:31:49 2019
# 
1 26 38 19 10 8 12 23 17 39 30 3 24 7 42 22 0 34 37 14 35 13
10 26 11 12 36 32 40 20 30 4 3 39 7 42 22 17 37 6 35 2
8 38 12 31 3 24 22 0 33 6 2 36 19 11 37 30 32 40 20 23 16 29 41 5 21 35
38 34 11 25 40 16 30 4 3 39 41 15 0 5 2 17 9
11 12 21 4 24 42 22 0 17 33 9 36 34 32 40 20 29 27 39 37 35 15
31 12 23 18 4 30 28 42 0 33 6 27 19 34 3 32 29 13 41 5 37 14 35
18 25 28 42 22 0 41 6 9 26 36 19 32 23 24 29 27 39 7 5 2 14
4 26 9 13 23 32 40 20 16 39 27 24 5 15 2 14 42
3 12 28 23 0 33 9 19 40 20 21 16 29 39 41 5 25 2
24 26 14 21 32 25 16 19 2 7 15 5 33 36 35 17
42 17 13 23 22 15 33 6 26 36 12 32 40 21 29 27 14 35
22 13 23 28 33 9 26 32 40 25 16 29 7 37 14 35 15
0 17 13 19 34 33 9 27 32 40 21 29 39 7 2 14
17 20 21 2 14 29 30 36 27 34 33 37 6 9
21 23 33 6 9 26 36 19 34 32 40 20 25 27 39 7 37 35
33 13 34 6 2 36 20 16 29 27 7 5 37 35
6 12 28 23 19 5 30 13 41 9 25 37 14 2
13 26 19 2 25 32 20 16 28 41 23 36 37 15
26 28 2 36 34 32 40 20 16 27 7 5 9 37 14
36 27 32 20 23 19 28 29 34 41 37
19 25 39 14 41 27 5 23 37 2
34 32 7 16 5 2 14 30 28 41 27 9
12 27 32 20 25 39 30 29 28 15 9 37 35 2
30 7 20 23 5 14 28 41 25 37 9
32 28 40 29 27 5 35
40 20 28 39 7 2
20 15 7 9 23 29 27 39 41 2
23 28 9 39 41 5 35 15
16 27 7 28 29 41 15 35 9
28 39 29 7 25 37 2
29 27 41 39 7 5 37 14 15
41 15 25 27 39 7 5 35
39 15 7 2
7 2 25 5 37 35
27 9 5 2 37
9 37 35 15
5 2 25 35
25 14 15 37 35
2 15 35
37 15 37 14 35
14 15
35
15
