#kunkel.py
# GMT Fri Apr 19 14:55:28 2019
# 
1 10 13 21 18 3 28 31 0 33 2 26 19 34 12 30 40 20 25 16 9 37 14 35
10 10 13 21 4 42 31 0 17 6 9 26 36 18 8 20 23 29 27 25 2 14 35
13 17 8 3 28 42 7 0 33 36 19 11 12 30 40 20 16 29 41 37 15
21 41 22 18 3 31 0 34 6 2 26 36 19 11 30 16 29 39 7 5 9 35
11 38 19 4 30 28 42 31 2 27 18 34 12 32 40 23 24 29 5 9 14
22 27 18 17 12 8 32 40 20 4 3 41 14 42 0 5 33 6 2
18 38 17 12 3 24 42 34 2 26 36 19 32 40 20 29 39 25 37
4 15 36 19 27 40 31 17 24 30 39 7 34 23 41 9 6 35 42
38 17 8 23 30 15 7 0 26 27 19 32 20 16 29 39 41 5 37 35 42
3 17 31 24 15 33 6 2 34 12 32 20 23 28 29 39 8 7 14
28 26 27 20 23 16 39 6 24 41 15 5 9 34 36 42
42 17 30 24 6 2 26 27 12 32 20 29 39 41 34 5
23 17 12 23 24 31 34 2 27 32 40 20 25 7 5 37 14 35
31 36 24 15 7 9 26 27 20 16 29 41 5 2 37 14 35
0 24 15 0 17 2 26 27 34 12 40 16 39 8 5 37 14 35
17 20 25 16 30 24 7 37 36 35 15
41 33 6 9 26 19 34 8 32 40 16 29 5 14 35 15
33 26 19 34 8 25 32 40 20 29 24 7 5 33 37 14 9
6 26 36 19 7 20 25 16 39 29 30 27 14 2
2 12 26 19 32 40 20 16 39 5 25
26 8 30 24 27 19 34 12 25 9 37
36 30 9 19 34 32 40 29 39 7 5 37 14 35
19 12 8 32 24 30 7 5 14
34 25 12 27 30 40 16 39 5 37 14
12 24 8 30 32 40 25 16 7 5 37 15
30 30 24 27 32 40 20 39 7 5 25 37 35
32 8 20 25 7 27 37 14
40 8 27 20 25 16 29 5 37 35
20 27 20 25 16 39 14
25 16 29 39 5 9 37 35
16 15 27 39 9 37 14
24 9 8 29 39 14 35 15
29 8 9 39 7 5 35
27 8 9 7 14
39 14 35 9
8 15 14 35 9
7 15 5 37 9
5 9 14 35 15
9 15 35
37 15 14
14 35
35
15
