#kunkel.py
# GMT Fri Apr 19 12:20:51 2019
# 
1 17 13 21 19 3 28 15 22 0 33 6 2 26 36 18 32 20 24 29 27 41 5 37 42
17 10 23 19 4 3 28 42 22 41 9 36 18 32 20 25 16 24 29 7 5 37 35
13 26 10 8 12 23 32 16 28 30 4 29 3 24 14 15 11 6 39 9
21 18 34 12 25 32 20 16 29 27 28 7 15 31 0 5 33 2 9
11 26 36 19 34 8 23 32 22 16 18 3 39 41 31 0 25 2 37 6 9
31 8 23 4 3 24 15 22 0 34 6 36 19 32 40 20 16 27 39 41 5 37 42
19 38 12 23 22 4 30 28 42 34 6 2 18 3 32 40 29 5 37
4 26 38 8 32 20 18 6 29 24 7 42 5 33 14 35 9
38 27 12 8 36 32 18 29 3 28 15 24 0 37 14 35 39
3 8 18 30 28 0 2 26 36 40 23 27 39 41 5 14 12
28 40 20 23 16 30 29 39 41 34 27 0 10 35 2
15 10 12 23 22 36 41 6 2 27 18 34 32 40 25 29 7 5 37
22 12 23 30 24 0 10 33 6 9 27 8 32 20 25 16 7 34 14 35 42
0 34 33 6 9 27 40 20 25 16 29 41 2 37 35
10 23 33 6 9 26 36 18 8 32 20 25 16 24 39 41 35 42
12 8 33 2 36 32 40 20 16 39 7 5 37 14 35 42
33 8 23 30 24 42 2 26 34 40 20 29 39 41 25 35
6 25 30 24 34 36 8 20 39 41 5 37 14 42
2 23 34 27 8 20 24 39 7 5 37 14 35 42
26 8 23 30 24 36 18 40 20 25 16 27 7 5 14 35
36 23 30 34 41 9 40 20 7 5 37 14
18 18 24 9 32 40 23 16 39 41 5 25 14
34 8 23 32 40 25 29 27 39 41 7 37 14 42
8 25 8 24 42 32 40 29 41 5 37 14 35
30 25 40 20 14 29 7 42 5 41 9
32 24 9 20 16 29 41
40 41 20 16 24 7 37 14 35 42
20 27 25 16 7 9
23 25 27 39 41 14 42
16 42 9 24 29 39 14 35
24 39 37 35 9
29 25 39 7 14 9
27 39 5 14
39 42 25 41 37 14
41 9 25 37
7 42 37 35 9
5 25 9 14 35 42
25 9 37 14
9 42 35
37 35
14 42
35
42
