#kunkel.py
# GMT Fri Apr 19 12:05:48 2019
# 
38 26 1 18 10 8 21 20 25 16 30 27 24 36 31 41 14 35
10 8 23 1 4 3 24 15 0 33 6 36 18 34 12 20 25 16 39 7 21 14
12 1 8 25 3 42 31 0 33 6 2 26 36 19 34 32 40 29 27 7 5 35
1 21 4 15 31 0 33 2 18 11 32 20 16 29 7 5 9 37 14 35 42
11 18 34 13 23 31 16 28 30 4 29 3 24 14 15 22 5 25 37 6 2
22 26 19 6 8 13 21 20 16 39 30 4 29 3 24 7 15 31 41 14 2
19 17 25 15 0 41 33 6 26 36 18 34 13 32 40 29 27 39 7 5 37 42
4 17 23 31 30 24 15 33 26 27 32 25 28 29 39 41 7 5 37 14 35
3 26 34 13 21 32 39 30 28 5 15 31 25 9 14 35 42
24 8 23 30 15 0 33 6 9 26 36 18 32 40 21 27 41 5 25 42
32 17 23 20 18 28 7 14 27 31 2 41 9 6 35 39
15 21 31 30 42 34 6 9 40 20 25 28 29 39 7 37 14
23 27 18 6 21 40 20 16 39 29 41 42 31 0 17 14 2
31 17 30 28 26 36 40 20 21 29 27 41 5 25 14
0 17 13 36 40 16 28 14 30 39 25 33 37 6 35 9
17 26 34 13 8 40 16 28 41 42 5 33 6 35 9
33 8 13 21 40 20 39 28 29 30 7 5 2 35
6 34 26 27 13 40 20 21 41 7 5 37 42
9 26 18 8 36 20 25 28 7 27 5 34 37 14 2
26 25 18 2 13 36 8 40 27 39 7 37
36 13 25 40 28 18 30 41 42 37 14 2
18 28 34 20 25 29 41 5 2 21 14 35
34 27 8 25 28 16 13 7 5 41 2
8 21 20 29 28 7 42 5 41 37 35 39
13 27 30 14 39 2
30 41 2 40 20 16 27 7 37 14 42
7 28 27 40 20 5 37 42
40 42 16 28 29 27 5 2
20 27 21 29 37 14 35 42
21 28 2 25 16 29 39 41 35 42
16 5 28 42 37 35 2
28 28 41 2 29 27 5 37 14 35
29 27 37 25 14 42
27 2 25 39 5 37 14 35
39 41 37 35
41 42 2 37 35
5 42
25 37 14
2 37 35
37 14 35 42
14 35
35 42
42 42
