#kunkel.py
# GMT Fri Apr 19 11:46:00 2019
# 
1 26 38 18 10 13 25 0 21 16 19 11 29 3 39 7 15 31 22 34 33 35
10 38 17 8 31 3 28 15 22 11 36 18 34 32 40 23 16 29 39 41 5 37 14 35
13 38 8 30 28 36 31 0 41 2 27 34 3 20 21 16 24 29 7 5 9 37 14 35
38 17 25 28 36 15 23 6 2 27 19 40 20 21 16 24 29 7 5 37 35
22 17 12 23 19 4 28 15 31 0 34 6 9 36 18 11 16 24 29 39 35 42
17 12 25 30 28 42 33 6 9 19 8 3 32 21 24 39 41 5 14 35
19 26 18 12 23 32 40 20 31 4 29 39 41 15 27 21 9
4 26 34 12 23 32 20 16 30 3 9 41 42 5 33 6 35 15
3 11 8 23 20 16 29 27 34 7 15 5 0 41 33 14 2
28 26 12 36 32 11 37 25 16 30 7 15 0 33 21 6 9
15 8 18 24 21 33 27 11 12 32 20 25 29 37 14
23 26 12 21 32 40 20 16 18 30 39 41 42 6 35 2
31 26 8 25 40 20 39 12 24 34 42 27 5 41 9 37 2
0 21 24 34 6 2 36 18 11 32 40 29 27 41 7 37 14 35
34 26 8 25 40 5 30 36 42 11 14 6 2
41 36 8 32 20 5 30 29 24 33 6 35 2
33 8 24 2 26 27 11 40 20 16 29 39 9 37 35 42
6 12 24 42 2 36 18 32 40 20 29 39 37 35
9 8 25 20 16 30 37 35 12
26 11 25 20 16 18 27 37 14 39 2
36 12 25 30 24 11 2 18 20 21 16 39 7 5 37
18 12 18 30 24 2 11 8 32 29 27 39 7 37 42
42 8 30 2 27 12 32 40 21 29 39 7 5 35
11 25 30 2 32 40 20 21 27 7 5 14
8 12 21 24 5 39 37 14
30 25 37 20 16 29 27 5 21
32 27 14 25 24 40 20 7
40 12 20 25 39 7 27 37 2
20 24 20 21 16 29 27 39 7 35
25 12 27 29 24 35
16 7 37 24 5 21 2
24 12 2 27 7 5 37 35
29 12 2 27 21 35
27 2 14 35
39 12 7 37 21 35
7 12 21 35 5 2
37 21 14 35
5 21 14 35 12
2 21 14
21 14 35
14 35
35 12
12
