#kunkel.py
# GMT Fri Apr 19 11:35:03 2019
# 
38 1 17 12 23 4 30 28 15 0 41 33 9 19 34 3 32 20 24 7 5 37 42
17 10 12 1 30 28 15 31 11 33 6 2 26 36 18 34 13 23 16 39 7 21
8 1 10 13 25 31 30 24 15 22 6 2 26 36 3 32 40 16 29 27 39 41 5 9 37
1 25 19 4 30 15 31 10 9 26 27 18 12 3 20 16 29 13 41 2 35
28 13 23 31 30 24 15 22 0 33 26 36 19 3 32 20 29 39 5 37 35
22 23 30 15 31 0 41 33 6 2 18 11 12 3 32 20 21 24 29 7 42
39 13 30 32 4 29 3 7 15 9 31 0 34 2 37 6 35 42
19 13 21 42 0 9 26 36 12 40 20 23 24 29 27 41 5 2 37 35
4 18 11 40 20 25 16 24 30 7 23 27 21 14 35 9
30 31 3 42 0 10 41 9 36 18 34 32 23 7 5 25
23 11 25 40 21 16 2 24 34 0 33 14 35 9
36 10 25 3 15 33 6 2 36 18 11 32 40 20 16 24 27 5 9 35 42
15 18 11 37 32 40 25 24 6 27 7 21 14 9
31 13 21 3 34 33 26 27 18 11 12 40 16 24 41 5 35
0 18 11 32 25 24 29 3 42 10 2 21 6 9
10 26 12 32 40 25 16 3 24 41 5 34 33 6 35 9
33 13 21 3 42 6 26 27 18 11 32 16 24 29 41 5 37 14 35
6 26 25 32 21 5 29 7 42 11 41 2 9
9 13 24 34 12 3 40 29 37 35 42
26 21 11 41 2 18 34 13 40 20 16 7 37 14
27 34 25 32 40 16 2 29 3 5 41 14 42
18 12 25 24 34 13 20 21 16 29 5 37
11 13 2 12 20 16 29 41 5 37 14 42
12 40 20 29 3 24 41 34 21 25 37 42
3 42 41 34 13 32 40 35
32 25 7 2 32 40 24 41 5 14 35 42
37 41 40 7 5 34 14 35
20 13 21 16 24 7 14 34 35
25 24 40 21 29 41 5 14 35
16 13 29 24 34 35 2
24 34 24 41 7 5 21
29 42 34 2 40 13 7 5 35
13 21 40 41 14 35
41 2 7 5
34 7 5
40 5 14
7 14 35 2
5 5 35
2 14 42 35
21 14 42
14
35
42
