#kunkel.py
# GMT Fri Apr 19 14:55:04 2019
# 
38 1 10 13 21 4 30 42 31 0 17 41 33 36 34 3 32 20 16 29 7 37 35
10 18 34 12 21 20 23 16 4 30 28 9 42 31 0 11 33 37 2
13 12 1 4 30 28 42 31 0 33 9 36 19 3 32 40 20 21 16 39 41 7 37
21 1 22 3 36 15 7 6 2 26 27 18 34 32 40 23 39 41 25 37
11 1 8 23 19 4 28 15 31 33 6 2 26 18 34 32 20 25 24 7 5 37
22 26 36 18 17 8 40 20 25 16 19 4 3 24 7 31 0 37 6 35 2
1 12 1 19 3 28 15 0 41 33 6 2 18 32 40 20 29 7 14 35
19 12 4 30 24 0 6 9 26 27 18 34 3 20 28 29 5 37 14
4 23 31 3 24 33 6 2 26 27 8 32 40 25 7 37 12
30 8 23 3 24 15 0 33 2 27 18 34 40 16 28 29 39 14 42
24 12 23 31 42 0 6 9 26 36 20 25 29 27 39 5 2 37 14 35
42 8 36 16 39 7 15 31 9 37 14 35 2
23 12 0 17 33 6 9 27 3 40 20 25 16 29 39 7 34 37 14
31 12 25 15 17 6 9 34 32 40 20 41 7 14 35
0 17 6 9 27 3 40 20 28 29 39 41 25 2 14
17 26 36 32 40 20 16 28 29 27 39 5 9 37 35 2
15 8 12 7 25 39 6 29 28 41 5 36 2 14 9
33 28 36 26 27 18 8 40 20 7 5 25 14 35 12
6 8 3 9 26 27 34 32 20 28 29 39 5
2 9 36 32 25 16 28 27 39 14 35
26 36 8 12 40 25 16 29 28 5 9 35 39
36 18 8 32 25 39 3 7 9 12 37
18 32 40 20 16 5 29 3 28 7 34 25 9
34 8 32 40 25 29 3 28 7 41 14 9
8 12 25 28 32 20 16 39 41 37 14 35
3 25 9 32 20 16 41 5 37 14
32 9 16 29 27 41 37 35
40 12 28 9 16 39 41 5 37 14 35
20 16 29 39 25 14 35
25 25 41 28 29 27 39 7 37
16 41 27 7 5 37 35
28 28 27 29 5 9 12
29 12 27 39 41 37
27 12 41 39 7 5 37 14 35
39 14 12
41 7 37 14 35 12
7 12 5
5 14 37 35 9
9 12 35
37 14 12
14 14 35
35
12 12
