#kunkel.py
# GMT Fri Apr 19 11:13:43 2019
# 
1 1 10 36 22 30 28 15 31 0 33 2 27 19 3 32 20 25 16 29 39 41 5 9 21 35 42
10 26 34 27 38 40 23 24 14 29 39 41 42 0 5 25 33 37 6 35 2
8 38 17 23 22 3 28 42 31 0 6 2 26 27 40 20 25 16 24 29 7 5 37 35
36 26 38 18 11 32 21 16 19 30 4 27 24 14 42 22 0 6 35 39
11 21 31 19 4 30 28 15 22 33 6 9 26 18 3 40 20 23 41 14 35 42
22 13 41 30 24 15 31 0 26 19 3 20 28 29 39 7 37 35 12
18 17 12 21 4 3 28 15 31 6 2 26 34 40 23 29 39 41 5 25 9
4 26 27 16 19 6 29 30 24 42 38 9 37 14 15
38 13 21 30 24 15 31 17 6 9 27 32 20 25 29 7 37 14 35 42
30 13 30 24 15 31 33 6 9 12 3 32 20 21 27 41 7 37 14 35
28 13 27 39 19 24 7 42 0 5 33 37 14 2
15 13 24 42 0 6 2 3 32 40 20 16 41 7 5 9 37 35
23 25 19 31 0 17 33 6 2 12 32 40 20 16 13 34 5 9 35
31 17 24 34 33 6 9 27 37 20 16 29 41 25 21 35
0 26 19 40 17 24 29 3 41 5 25 2 21 9
17 26 12 13 32 40 20 25 16 19 7 42 5 2 14 9
12 26 2 13 19 3 39 34 33 37 6 9
33 26 27 7 40 21 24 6 5 34 14 2
6 26 40 21 16 39 7 5 37 14
2 27 32 16 19 29 7 5 21
26 21 42 9 32 20 16 29 13 41 7 5 37 14
27 42 34 3 32 40 16 24 29 39 41 9
19 40 25 16 39 29 3 9 21
34 13 32 20 16 29 3 7 42 41 14 9
37 13 20 16 3 41 5 25 9
13 20 25 16 39 29 3 41 35 42
3 32 40 20 21 14 42
32 24 7 9 40 25 16 39 41 21 14
40 24 9 25 29 39 5 14 35
20 24 21 41 5 25 14 35 42
25 24 9 29 41 5 21 14
16 41 29 39 7 42
24 39 41 21 14 35 42
29 42 21 35
39 21 7 42 5 35 9
41 9 41 7 35
7 9 14 5 42 35
5 9 35
9 21 9 35
21
14 42
35 42
42
