#kunkel.py
# GMT Fri Apr 19 11:01:32 2019
# 
1 26 36 18 10 12 23 40 20 22 16 4 30 34 31 0 11 2 14 9
10 17 13 38 18 4 24 22 0 34 6 9 36 19 11 12 20 16 29 8 5 37
12 38 13 31 36 15 22 21 34 33 6 26 27 19 11 32 40 23 16 37 35
23 17 8 21 4 28 15 22 0 36 19 32 40 20 25 16 27 13 41 5 14 35 42
11 26 19 38 7 20 21 27 39 41 34 15 31 0 17 25 37 36 35
22 26 19 32 20 21 38 3 28 15 5 0 34 33 37 35 42
19 26 13 25 32 20 16 4 29 17 42 7 8 6 35 9
4 38 13 3 24 31 17 6 2 26 36 34 40 20 16 29 7 21 14
38 13 41 3 24 42 31 33 2 36 18 34 40 20 29 39 7 5 9
30 26 18 9 13 21 40 20 25 16 28 14 29 3 24 41 42 33 6 35 15
24 26 8 36 40 20 21 39 15 2 37 14 35 9
15 18 13 16 28 3 7 41 9 17 25 2 37 6 39
31 17 3 7 0 34 33 6 9 36 8 40 25 13 41 37 2 21 14
0 3 42 17 33 2 27 18 40 25 16 29 39 41 34 5 37 35
17 8 18 28 34 33 26 36 40 20 21 27 7 5 14 35 42
41 13 25 28 21 2 18 34 8 3 32 20 16 29 5 9 37 14 35 42
33 18 36 32 37 16 29 3 28 7 42 27 5 21 14
6 13 21 18 28 2 26 27 34 3 32 20 16 29 5 37 14 35 42
2 25 13 3 28 9 18 34 32 20 21 29 14 42
26 8 21 18 3 28 42 34 36 32 40 25 5 14
36 8 32 20 5 27 40 25 21 35
18 13 7 34 8 32 21 39 5 14 35 42
34 13 3 21 29 8 9 37 35
13 13 8 3 28 27 40 29 39 7 5 9 37
3 21 3 27 32 40 25 9 37 14 42
32 8 7 40 25 16 28 42 27 39
40 37 16 29 39 8 5 21 14 35
20 8 42 27 16 7 37 35
21 7 25 16 27 39 5 9
16 7 27 29 5 25 14
28 25 14 29 37 35 9
29 8 42 7 27 39 9 35
27 14 39 42 5 25 37
39 7 37 14 42
8 25 5 7 9
7 25 37 35 42
5 37 14 42
25 42 9 35
9 35
37
14 42 35
35 42
42
