#kunkel.py
# GMT Fri Apr 19 11:01:32 2019
# 
38 1 19 11 27 20 23 16 18 17 29 39 7 42 5 25 36 35 2
10 17 8 41 18 28 15 31 0 6 2 26 19 11 32 40 24 29 39 7 9 14 42
8 13 21 4 30 28 22 0 17 33 6 2 36 19 3 32 16 29 39 7 37 14
1 17 12 21 28 36 15 22 0 33 6 27 18 34 32 23 16 24 29 39 5 14
22 36 19 34 12 32 40 23 28 30 29 3 13 41 25 37 14 2
18 12 17 3 24 42 31 0 11 6 2 26 18 34 40 20 16 39 41 5 9 14 35
4 13 25 30 28 42 33 6 9 26 36 19 3 20 16 24 29 39 5 37 14 12
3 17 25 24 15 0 11 26 19 34 12 40 16 29 39 7 5 14 35
28 23 30 24 42 31 0 33 26 27 11 13 32 40 29 39 41 7 5 37 35
36 15 31 33 6 27 34 13 40 20 21 29 39 7 5 37 14 42
42 26 32 23 16 24 41 7 0 5 9 37 6 35 2
31 26 13 27 40 16 24 11 6 29 9 5 17 33 37 14 39 2
0 26 12 21 20 25 19 2 29 41 27 11 33 14 9
17 12 11 20 23 19 39 7 15 27 5 25 14 35
41 26 13 25 21 16 19 30 34 15 35 9
33 13 25 30 15 34 2 19 11 20 16 29 39 37 35 12
6 23 24 6 2 26 11 12 40 25 16 39 7 9 21 14
2 12 23 9 26 27 11 40 25 16 39 5 37 14 35
26 13 21 30 27 11 20 24 39 7 5 9 37 14
27 23 30 15 11 32 40 20 21 29 39 7 5 9 14
19 13 23 32 11 16 30 29 15 14
11 13 25 34 20 16 24 7 35
12 13 23 30 15 40 20 21 16 39 7 5 14
13 25 30 24 21 9 34 23 16 37 35
30 23 7 40 20 25 16 24 5 37 9
32 40 20 25 39 34 15 37 14 9
40 15 21 34 20 23 16 7 5 37 35
20 21 5 39 34 7 35
23 21 9 24 29 7 14 35 15
16 24 15 7 25 37 5 21 14
24 34 21 29 39 5 25 14 35
29 9 25 7 5 21 14
39 15 34 5
7 9 25 34 37 35
34 21 14 35
37 25 9 37 14 35 15
5 9
25 21 15 35
9 21 15
21
14 15 14
35 15
15
