#kunkel.py
# GMT Fri Apr 19 10:54:23 2019
# 
38 10 8 21 19 4 30 24 15 31 0 6 2 18 34 12 3 40 20 5 9 37 14
10 17 12 1 19 4 24 36 42 22 6 2 26 27 18 11 13 32 20 21 16 39 7 25 9 14
8 26 18 25 1 32 40 20 23 24 4 27 28 14 15 0 19 2 6 42
21 13 1 3 28 42 31 0 17 41 2 36 19 12 32 29 27 39 7 9 37
11 26 18 3 12 23 32 20 31 19 29 30 7 42 22 0 41 2 37 35 9
28 26 18 34 13 23 16 29 3 24 42 22 5 15 37 6 35 9
22 36 18 12 13 23 40 20 16 24 30 15 5 0 19 33 14 35 9
1 4 24 42 31 33 6 2 26 27 19 34 12 32 20 23 16 13 41 14
19 3 24 15 0 33 36 13 32 20 39 7 5 37 14 42
4 18 13 32 25 16 30 34 15 31 17 33 14
30 26 18 12 23 20 39 29 3 24 7 34 5 31 17 14 2
24 12 23 15 31 0 6 13 26 36 3 40 27 39 41 37 35
15 26 18 25 32 16 29 27 7 42 5 33 37 2
23 26 18 36 40 25 39 6 29 7 27 17 14 35 9
31 18 12 13 32 40 20 16 3 41 34 5 14 35 9
0 3 42 0 34 33 2 13 32 40 25 29 39 41 5 9 35
17 26 27 13 32 40 5 39 41 42 7 34 33 14
41 27 40 16 39 2 7 42 25 33 37 6 35 9
33 37 13 12 36 32 40 20 25 3 39 27 5 7
6 26 18 40 20 29 25 35 9
2 7 9 26 27 18 12 3 32 40 25 16 29 13 5
26 18 12 32 20 3 34 27 35 42
36 13 42 9 27 18 34 12 32 40 20 16 29 7 25 14
18 34 12 3 20 25 29 27 7 9
34 7 40 20 25 16 39 3 42 27 35
12 37 3 40 20 25 16 29 39 7
3 13 9 27 32 20 16 29 7 35
32 13 40 16 39 37 42
40 20 25 16 13 7 14 35
20 42 9 29 39 7 35
25 7 16 29 5 9 37 14 35 42
16 37 35
39 27 13 5 29 42 7 37
29 27 5 9 37 14 35 42
27 14 7 9
13 42 35 9
7 7 5 37 14 35
5 14 35 42
9 37 35
37 42 35 14
14 42 35
35
42
