#kunkel.py
# GMT Fri Apr 19 10:50:14 2019
# 
1 1 18 10 8 12 21 40 25 19 2 3 24 7 27 31 0 34 9 37 14 13
10 38 13 30 28 31 0 34 41 33 6 2 36 18 11 3 40 20 23 24 7 9 21 35
8 19 17 13 23 40 21 18 30 14 27 28 41 15 22 34 33 37 6 42
21 17 12 25 4 30 28 15 22 0 34 33 6 26 36 11 32 40 39 13 41 37
22 38 17 13 22 4 3 28 15 31 6 2 18 12 32 40 23 16 39 25 37 14
17 38 17 12 4 30 28 36 15 31 33 6 26 27 18 32 25 16 41 5 37 35 42
19 11 25 20 16 28 4 3 24 7 15 31 34 36 35 2
4 38 12 3 15 11 41 33 6 9 26 36 34 40 16 7 5 37 14 35 42
38 13 23 31 30 24 0 33 9 26 36 18 40 25 16 39 7 5 37
3 13 25 18 30 24 15 0 9 26 34 40 20 29 39 5 37 14
24 26 20 23 16 29 39 41 31 0 34 25 37 14 35 2
36 31 13 27 32 40 11 30 39 42 5 33 14 35 9
15 12 30 28 31 6 34 32 20 25 29 13 41 7 5 37
23 12 25 28 42 31 0 11 6 27 34 20 16 29 13 7 5 37 39
31 34 13 12 7 11 18 27 33 37 35 39
0 12 28 6 9 27 18 34 32 40 20 39 41 2 37 14 35
11 13 30 28 42 33 34 12 32 16 29 39 7 5 25 37 14
41 27 18 20 39 28 30 7 35 2
33 12 28 42 34 6 26 18 40 20 16 29 5 37 14
6 2 26 27 18 34 12 32 40 16 29 39 25 35
2 13 18 30 42 9 26 27 32 40 29 39 7 5 37
26 18 13 32 40 20 25 30 29 7 27 5 35
27 13 32 7 14 34 42 5 37 35 9
18 13 42 12 32 40 20 25 16 39 7 9 37
42 13 32 20 16 29 5 37 14
34 13 30 9 12 40 16 29
12 28 9 32 29 5 25 37 14
30 32 20 16 28 39 25 37 9
32 13 20 5 37 35 9
40 28 20 29 25 9 14
20 25 29 7 5 9
25 16 29 7 5 25 37 14 35
16 9 29 39 7 5 14 35
28 7 28 39 29 13 37
29 13 39 9 37 14
13 5 14 35
7 5 14 9
5
9 37 14 35
37
14 39 35
35 39
39
