#kunkel.py
# GMT Fri Apr 19 10:37:21 2019
# 
1 26 38 19 10 12 21 32 40 31 5 14 29 30 39 42 27 22 0 34 37 6
10 18 17 13 12 38 40 21 28 14 29 39 41 15 23 7 0 5 37 6 9
12 38 28 42 0 17 41 33 6 26 34 32 40 20 21 16 39 7 5 25 14
38 13 21 22 4 30 15 31 0 33 2 27 34 3 32 40 20 29 41 5 9 37
11 17 8 23 19 4 30 28 15 31 33 6 2 36 18 34 3 32 25 16 29 27 41 5 37 35
22 26 19 8 13 40 20 21 16 4 39 7 15 23 0 37 35 2
8 17 23 19 4 30 28 42 0 2 36 18 34 3 40 16 29 5 37 14 35
18 21 4 3 28 15 33 6 9 26 36 32 40 29 27 39 41 5 37 42
4 17 21 19 3 15 41 33 6 27 34 13 23 16 39 7 5 14
30 32 40 23 16 28 6 24 36 42 7 5 33 14 35 9
28 26 21 40 23 19 29 13 41 34 5 0 14 35 2
36 26 23 32 20 25 14 29 7 42 31 41 33 6
42 17 23 24 33 6 9 26 32 20 25 16 29 27 13 7 5 14
23 26 21 32 31 17 29 7 27 25 33 14 15
31 13 32 40 16 24 6 3 39 15 0 25 33 37 14 2
0 3 24 17 9 26 27 19 34 40 21 29 39 5 37 35
17 27 32 40 20 3 39 34 5 15 33 37 6 9
33 13 3 34 33 2 32 40 21 7 5 25 9
6 26 3 32 39 24 7 37 14 35 13
9 13 21 19 3 9 32 40 20 25 39 41 14 35 15
26 25 3 24 34 13 20 27 39 41 21 14 15
27 13 32 20 16 19 3 24 7 5 41 14
19 13 16 24 29 41 39 37 35
34 3 24 15 2 32 20 25 29 41 5 37 35
13 40 2 29 7 25 15 37
3 21 24 15 25 16 29 41 5 37 14
32 40 20 25 41 5 2 37 35
40 29 25 37 21 35
20 21 24 29 39 25 15 2 14
21 15 2 16 39 7 37 14
16 24 29 39 41 5 25 2 15
24 25 29 7 5 37 35
29 2 39 37 14
39 15 25 2 35
41 5 7 41 37 14
7 14 25 35 15
5 2 14 15
25 25 37 35 15
2 15 37 14 35
37 15 14
14 35
35 15
15
