#kunkel.py
# GMT Fri Apr 19 10:33:42 2019
# 
10 26 1 19 18 36 40 37 25 28 4 29 27 24 41 42 23 31 22 2 21 39
38 26 19 11 12 20 22 17 18 4 29 30 42 31 0 34 2 6 35 9
17 19 11 13 25 32 22 16 28 30 24 7 15 27 31 0 2 14 35 39
13 1 14 8 21 40 16 39 4 29 30 24 41 15 0 34 36 6 9
25 36 18 12 27 40 1 24 30 4 3 28 16 42 0 11 35 39
31 1 8 30 24 15 23 31 0 33 26 27 3 32 40 20 21 16 29 41 7 5 37 14 35
1 26 36 18 12 21 40 20 16 39 29 3 24 41 42 34 6 2
18 26 11 8 27 40 20 21 16 39 30 3 24 7 5 33 37
4 8 30 24 15 22 0 33 26 27 34 32 40 20 41 7 37 14 35
30 23 22 28 15 9 19 12 32 40 20 16 24 39 7 14 42
28 12 23 11 24 15 22 0 41 26 27 34 32 21 16 7 37 35 42
36 19 12 8 32 23 39 29 3 7 15 24 22 0 34 6 35 2
42 19 20 23 14 29 3 7 15 5 34 41 37 6 35 9
23 8 27 15 0 41 6 9 26 34 40 21 16 29 39 7 2 14
22 12 27 3 24 0 33 2 26 19 34 32 40 16 9 37 35
0 21 3 15 26 34 40 16 29 27 5 37 14
34 19 8 40 20 39 27 16 5 33 6
41 8 21 24 15 2 26 27 19 11 40 20 16 29 39 5 14
33 19 11 8 21 32 39 5 15 37 2
6 19 11 37 40 20 21 16 29 39 7 27 9 14 2
2 8 21 24 15 9 26 20 29 39 5 37 14 35
26 3 24 15 27 19 11 32 40 29 39 35
27 12 11 3 9 32 20 29 39 7 37
19 12 15 11 32 40 16 29 7 5 37 35
8 8 21 12 9 11 40 16 39 7 5 37 14 35
11 21 15 9 32 20 24 29 39 5 35
12 24 15 9 3 40 20 21 16 29 5 37 14
3 40 37 39 24 7 9 21 35 15
32 9 40 20 16 39 7 5 37 14 35
40 24 7 5 14
20 21 15 29 39 7 5 14 35
21 15 7 14
16 15 9 29 7 5 37 14 35
24 29 39 5 9 37
29 39 5 37
39 15 39 9 37
7 15 9 37 35
5 9 14
9 14 37
37 35
14 15 35
35
15
