#kunkel.py
# GMT Fri Apr 19 09:47:39 2019
# 
1 10 12 21 17 18 3 15 22 0 11 33 2 19 34 30 20 29 41 5 9 37 35 42
10 19 11 8 23 40 29 3 39 42 31 0 5 15 2 37 35 38
12 26 2 13 8 25 40 20 21 4 38 24 7 42 0 33 37 14 15
23 36 19 21 32 28 22 18 4 29 24 7 31 0 5 37 35
22 38 17 13 18 3 24 42 0 26 36 19 30 32 40 21 29 27 39 7 5 14 35
18 17 13 31 4 3 24 42 0 33 6 2 26 19 34 8 16 29 39 41 9 37 14
4 13 21 3 24 15 31 0 33 6 9 36 19 34 32 29 41 5 35 42
38 17 21 31 3 28 15 0 33 6 2 26 27 8 32 20 25 16 24 29 13 37 35 39
3 17 31 24 15 0 33 2 26 36 11 21 16 29 7 37 14 42
28 19 17 13 8 36 32 40 21 29 30 7 0 11 25 37 6 35 9
42 13 21 32 20 30 39 36 34 41 33 6 35
31 11 8 36 32 21 24 29 30 7 5 17 33 6 35 2
0 15 33 26 13 30 32 40 20 29 5 37 14
17 8 24 11 33 6 9 26 36 34 32 40 20 16 39 7 5 14 35
33 21 16 29 30 36 15 27 5 2 35
6 26 19 21 40 25 11 30 7 15 34 41 36
2 8 15 26 36 19 11 32 20 21 39 29 27 13 7 5 37
26 13 25 24 15 34 30 32 40 20 16 8 9 14
36 13 19 11 32 20 24 39 41 5 9 14
19 13 34 8 32 20 21 24 29 27 39 7 25 14 35
11 40 20 21 16 29 30 24 34 25
8 13 7 14 39
13 21 30 15 32 20 16 24 29 41 7 37 14
30 27 16 29 39 9 15 34 25 37 14
32 20 27 7 34 25 14
40 25 20 16 39 24 7 41 37 35
20 29 24 27 34 14 9
21 27 34 25 29 5 37
16 25 39 41 5 34
24 15 34 29 27 5 37
29 34 39 7 25 14 35
27 34 25 5 37 14 35 9
39 41 15 37 14 35
41 34 25 7 15 37
34 15 9 25 14
7 5 25 9 37 35
5 14 35
25 37 35 9
9 37 14
37 15 35
14
35
15
