#kunkel.py
# GMT Fri Apr 19 09:35:28 2019
# 
38 26 27 18 10 8 12 21 32 25 5 29 3 41 31 11 2 37 9
10 13 12 36 32 40 20 25 4 39 15 22 0 33 14 35
8 26 1 18 11 12 20 21 28 29 3 24 41 42 23 0 27 37 6 35 39
25 34 18 17 12 23 11 19 3 28 36 15 40 22 6 39
16 36 18 11 13 27 32 20 4 39 41 15 42 31 34 37 2
31 26 18 13 23 21 30 4 27 39 36 22 0 33 37 6 9
1 36 34 27 32 4 24 7 15 22 0 5 35 2
19 36 17 13 24 39 4 3 28 0 9 37 2
4 18 12 36 32 40 23 14 28 42 11 15 2 6 39
3 11 12 23 32 40 20 24 28 41 42 22 7 15
24 26 9 13 23 40 30 39 7 27 0 33 37 2
42 27 18 11 12 21 32 40 20 23 28 41 15 7 35 13
23 26 36 11 20 22 28 29 34 0 17 39
22 13 36 32 20 29 39 41 34 11 33 6 35 9
0 26 13 36 28 7 15 41 9 14 2
17 26 36 18 12 13 32 20 27 39 21 6 9
15 26 18 12 21 40 34 30 39 41 27 11 6 35
33 27 18 12 40 39 7 2 6 9
6 12 13 39 29 30 28 5 35 2
2 18 11 13 40 27 41 14 5 36 9
26 13 21 32 34 39 27 11 14 9
36 12 29 30 39 37 14
18 13 21 30 27 28 41 7 37 35
11 30 28 9 27 34 12 37 29 13 7 21 14
13 12 34 27 40 28 39 7 37 14
30 27 40 20 14 29 28 5 9
32 40 20 29 28 27 34 14 9
40 27 12 20 29 39 41 37 14
20 5 14 9
21 27 5 29 28 7 34 9 35
41 34 27 14 35
28 27 7 5 34 35 9
29 12 39 27 35
27 34 37
39 12
7 12
34 37 9
5 9 37
9 14 35
37 12
14 12
35 12
12
