#kunkel.py
# GMT Fri Apr 19 09:33:57 2019
# 
38 1 8 12 21 17 4 30 36 42 31 0 10 41 33 26 27 18 11 13 40 20 23 16 39 7 5 14 35
8 10 13 23 19 4 30 24 36 15 31 0 17 33 6 9 27 18 11 3 32 40 20 25 16 39 41 34 37 14
12 1 10 13 21 22 3 28 15 31 0 17 6 2 18 34 32 40 25 39 7 5 37 14 42
21 17 23 19 4 3 24 36 15 31 0 10 33 6 2 26 27 18 11 13 32 20 25 29 39 34 5 14
22 1 17 36 19 3 28 15 31 0 10 41 33 6 9 26 27 18 11 13 30 32 40 20 16 29 39 7 34 5 37 42
1 17 25 31 4 3 28 36 15 10 6 2 26 27 11 13 30 32 24 29 7 5 9 14 42
19 10 31 4 30 28 15 0 17 41 33 6 2 26 27 18 11 13 32 40 20 23 16 29 39 7 34 25 37 14 35 42
17 4 30 36 6 9 26 27 18 11 3 32 40 20 25 29 39 7 5 37 35
4 30 24 42 31 10 6 2 11 13 3 32 40 23 16 29 39 34 5 9 14
3 24 15 31 0 34 33 6 9 26 27 18 11 32 25 29 7 5 37 42
28 18 11 13 32 20 16 6 29 30 39 41 5 0 10 14 35 9
36 30 24 15 0 41 33 6 27 34 32 23 16 29 39 7 5 25 14 35
15 10 31 24 42 0 33 2 26 27 18 32 40 20 23 29 39 41 5 25 9 37 14
31 10 24 0 34 41 9 26 18 11 40 23 16 29 39 7 5 14 35 42
0 18 9 26 27 11 13 32 40 20 23 16 39 7 42
10 34 41 33 26 27 18 11 13 16 29 39 7 5 35
41 23 18 30 6 2 26 11 13 32 40 20 25 24 7 5 35
33 6 2 26 18 34 13 32 20 25 16 29 39 7 9 37 35
6 2 18 34 32 20 24 29 13 7 9 37 14 35 39
9 23 26 27 11 40 20 25 16 24 29 39 7 42
26 13 30 24 27 11 32 40 20 25 16 39 7 5 14 42
27 24 18 11 13 32 40 20 23 16 39 7 34 5 37 14
18 30 2 11 13 32 40 16 29 39 34 5 35 42
11 42 2 32 23 16 39 14 35
13 30 24 2 34 32 40 20 23 16 29 39 5 25 37 14
30 25 2 40 16 29 39 7 5 37 14 35
32 24 16 29 7 34 5 42
40 23 24 25 16 39 2 37 35 42
20 34 23 24 39 7 5 37 14 35 42
23 24 2 16 39 5 35 42
16 42 2 25 39 5 14 35
24 25 2 34 7 37 14
29 2 25 39 7 5 14 35 42
39 7 34 5 25 37 35 42
7 42 2 34 5 37 14
34 42 2 25 5 37
5 37 14
25 2 14 35
2 37
37 14 35
14 35 42
35 42
42
