#kunkel.py
# GMT Fri Apr 19 14:54:24 2019
# 
38 1 10 8 21 4 30 28 42 7 0 6 13 3 32 40 20 23 24 39 41 12 35 15
22 36 19 17 12 13 23 32 25 18 6 29 3 24 7 15 5 0 11 33 14 9
10 10 8 21 18 4 30 28 15 31 0 6 2 36 19 20 25 24 29 9 14 35 42
8 19 36 32 40 25 16 18 30 24 42 27 31 5 15 33 37 6 35 9
21 1 4 3 24 42 0 11 41 33 2 27 34 32 40 20 21 29 7 25 9 14 35
31 19 11 13 30 40 34 16 29 3 28 7 42 0 17 33 37 6 12
1 17 13 23 4 30 24 15 0 33 6 9 27 40 29 39 41 37 14 35 42
18 26 36 17 12 27 32 40 25 16 39 14 29 24 34 2 37 6 9
2 13 4 28 0 11 33 9 26 27 19 34 32 20 16 29 39 41 5 14
4 12 30 28 15 34 26 27 11 13 3 40 20 24 5 25 14 35
30 30 28 42 0 17 33 9 27 34 13 40 23 16 29 39 5 15
28 12 23 24 15 33 6 13 32 20 16 29 39 41 7 37 14 35
42 12 24 11 26 36 34 3 37 23 16 29 27 39 7 5 25 14
7 19 11 12 40 16 3 23 5 0 34 37 6 35 39
0 12 23 17 26 36 19 13 3 32 40 41 9 37
17 26 13 23 16 24 41 5 33 37 6 9
33 12 23 9 26 27 19 11 32 20 25 29 5 37
6 36 15 41 26 27 19 16 24 29 5 37 35
9 32 20 23 16 3 36 34 25 35
26 12 25 24 19 11 13 32 40 20 16 29 39 41 5 15
36 12 23 24 27 19 11 32 40 20 39 41 5 14 15
19 3 24 15 27 19 40 20 16 5 37 14 35
11 34 12 13 32 20 29 3 23 25 37 35
13 12 34 3 32 40 20 23 16 39 5 25 35
3 24 41 27 34 20 25 16 39 14 15
32 12 15 32 40 23 16 29 27 39 5 14 35
40 25 34 20 23 29 39 5 37 35
20 12 15 34 23 16 27 39 35
23 25 39 24 35
16 25 27 24 41 12
24 29 5 25 37 15
29 34 25 39 41 14
27 14 39 41 35 15
39 25 41 5 37 35 15
41 5 25 37 14
34 5 15 37 14
5 25 12 37 35 15
25 25 35
12 37 14 15
37 14 15
14 35 15
35
15
