#kunkel.py
# GMT Fri Apr 19 14:52:47 2019
# 
38 17 12 23 22 30 24 15 31 10 33 6 2 36 18 40 16 28 27 7 5 14 35
17 10 13 1 17 3 24 15 22 0 11 33 2 19 34 40 20 23 29 41 5 25 21
12 8 21 1 30 24 15 31 34 2 26 27 18 11 20 16 29 39 7 9 37 35
23 10 13 25 3 15 22 33 9 26 36 11 40 21 29 39 41 5 37 14 35
11 1 13 8 18 24 7 0 10 6 9 26 27 19 34 21 16 28 41 37 35
22 10 13 1 19 28 15 31 0 33 6 2 18 8 32 20 16 39 41 7 5 42
1 13 25 19 30 28 15 31 34 33 6 9 26 27 18 16 29 39 41 14 35 42
19 3 13 8 25 32 40 4 30 36 15 31 7 37 35 2
4 26 27 34 21 40 20 16 18 28 3 24 41 42 31 15 33 37 6 35 9
30 26 10 32 20 25 18 14 39 36 15 7 0 5 41 6 35 2
24 10 13 25 3 24 42 31 0 34 2 26 36 40 27 39 8 9 37
15 8 28 42 10 2 36 34 3 16 39 27 13 41 5 35
31 8 13 3 28 0 36 32 40 20 21 16 29 41 37 14
0 13 10 6 9 26 8 3 20 28 29 39 41 5 2 37 14 35
10 13 25 34 41 6 9 26 36 8 28 39 7 5 14
41 8 3 28 27 25 16 39 7 5 21 14 35 42
33 26 18 40 20 29 5 9 14 35 2
6 18 13 8 32 20 25 16 29 28 27 37 35 2
2 26 3 32 20 25 29 7 34 35
26 34 9 27 18 3 20 21 16 39 14 35
36 13 25 28 21 9 36 8 3 32 40 29 39 7 37 14 42
18 3 32 40 29 28 7 42 27 5 37 9
34 42 25 40 20 21 39 29 28 27 9 35
13 8 9 32 21 16 39 7 37 42
3 28 9 32 25 16 29 37 14 42
32 25 8 16 29 28 7 39 42 27 5 35
40 8 7 20 29 27 28 42 5 39
20 8 25 28 42 9 21 16 7 14
25 42 7 27 21 16 5 9 37 35
16 8 28 9 29 14 42
28 28 21 29 27 39 5 37
29 8 42 21 5 35
27 8 21 9 5 37 14
39 21 8 5 37 42
7 42 9 21 8 37 14
9 42 5 35
37 14 21 35
5 42 8
8 21
21 14
14 42 35
35
42 42
