#kunkel.py
# GMT Fri Apr 19 14:50:48 2019
# 
1 36 19 10 13 12 21 32 11 25 24 30 28 8 27 22 17 41 14 9
10 38 12 4 3 28 15 31 0 6 2 26 19 11 8 30 32 20 16 29 41 7 5 14 42
12 8 25 19 4 3 24 22 17 33 6 2 18 32 40 20 23 16 29 7 37 14 35
25 17 41 22 19 30 24 15 31 11 6 9 36 18 34 20 27 7 37 35 42
31 27 18 13 23 16 6 29 28 7 5 34 36 33 37 14 35 38
18 17 23 22 3 15 11 2 26 34 30 32 16 29 7 5 9 21 14 42
4 23 3 24 15 17 33 6 9 26 36 19 34 8 30 40 27 39 7 5 37
38 8 21 3 24 15 17 6 9 26 36 11 40 20 39 41 34 5 2 35 42
30 8 40 20 23 28 27 24 5 15 22 11 37 6 35 2
24 3 19 17 13 40 20 29 28 7 27 22 0 11 14 2
15 8 28 42 22 0 17 26 36 34 20 29 39 41 5 14 35
23 17 19 3 28 42 22 0 6 2 36 13 32 40 39 41 5 37 14
22 26 11 13 32 16 28 8 0 5 2 35 39
0 13 3 17 33 2 26 27 34 32 40 20 16 28 29 7 9 14
17 19 6 9 27 34 8 40 29 39 41 2 37 14
41 3 28 33 6 2 26 36 19 34 32 20 29 39 5 37 42
33 8 13 27 28 42 34 6 9 36 19 11 32 40 16 5 37 35
6 8 3 28 21 34 11 13 32 40 29 7 37 14
9 3 28 9 26 27 32 40 20 16 39 7 21 14 35
26 34 8 21 32 7 39 5 3 28 42 11 37
36 19 34 13 11 20 39 3 28 27 21 14 2
19 42 7 2 27 34 8 32 29 39 37 14
11 13 42 2 34 32 40 28 29 27 39 7 37
13 8 3 42 32 20 21 29 27 39 7 5 14
3 8 3 2 34 40 20 21 29 27 37 14 35
32 8 34 32 40 16 39 37 35
40 8 20 16 7 42 37 35
20 21 16 42 7 5 2 35
21 34 8 29 16 39 14 28 7 42 5 2
16 28 42 5 35
28 8 5 2 35 42
29 8 2 7 5 14 35 42
27 8 42 34 27 39 7 37 14 35
39 39 7 5 37 14 35 42
8 7 37 35
34 14 5
7 42 7
5 37 42
2 37 35
37 42 35
14 35
35
42
