#kunkel.py
# GMT Fri Apr 19 14:50:24 2019
# 
38 13 21 30 24 22 0 33 9 26 36 12 32 40 20 23 16 29 27 7 5 14 35
10 1 17 8 21 4 22 0 34 41 6 9 26 27 19 11 20 23 16 7 2 37 14 35
12 26 18 36 32 37 25 19 4 6 30 41 42 7 9 21 14 35 2
21 13 1 4 3 28 0 33 9 36 19 11 32 40 25 39 41 5 37 35
11 1 8 23 31 30 42 22 0 17 33 6 9 36 19 39 7 5 2 37 14
31 26 27 17 13 8 25 16 24 30 14 29 3 28 7 42 22 33 36 35 39
1 13 25 4 3 23 15 34 6 9 26 36 18 32 20 16 7 2 14 35 42
18 8 4 30 24 42 22 0 33 6 27 19 34 3 32 40 20 29 7 14 15
2 17 4 30 28 42 22 0 33 26 27 3 32 20 16 29 39 41 34 5 14 35
4 19 24 15 6 26 34 32 20 23 16 29 39 25 9 14 35
30 17 8 25 19 28 15 33 6 36 40 20 23 27 41 37 14
24 17 23 32 20 22 5 29 3 28 7 0 34 25 33 6 35
42 13 23 3 28 15 34 41 33 36 40 25 16 39 7 5 14 42
22 26 33 8 27 16 28 14 29 3 15 9 37 6 35
0 17 13 19 3 28 0 34 33 6 32 40 23 41 5 25 9
17 36 8 40 25 5 29 3 7 15 33 37 35
41 13 7 33 6 9 26 27 19 3 25 29 39 8 5 14 35 15
33 8 6 27 13 32 16 39 7 5 9 14
6 13 25 28 9 27 8 23 29 39 37 35
9 8 36 34 27 13 3 23 29 39 7 5
26 13 23 8 3 15 27 19 34 40 20 16 5 37
36 3 28 36 19 8 40 23 29 27 39 7 5 25 37
19 3 20 8 39 28 34 27 7 37 15
34 27 40 20 23 39 28 3 5 15 35
13 8 32 16 39 29 3 28 40 27 5
3 23 29 7 25 37 14 35
32 40 16 28 15 35
40 8 16 28 39 7 27 23 15
20 8 28 23 16 29 39 7 5 37 14 35
23 8 23 39 25 37 15
16 15 29 27 28 7 25 37
28 8 25 27 14 35
29 7 39 5 35
27 25 15 27 39 5 37 14
39 8 5 37
7 8 37
5 8 25 14 35 15
25 37 14 15
8 14
37 15 35
14 15
35 15
15
