#kunkel.py
# GMT Fri Apr 19 14:49:52 2019
# 
1 36 18 10 13 21 23 16 19 30 4 6 3 28 41 0 33 37 14 35 9
10 26 19 34 8 36 20 17 3 42 0 5 37 6 35 2
13 26 19 12 27 32 25 28 6 38 3 24 41 15 22 0 5 33 37 14 42
21 17 8 38 4 30 28 15 31 0 33 2 26 19 11 32 25 24 29 7 37 14
11 17 12 19 24 42 31 11 33 6 9 26 18 34 8 23 16 29 39 5 2 37 14
31 17 12 18 3 28 42 22 41 9 27 19 34 32 40 20 25 39 7 5 14 35 15
19 12 4 24 42 0 33 9 26 27 34 32 40 20 25 39 41 37 35
4 2 32 40 18 29 3 28 42 24 5 15 33 38 14 35 9
38 38 17 30 24 15 22 41 26 27 18 3 40 20 16 29 39 7 5 14
30 12 3 28 42 23 22 0 6 9 26 36 8 32 40 16 39 7 37 15
28 26 34 25 29 3 39 41 42 0 36 33 37 14 9
42 17 23 24 15 22 6 9 26 36 8 3 40 27 39 14 35 12
22 17 8 23 0 33 2 26 36 34 32 16 27 7 5 9 14 15
0 12 17 9 26 27 34 3 40 20 25 16 29 2 35
17 18 12 7 40 20 29 3 41 25 37 36
15 25 24 36 26 27 8 3 32 20 23 16 41 7 35 12
33 26 6 12 32 40 39 29 3 34 24 27 14 18
6 12 23 41 2 26 27 18 34 3 32 40 20 29 7 35
9 12 23 18 24 34 27 3 32 20 25 29 39 5 35
26 34 8 18 2 5 27 36
36 12 23 41 18 8 3 20 25 16 39 7 5 37
18 12 27 8 40 20 16 29 41 5 14 35
34 27 8 25 32 20 39 2 14 41 35
8 12 24 23 3 20 25 16 29 41 5 37 14
3 20 23 41 5 14
32 12 24 41 40 25 16 29 39 7 2 37
40 12 41 24 2 27 16 29 7 5 37
20 25 24 2 29 39 7 14 35
23 25 16 14 39 7 27 5 2 37 35
16 25 24 2 16 29 39 41 5 14 35
24 12 41 25 29 39 7 35
29 2 27 25 29 39 7 14
27 12 41 2 27 25 39 7 5 37
39 25 41 7 2
41 25 37 35
7 37 14 5 35
5 12 37 2
25 14 35
2 37 35
37 14 35 12
14 35 12
35 35
12
