#kunkel.py
# GMT Fri Apr 19 14:49:39 2019
# 
38 10 8 23 22 3 28 15 31 0 17 33 6 36 18 13 32 20 25 24 29 7 5 42
10 19 34 8 13 36 20 21 2 14 24 7 42 0 5 25 33 37 6 35 9
8 13 21 4 3 28 15 7 9 27 19 11 12 32 40 20 41 5 2 14 42
23 17 1 22 4 30 28 42 31 6 9 26 19 34 32 20 21 39 41 7 5 37
11 26 18 13 25 40 20 22 16 28 30 39 7 15 31 0 33 37 35 9
22 1 17 12 4 30 15 22 0 21 6 2 26 34 20 16 29 41 37 14 35 42
1 36 17 13 40 20 31 28 4 29 30 24 41 15 5 25 21 6 35 2
19 18 30 28 0 17 33 6 2 27 19 34 3 20 16 24 29 39 9 37 14
4 30 28 33 6 2 26 27 34 13 32 21 16 29 39 41 5 14 12
3 17 27 25 16 18 7 34 31 5 41 33 14 9
28 25 18 24 7 0 34 6 9 27 12 40 29 39 41 21 35
15 31 30 24 42 0 2 26 27 13 20 16 29 39 41 9 14 12
31 26 18 13 40 16 5 24 36 27 7 34 33 21 14 42
0 17 12 21 18 41 6 27 40 20 16 24 29 39 7 37 35
17 18 24 41 2 27 34 20 25 16 29 39 7 37 14 35
12 27 30 6 2 26 36 18 34 13 32 40 24 29 39 37 14 35
33 13 21 30 24 42 36 34 32 40 20 25 29 27 39 41 7 37 35
6 13 42 6 9 36 20 16 24 29 7 5 14 35
9 26 27 34 13 40 20 25 16 30 7 37
26 36 18 32 40 20 29 30 27 34 25 21 35 42
36 13 24 41 2 18 40 20 21 16 39 7 5 37 14
18 20 21 16 39 34 27 37 14 35 42
34 13 42 32 40 25 2 21 14
13 24 32 25 16 7 2 37 35
30 20 25 29 27 24 5 37 14
32 24 42 7 27 40 20 21 16 29 39 41 5 37
37 42 25 16 29 27 39 5 21 35
20 40 25 39 2 42
25 41 40 16 24 39 7 5
16 40 21 27 41 14
24 2 40 29 39 7 21
29 2 27 40 35 42
41 7 39 42 2
39 2 27 5 21 35 42
7 5 2 35
27 21 40 35 42
40 5 21
5 14 42 21 2
2 21 35
21 21 14 35
14 35 42
35 42
42 42
