#kunkel.py
# GMT Fri Apr 19 14:47:15 2019
# 
1 10 12 21 3 28 22 0 33 6 26 36 18 34 30 32 40 20 23 16 39 7 14
10 26 18 11 8 21 20 25 16 19 30 28 7 27 31 0 5 33 35 2
12 18 17 8 36 32 40 23 19 29 28 7 42 31 34 25 33 37 14 39
21 38 8 30 24 15 31 0 17 6 9 36 19 11 20 16 28 27 41 5 35
31 26 27 18 13 11 20 23 14 29 30 7 15 17 41 2 6 9
17 38 34 8 25 32 40 28 4 30 24 9 0 42 22 5 33 14 2
19 8 4 28 15 22 0 2 36 32 40 23 16 29 27 39 7 14 35 42
4 36 11 8 13 23 40 25 16 18 14 29 24 7 34 5 41 37 6 9
38 8 25 3 28 15 23 22 34 33 2 36 18 11 13 32 16 39 41 5 35 42
3 13 30 24 7 0 33 6 26 36 18 11 8 40 20 23 29 39 41 5 37 35
28 26 32 39 36 15 5 7 25 6
42 23 18 30 24 15 22 33 6 2 26 27 11 13 32 25 39 8 37 42
22 13 30 24 0 6 2 26 27 11 40 25 16 29 41 5 14 15
0 26 13 32 11 20 25 29 41 34 27 9 40 35 15
11 8 24 33 2 36 18 34 20 23 27 39 7 25 9 15
41 8 24 15 33 9 36 18 34 13 32 40 16 29 7 5 35
33 8 7 34 33 9 23 16 29 13 5 2 37 14 35
6 18 34 36 24 9 23 5 25 2 14 35 15
2 27 30 24 9 36 32 40 23 7 5 14 35
26 13 27 24 36 18 30 32 40 25 29 39 7 37 14 35 15
36 13 24 23 7 9 30 39 5 37
18 13 24 9 27 32 20 23 16 29 25
34 8 30 24 15 9 27 32 40 16 29 39 5
8 40 25 16 5 30 7 37 15
13 23 9 30 29 27 7 37 14 35 15
30 24 40 20 23 16 29 39 7 37 15
32 40 20 16 27 5 15 9 39
40 23 24 15 27 40 25 39 9 37 14 35
20 23 16 39 24 5 15 27 25 37 35
23 23 29 27 9 37 14
16 15 9 29 5 25 37 14
24 29 39 7 37 14 35 15
29 27 25 39 37 14 35
27 39 37 14
39 7 37 35
7 25 15 7 35
5 15 25 37 35
25 14 35
9 9 37 14 35
37 15 35
14 15 35
35
15
