#kunkel.py
# GMT Sun Apr 21 19:34:37 2019
# 
8 37 7 41 10 17 33 2 28 26 16 36 15 22 32 40 4 3 19 38
27 24 30 18 12 25 22 34 28 19 7 10 20 16 35 0 1 38 5 17 4 26 39
18 42 24 2 7 14 36 25 3 9 15 13 40 33 21 23 31 1 5 4 26 0
42 2 30 13 14 34 25 22 32 9 0 31 7 41 40 21 15 11 1 5 12 26 39
24 34 41 0 31 21 22 23 16 14 38 20 25 5 32 1 4 19 9 17
2 37 13 41 10 29 21 30 16 35 20 26 34 17 4 39 31 9 6
9 0 3 41 29 30 14 21 12 25 28 22 4 35 5
30 29 36 34 22 40 28 0 13 41 10 33 21 31 11 1 17 4 38
13 31 3 41 37 33 14 21 11 20 22 32 17 35 5 38 39
14 15 10 21 29 16 35 25 20 26 22 32 34 4 3 17
36 20 25 22 34 28 4 19 7 41 40 33 16 15 11 1 17 12 38 6
12 20 25 22 32 3 0 31 7 41 40 23 16 35 15 1 17 4 39 38 6
20 37 40 17 29 7 41 15 33 5 10 4 3 39 6
3 29 25 34 28 37 41 40 21 0 5 17 4 6 26 39
22 7 32 28 15 41 0 21 29 23 35 31 19 34 38 6
32 15 33 29 26 23 16 0 5 25 17 35 19 6
40 37 7 10 29 21 23 35 0 16 15 1 31 39
28 31 34 25 37 10 33 21 38 35 15 11 1 19 5 17 26
31 7 10 15 41 21 29 23 16 35 0 11 38 5 4 26 6
19 7 37 33 16 5 34 39 26 6
29 1 37 15 34 5 35 38 25 10 4 6
0 37 21 5 23 41 16 26 4 39
37 7 34 17 41 33 21 23 16 11 1 26 38 6
7 21 33 23 35 11 26 34 6
41 25 10 33 23 16 34 38 39
10 23 16 1 38 34 35 26 39
33 17 15 23 11 38 5 34 39
21 34 25 35 15 5 38 6
6 34 25 4 23 11 1 38 5 26 39
34 16 1
23 25 23 35 11 1 15 26 39
16 1 11 15 39
35 1 5 38 25 39
15 17 15 11 1 5 4 38 39
11 5 11 25 39 38 1 4 26
1 26 5 38
38 25 17 26
5 39
17 25 4 26 39
4 25 39
39 25 26
26 25
25
