#kunkel.py
# GMT Sun Apr 21 19:33:00 2019
# 
8 27 29 2 7 14 12 28 9 37 13 3 40 20 33 21 24 23 35 11 5 17 39
27 42 29 2 30 20 25 22 32 28 9 41 40 33 21 24 23 11 1 38 34 39 26 6
18 42 29 26 13 14 36 34 25 28 9 37 7 41 20 33 23 16 31 19 17 38 6
42 42 30 34 25 32 28 9 37 7 41 0 33 23 16 15 1 5 4 39 6
29 14 34 25 32 3 0 37 41 10 21 23 35 15 1 5 17 4 6 26 39
2 7 41 10 33 21 6 38 30 13 16 31 11 25 22 40 4 28 26 39
22 13 36 12 25 32 10 3 37 7 28 40 21 23 35 11 1 17 39 26 6
30 7 41 37 24 36 14 31 21 11 34 15 17 12 4 19 26 39
7 24 12 28 19 36 13 20 21 23 35 17 11 1 34 4 6 39
14 34 3 19 0 36 13 40 33 21 35 31 11 1 5 17 6 38 39
36 24 26 34 32 3 9 0 41 33 23 35 31 11 19 5 17 12 38
32 34 16 10 3 19 37 13 28 40 23 31 35 15 11 9 39 38 25
41 20 25 40 19 0 37 13 41 10 35 31 11 15 5 34 12 26 6
12 15 40 24 33 23 39 31 11 20 4 6 19 0
25 20 3 9 31 40 28 39 15 11 1 19 5 4 6 38 0
17 0 10 24 33 13 31 20 16 35 28 4 38 39
34 40 21 23 31 20 26 5 34 4 28 19
10 37 13 40 38 33 23 16 35 0 21 11 20 15 3 9
3 37 13 40 9 0 16 1 35 26 39
9 13 33 21 6 38 35 15 19 5 4 26 0
0 24 31 13 21 28 16 35 15 1 19 5 4 38 39
37 40 21 23 16 35 31 1 26 5 4 38 6
13 40 33 5 15 19 28 26 6
28 24 19 15 40 23 35 31 5 4 26
40 5 16 31 1 11 38
33 6 23 38 5 20 39 19
21 5 11 26 15 35 19 39
24 31 20 38 23 16 15 4 26
23 19 15 11 1 5 4 38
16 15 5 38 35 1 11 20 26 39 19
35 1 19 5 4 26 6
31 20 4 19 11 39 6
15 1 11 20 26
11 19 38 6
1 5 20 38 39 26 6
38 20 19 4 26
5 19 20 4 6 26 39
20 6 39
4 6
6
19 39
26
39
