#kunkel.py
# GMT Sun Apr 21 19:31:17 2019
# 
8 27 42 24 2 7 18 12 25 22 3 19 13 28 40 33 23 16 35 11 1 5 17 4 26
27 42 24 2 18 12 25 22 10 9 36 7 41 40 33 29 16 35 31 4 26 0
37 42 2 30 7 36 20 22 10 28 3 13 41 40 33 16 15 11 1 5 12 26 0
42 42 29 3 30 7 36 34 25 28 9 13 41 0 23 35 31 11 15 5 20 4 19 6
24 24 7 12 25 17 40 3 9 13 10 33 21 29 23 35 31 1 26 34 38
2 29 30 14 18 20 32 10 3 13 40 33 21 23 15 11 1 5 34 26
30 10 33 23 14 0 11 1 25 5 32 20 35 19 9 6
7 26 31 34 25 40 9 13 10 21 16 35 0 11 15 4 6 19 38 39
38 14 36 34 22 32 3 19 18 41 40 20 21 29 16 35 31 11 12 4 26 0
18 13 25 29 6 9 26 23 11 20 22 32 17 12 3 4 19 39
32 17 20 25 22 19 31 41 10 33 21 16 35 0 11 1 5 34 4
41 40 29 26 23 31 14 36 11 15 5 12 35 19 39 9 0
12 13 0 36 14 5 20 15 4 28 39 26 25
25 22 3 0 13 28 10 20 33 29 23 16 31 15 17 26 6
22 40 31 15 29 16 33 1 5 34 14 19 17 39
34 13 14 40 5 16 23 0 11 1 9 17 28 6
10 3 19 28 0 33 21 23 16 35 31 11 15 5 17 6
3 20 40 3 0 13 28 21 29 31 17 6 26 39
19 31 13 33 5 14 26 9 28 39 6
14 31 13 17 33 9 23 16 0 21 11 4 6 39
15 29 36 20 9 33 21 16 35 17 1 39 26 6
36 1 40 29 31 35 21 17 4 28
13 20 33 21 6 29 23 35 31 11 1 9 39 0
28 21 5 23 31 16 1 40 20 4 6
40 29 9 16 35 1 17 4 0
20 33 9 23 21 1 11 17 0
33 31 9 16 5 17 4
21 31 29 23 16 35 26 5 17 4 39
29 6 23 11 4 31
23 17 9 0 11 1 5 26
16 17 9 35 5 4
35 9 11 1 26 4 39 6
31 11 1 26 17
11 9 1 5 6
1 17 26 6
9 0 26 39
5 39 6
17 0 6 39
4 0 39
6 26 39
39 0 26
26
0
