#kunkel.py
# GMT Sun Apr 21 19:44:54 2019
# 
8 29 36 14 18 20 22 32 40 28 9 37 13 10 33 16 31 15 5 17 4 38 39
27 37 13 28 10 24 21 33 30 7 16 35 25 40 32 17 4 3 26 39
34 37 7 41 40 42 2 30 23 31 14 36 18 11 20 19 5 32 4 26 9 39
42 2 30 14 20 22 32 3 19 37 13 40 33 35 0 11 1 15 5 12 39 38 6
29 37 41 40 24 2 38 30 23 14 36 12 15 35 32 17 4 28 19 6
2 36 14 18 25 17 28 19 31 3 41 33 21 16 35 15 11 5 20 39
30 7 41 21 28 26 31 11 15 22 32 1 12 3 4 19 0
7 13 41 24 3 9 33 0 25 20 4 28 26 6
36 31 14 12 25 22 10 3 0 37 13 41 40 21 16 15 11 1 26 17 4 38 39
14 25 17 19 31 13 41 40 21 24 16 35 15 9 5 12 4 0
18 24 20 22 40 3 9 0 13 41 10 33 21 16 15 11 1 26 12 38
41 13 12 22 28 20 21 23 35 31 15 5 6 38 0
20 13 25 32 10 3 9 40 23 31 1 12 4 6 26 39
25 28 33 24 23 16 38 11 15 1 12 3 4 9 0
22 40 24 21 23 16 35 0 12 9 5 10 4 17 19 39
32 13 28 40 21 24 23 33 1 17 35 3 39 19 6
40 12 3 37 13 28 10 33 21 24 0 1 4 38
28 9 24 13 37 23 21 11 33 38 6
9 37 10 17 24 15 33 26 13 35 4 19 0
0 24 3 33 23 35 11 1 17 4 6 38 39
37 10 15 33 24 23 35 31 11 1 5 17 4 26 6
13 24 3 10 33 21 35 5 12 4 38
3 24 19 31 10 35 15 11 17 6 38
10 23 11 16 17 12 19 26 6
33 21 23 16 1 38 4 26 39
21 19 21 23 16 15 11 1 26 39 38 6
6 31 23 16 35 15 11 1 26 17 12 39 38
24 23 16 35 31 11 38 17 26
23 1 17 16 35 39 19
16 12 31 16 35 15 11 1 26
35 31 19 1 5 39
31 1 11 15 5 4 39 26
12 1 5 11 4 17 19
11 11 1 4 38
1 15 5 4 39 26
15 19 5 17 4 38
5 4 17 19 39
17 26 39
4 19
26 38 19
19 39
38 38 39
39
