#kunkel.py
# GMT Sun Apr 21 19:29:02 2019
# 
8 27 17 29 14 36 34 25 22 32 28 19 13 41 23 16 0 11 20 4 6 26 39
27 36 41 40 42 24 2 22 28 23 37 14 18 1 5 34 17 12 35 19 6
18 28 33 2 24 30 23 37 15 21 11 12 19 5 32 17 4 39 9 6
37 15 7 28 10 31 24 21 29 16 0 2 41 12 32 40 3 39
17 42 29 14 41 12 25 22 28 9 36 7 3 20 33 21 23 16 35 0 5 34 38 39
24 31 29 30 14 12 3 42 41 10 33 21 23 16 15 1 26 6 38 0
2 29 30 36 20 22 40 7 41 10 33 21 16 31 1 15 5 34 6 38 39
30 42 14 34 22 40 28 9 0 41 10 21 16 35 15 11 4 6 38 39
7 29 26 14 36 32 28 19 41 40 33 16 35 31 11 15 5 4 6 38 39
14 13 36 20 25 22 40 3 9 41 10 21 35 11 5 12 4 39 26 6
36 9 36 12 32 28 19 41 10 33 21 23 0 26 5 38 6
26 13 34 22 32 3 9 40 33 21 29 23 16 35 31 11 19 4 38
34 13 28 40 42 29 38 0 1 25 39 32 12 3 4 6
25 22 32 40 19 13 10 20 33 16 35 15 11 1 9 5 12 38 6
22 42 29 20 9 13 41 40 16 35 0 5 12 4 38 39
32 15 10 31 38 23 35 0 20 5 12 4 9
10 15 29 41 42 20 33 16 21 1 12 31 19
3 42 20 4 9 13 40 33 23 31 11 1 38 5 12 19 39
4 28 40 31 20 13 0 35 1 12 9
9 15 13 31 29 21 0 11 1 5 6
42 20 28 0 13 33 21 29 16 35 31 11 5 39 6
0 13 41 20 21 29 23 16 35 15 11 5 12 38
13 40 21 23 35 16 5 39
41 15 33 23 11 1 35 38
40 19 21 23 16 31 1 38 5 20
33 29 16 33 38 20 35 12 19 6
21 20 28 29 23 35 1 19 5 39
31 20 29 23 16 11 12 1 19 39
29 20 28 23 16 11 38 12 6
28 16 11 1 39 19 6
23 12 19 35 11 1 38 5 6
16 12 15 11 6
35 12 19 20 5 6 39
15 11 19 38
11 19 1 5 6
1 20 19 12 38 39
19 20 38 5 12 39
5
20 39
12 12 6
6 38
38 39
39
