#kunkel.py
# GMT Sun Apr 21 19:28:37 2019
# 
8 15 7 41 40 33 21 30 23 16 14 31 18 36 11 34 5 17 35 39 26 6
27 37 7 41 10 42 24 2 33 30 13 16 23 18 36 11 34 15 32 26 3 9
42 24 2 30 20 32 28 9 15 7 41 33 21 29 31 11 19 5 17 6 26 0
37 24 2 18 34 25 17 32 40 3 19 7 10 33 21 29 31 11 5 20 12 26 39
2 29 3 7 14 36 20 17 10 28 9 13 41 40 33 35 31 19 34 4 38 39
30 29 34 25 22 32 28 9 15 3 40 33 24 31 11 1 5 20 38 6
13 7 28 10 33 23 16 14 36 12 19 32 17 35 3 38 0
36 28 29 21 38 7 14 18 11 15 22 32 17 35 3 4 9 39
14 0 40 31 33 24 7 16 35 21 20 25 34 17 12 28 39
18 41 6 24 28 23 16 35 38 12 19 5 32 20 3 9 39
34 29 12 22 32 28 41 10 33 23 0 11 1 17 4 26 39
25 10 29 21 16 15 1 9 5 32 40 4 35 39 19 6
22 1 31 7 10 40 38 16 35 11 19 5 32 17 12 3 4 26 6
32 24 7 40 3 9 10 33 21 31 1 19 17 12 38 0
10 29 3 40 21 24 23 35 11 1 5 20 12 39 26 6
3 24 12 28 3 21 23 16 35 31 15 17 6 38 0
4 15 40 17 20 33 24 26 16 21 11 1 6 19 9 0
9 0 33 7 31 23 21 1 5 17 35 38 39
0 41 19 33 29 28 23 15 38 35 17 12 24 6
31 29 20 7 41 40 33 24 23 16 35 1 26 6
7 16 24 21 11 12 15 17 35 6
41 29 19 33 21 23 16 35 15 11 1 5 20 38 39
40 20 28 19 33 21 1 15 5 12 26 39
20 29 20 33 21 24 23 1 26 5 12 38 6
33 24 38 33 21 23 35 15 19 26 39
21 24 28 23 15 26 5 38 39
29 1 24 35 16 11 28 39 6 38
24 17 28 19 23 16 15 11 12 38
28 23 16 35 15 26 5 17 38
23 17 35 1 26 5 38
16 6 26 12 19 38 39
35 19 39 15 6
15 12 11 26 38 6
38 19 12 26
11 26 12 19
1 17 5 6
19 12 5 17 6
5 39 12 17 6
17 26 39
12 39 26
39 6
26 6
6
