#kunkel.py
# GMT Sun Apr 21 19:28:20 2019
# 
8 1 13 41 42 24 3 29 30 38 35 0 11 20 25 22 32 34 14 28 19 39
27 15 13 3 40 24 2 30 23 16 14 18 11 17 35 28 38 6
37 42 24 14 18 34 25 22 3 9 17 7 28 21 29 16 0 11 1 19 5 12 6 38 39
42 42 29 30 18 34 25 32 3 9 13 41 10 21 23 16 35 31 1 15 5 20 4
24 41 10 6 9 33 30 14 15 11 19 17 32 40 4 3 26 0
2 23 18 40 31 29 38 30 13 14 36 12 20 15 5 17 4 3 39 19 6
30 36 12 32 10 28 19 18 7 40 33 23 16 31 1 15 17 39
7 15 41 10 21 9 5 35 16 14 36 1 25 22 32 20 4 3 26 39
36 0 10 33 9 13 16 23 31 11 1 26 22 32 12 4 3 38 6
14 40 13 16 23 31 21 12 1 39 34 35 3 4 9 0
18 12 25 17 28 13 41 40 33 21 35 15 11 1 5 20 4 26 6
26 41 21 33 23 11 20 15 5 32 38 28 19 9 39
20 34 25 22 32 19 31 41 10 33 35 15 11 5 17 12 6
25 10 29 21 13 35 9 22 34 1 3 19 0
22 41 10 17 29 6 16 11 40 1 12 3 4 9 0
32 9 41 40 33 21 29 23 0 1 34 4 39 38 6
10 15 41 40 21 29 38 16 33 34 12 28 31 19
3 29 12 9 13 41 33 35 15 11 19 5 39
31 13 41 29 9 21 19 5 34 1 12 35 38 17
19 40 0 41 35 15 1 5 34 6 38 39
17 17 28 13 41 0 33 23 16 5 34 4 6 38 39
4 13 34 9 41 40 33 29 35 0 5 12 39 38 6
15 1 9 33 23 16 35 11 34 6
13 29 34 41 33 21 16 11 1 38 0
41 34 28 0 21 29 23 16 35 5 39
40 5 23 12 35 1 28 6
33 34 0 21 29 16 11 5 6 39
21 23 9 11 5 38 35 39 0
29 34 9 28 23 11 1 39 6
28 23 16 38 11 1 5 34 12 9 39
23 34 0 16 35 11 39 6
16 0 35 1 5 6 38 39
35 9 0 11 5 34 6 39
0 34 12 0 11 1 5 6 38 39
11 5 12 38
1 12 9 38
9 34 12
5 12 6
34 38
12 6 38
6
38 39
39
