#kunkel.py
# GMT Sun Apr 21 19:20:50 2019
# 
8 27 42 24 2 14 31 34 25 22 32 9 37 13 0 23 15 38 5 12 4 26 6
27 24 2 30 7 36 20 32 3 37 13 41 10 33 29 28 16 0 5 17 12 26
18 37 13 40 29 2 6 9 30 23 14 15 20 26 39 34 1 35 28 19 38 0
35 15 36 7 40 29 2 14 21 1 12 25 5 32 17 4 28 9 39
42 42 29 2 30 7 14 36 34 22 3 9 31 13 41 23 0 1 26 5 17 12 38 6
24 29 7 36 20 25 10 3 9 13 41 40 33 28 11 1 38 4 39 26 6
2 36 20 25 22 32 10 28 19 37 7 40 23 16 15 11 1 12 26 0
30 14 20 25 22 32 3 9 37 7 10 16 11 1 19 5 17 4 6 26 39
26 14 36 20 22 31 13 10 29 16 15 11 34 39 38 0
14 36 12 25 17 34 40 3 19 10 21 23 31 11 38 20 4 6
36 22 32 3 31 7 41 40 33 29 16 15 1 17 4 6 39
41 12 25 22 32 3 19 31 7 40 33 21 16 15 1 5 34 38 0
12 29 20 22 32 28 9 37 10 33 23 0 11 19 17 38
25 13 10 5 23 16 31 11 20 19 22 32 40 38 6
40 15 13 10 34 23 11 20 5 32 17 4 7 6
22 29 9 7 34 28 19 37 13 33 21 16 0 1 5 20 4 38
32 3 9 7 10 21 28 16 15 1 20 6 39
10 13 23 20 9 34 15 11 33 5 17 19
3 28 9 0 13 33 21 23 15 1 19 5 17 4 39
9 29 17 37 33 16 15 1 20 4 39 0
17 28 19 37 21 16 15 5 34 4 38 39
37 29 20 19 13 33 21 16 15 11 1 4 38 6
13 28 31 7 21 23 16 15 1 38 6 39
28 20 33 23 16 21 5 38 39
0 20 21 23 16 31 11 1 38 5 34 4 6
20 7 21 29 16 31 11 1 38 6
33 7 21 29 23 11 19 34 4
21 7 34 31 11 1 15 5 38 6
29 19 7 23 31 11 1 5 34 6
23 31 1 34 4 19 6
16 7 34 16 15 11 4 6 39
39 15 11 1 4
31 1 5 38 19 6
11 34 15 38 5 4 6
1 7 19 34 38
15 34 7
5 34 4 19
34 7
4 7 38 6
7 19 6
19 6
38
6
