#kunkel.py
# GMT Sun Apr 21 19:18:18 2019
# 
8 37 13 41 3 24 21 34 5 28 23 16 36 2 20 25 22 32 1 27 18 19
27 27 42 24 2 30 7 14 20 32 3 9 13 41 40 21 35 15 11 1 17 39 26 6
18 2 9 30 34 25 32 3 19 37 13 41 0 21 28 16 35 31 1 15 17 38 39
10 42 24 2 30 14 34 25 32 28 9 31 3 41 33 23 16 35 15 11 19 5 20 12 6 26 39
42 29 2 36 20 25 32 40 3 9 0 41 33 21 23 16 31 11 5 12 38 6
24 7 41 33 21 6 29 36 31 3 12 25 32 40 4 28 19 0
2 13 41 33 21 31 30 16 35 36 1 5 17 12 4 38 6
30 29 14 12 22 40 28 9 0 13 41 33 21 23 35 15 38 34 26 6
7 31 12 25 22 32 28 37 3 41 40 23 16 35 15 11 26 5 34 38 6
14 1 13 41 17 33 21 9 39 11 20 19 22 12 4 3 26 25
36 0 40 21 29 23 39 33 31 1 15 5 38 4 28 19 26 25
34 29 9 26 20 25 22 32 3 19 37 33 21 16 35 31 1 15 12 4 38 0
25 13 22 3 19 33 16 35 15 11 1 26 5 12 4 38
22 13 12 32 3 19 40 20 33 35 0 11 1 5 17 26 6
32 12 20 40 28 19 15 41 33 21 16 35 0 17 4 39
38 29 20 3 9 41 40 33 16 35 0 5 4 6 39
3 20 28 9 31 21 15 5 4 26 6
31 41 29 16 33 11 20 15 12 4 28 37 0
19 40 9 37 41 21 29 23 35 0 1 5 6
17 13 41 40 37 33 23 16 11 20 4 26 39
0 37 21 29 23 35 15 11 1 5 12 4 39
37 20 28 40 33 23 16 11 1 9 5 12 39 26 6
13 15 40 5 35 16 1 11 20 12 28 6
41 40 15 29 1 5 39 26 6
40 20 28 33 21 23 11 26 6
33 4 9 29 23 11 15 20 12 6
21 9 29 16 11 1 5 39
4 23 9 26 16 1 15 39
29 9 23 16 11 5 6
28 11 12 15 39 26 6
23 12 9 16 35 15 1 5 26
16 9 35 11 5
35 20 35 15 11 12 39 26 6
15 20 9 15 5 39
11 12 1 39 6
1 12 6 39
9 5 39 26 6
5 20 39
20 39
12 39 6
39
26
6
