#kunkel.py
# GMT Sun Apr 21 19:16:26 2019
# 
8 27 42 29 2 30 14 31 20 22 32 9 17 15 41 40 16 0 1 19 5 34 12 6
27 37 7 3 40 24 6 30 13 16 14 15 36 11 1 19 22 20 28 38 0
18 42 24 18 34 22 10 28 9 15 13 41 40 33 29 23 16 0 11 17 4 26 6
37 42 29 30 14 36 20 25 32 10 3 19 28 40 21 16 0 11 12 4 39 26 6
42 24 2 30 7 12 25 34 28 13 41 10 16 35 31 11 1 20 4 0
29 13 3 10 20 21 23 16 35 2 11 1 15 17 4 28 19 9 6
2 15 7 10 33 30 13 16 5 36 12 9 22 20 4 28 24 38 25
30 7 3 21 6 24 23 16 35 0 36 34 32 1 28 39
13 34 25 22 32 3 31 7 28 40 21 24 23 16 35 15 1 17 4 6 26 39
36 14 21 6 24 23 35 0 34 15 33 12 4 3 19 26 25
14 24 15 25 32 19 7 41 10 33 16 31 11 1 38 5 20 26 0
31 24 34 25 22 32 3 9 0 41 40 21 23 16 15 1 26 20 4 38
34 24 20 25 32 28 3 40 33 21 23 16 35 1 15 5 17 12 38
3 41 10 9 23 33 15 40 1 12 7 4 19 0
35 7 25 22 28 9 17 0 33 21 16 15 11 1 12 26 6
22 25 22 32 10 9 0 15 41 40 16 11 1 17 26 39
32 12 9 0 41 10 20 21 23 15 1 26 5 4 38 39
10 20 25 19 7 41 40 21 28 16 9 5 17 12 26
25 7 19 41 33 21 23 11 1 9 6 39
28 16 21 11 26 33 1 6 24 38 39
4 26 23 11 1 38 5 12 19 9
9 12 40 33 24 23 16 15 1 6 38 39
15 41 33 21 16 11 19 20 39 6
7 1 33 23 21 11 20 40 12 26 19 6
41 6 5 1 11 20 17 12 19 39
40 33 21 16 11 19 5 17 12 39 26 0
20 23 33 5 17 26
33 24 17 23 16 5 12 39 0
21 0 21 24 23 1 17 12 6 39
24 6 38 5 12 39 19 0
23 17 0 16 11 38 39
16 19 11 17 39 38 0
39 5 11 38 19 6
0 11 26 38 6
11 19 26 5 38
1 12 38
19 17 38
5 26 17 12 38
17 26 38 12 6
12 38
26 6 38
38 6
6
