#kunkel.py
# GMT Sun Apr 21 19:44:48 2019
# 
8 42 24 2 14 18 20 22 32 28 4 31 13 41 10 33 23 16 0 11 5 17 12
27 37 42 33 2 6 29 36 18 11 34 25 17 32 1 4 12 19 31 9 0
34 18 41 40 31 29 21 38 16 14 0 12 15 5 32 10 4 28 19 26 25
37 3 14 42 29 2 24 23 16 35 36 41 25 33 17 4 28 9 39
3 31 29 2 7 14 36 12 25 32 19 13 41 0 33 23 35 15 11 38 6 26 39
42 13 10 17 2 6 9 30 36 35 31 1 26 22 40 12 39 38 0
24 41 40 29 21 38 23 36 14 18 11 20 26 25 17 4 6 9 39
2 41 40 6 33 30 23 31 18 38 22 32 4 19 0
30 0 41 10 33 6 29 23 5 31 21 1 15 22 32 20 28 19 38 39
7 29 18 25 22 10 0 36 41 40 33 21 28 16 35 31 11 1 15 17 6 38 39
36 14 18 12 25 22 40 41 10 33 23 35 0 11 20 4 38 39
14 41 40 20 9 29 23 16 33 15 17 32 1 35 19 6
18 10 33 0 13 23 25 35 22 32 17 4 28 19 39
20 31 13 41 40 21 29 35 11 26 33 10 4 28 19 6
25 21 29 6 23 32 17 28 39
22 41 40 29 33 16 35 21 15 5 28 19 31 9 0
32 0 41 40 21 28 23 16 15 1 12 39 26 6
40 33 6 16 21 19 1 4 35 17 9 39
28 17 29 4 19 13 41 10 23 31 1 5 12 38 39
4 17 13 41 33 35 31 1 15 5 12 38 6
9 29 9 31 10 19 13 41 21 23 16 0 11 1 26 17 38 6
15 29 19 13 41 10 23 16 35 11 1 26 5 17 38 6
31 13 41 10 33 21 23 16 11 1 38 12 26 39
13 29 12 39 10 33 21 11 1 19 5 6 26 0
41 17 10 23 11 1 0
10 33 21 23 35 5 12 19 26 39
33 5 16 26 6
21 0 29 23 35 11 5 12 26 6
29 1 38 12 19
23 35 11 5 17 0
16 6 5 1 11 26 12 35 19 17
35 19 1 5 12 26 6
0 11 1 38 17 26
38 11 1 26 12 6 38 39
11 6 11 39 17
1 12 5 17 39 6
19 5 26
5 12 26
17 39 26
12 26 6
39 26
26
6
