#kunkel.py
# GMT Sun Apr 21 19:14:24 2019
# 
8 0 27 7 40 37 21 9 33 23 16 5 31 34 19 22 17 25 28 24 26 39
27 42 24 2 7 18 20 17 40 28 9 37 13 10 33 21 16 35 1 19 34 12 38
31 42 24 30 18 12 22 32 3 19 0 36 7 28 10 21 29 16 35 31 11 5 38 6
24 29 2 30 7 14 34 25 22 28 19 15 13 41 10 33 21 35 20 4 0
2 15 13 40 21 9 23 35 36 20 38 22 25 10 4 28 39 26 6
30 17 36 20 25 22 40 28 0 18 13 41 10 33 21 29 23 1 5 34 4 6
13 29 12 25 17 32 3 19 7 41 10 21 23 35 0 34 4 38 39
36 42 29 18 34 22 32 19 37 7 41 40 20 33 23 16 35 11 38 17 26 39
14 42 18 34 25 32 28 19 37 7 41 21 23 16 35 15 11 1 5 20 12 26
18 42 22 3 37 7 41 33 21 28 23 16 1 26 17 4 38 39
41 12 25 22 32 40 3 9 37 10 33 16 35 11 5 17 4
34 7 20 25 22 32 3 37 28 40 21 23 15 5 39 38 6
25 42 7 22 32 3 19 40 20 29 28 11 1 38 17 39 26 6
22 29 32 40 28 19 0 10 33 11 1 4 38 6
32 42 20 28 19 17 37 10 33 35 9 5 12 26 39
10 42 7 12 37 40 21 29 11 15 5 4 38 6
28 42 3 19 37 40 35 15 11 1 5 12 4 38 6
4 0 42 9 16 12 15 40 19 38 39
9 0 33 37 29 23 16 35 15 11 38 5 3 39 21 6
42 42 19 0 37 3 40 21 16 15 11 38 39 26 6
15 29 40 3 37 7 21 23 16 11 1 12 26 6
37 29 3 0 7 23 35 5 20 39 6
7 3 19 16 11 5 20 6 26 39
3 1 40 21 29 11 17 38 0
40 5 16 11 20 26 39
20 23 11 5 35 19 39
33 0 21 29 23 35 11 1 16 39 26 6
21 21 23 1 19 17 12 38 0
29 12 0 35 11 1 19 17 38 6
38 23 16 35 11 5 17 26
23 16 35 11 1 19 5 39
16 0 35 11 19 5 17 6
35 11 1 39 6
0 5 1 17 19 6
11 26 19 5 12 6
1 6 26 12 17 19
19 12
5 17 26 6
17 26 12
12 26 39 6
6 26 39
26 39
39
