#kunkel.py
# GMT Sun Apr 21 19:10:42 2019
# 
8 27 18 24 36 12 25 22 9 37 7 41 10 33 21 23 16 35 15 1 19 5 26 6
27 42 2 18 12 22 32 3 19 15 7 41 10 21 16 35 31 11 1 5 6 39
18 42 24 2 14 36 34 32 28 9 37 7 3 10 33 31 11 5 17 6 38 0
42 24 13 14 34 32 38 3 19 7 41 10 21 29 23 11 1 9 4 39 26 6
24 2 30 14 36 20 25 3 19 7 41 40 33 23 31 15 12 4 26 39
2 29 14 36 34 25 22 32 28 37 13 40 23 16 35 1 26 4 38 39
30 34 22 28 19 37 13 3 40 29 23 35 31 1 15 5 12 4 6 39 38 0
13 36 10 33 21 16 35 0 11 20 15 22 32 34 12 31 38 39
14 36 20 25 17 28 41 40 16 0 11 1 26 5 34 12 6 38 39
36 7 34 22 32 3 19 37 41 33 21 38 16 35 31 11 1 9 17 4 26
12 41 10 37 33 26 31 21 12 38 15 17 25 39 9 6
25 22 32 28 19 15 37 7 41 23 0 11 1 26 20 39 38 6
40 31 29 9 16 35 15 22 38 5 32 17 4 28 26 39
22 20 3 19 0 41 10 33 16 35 31 1 17 4 6
32 15 41 37 33 7 38 16 11 34 10 31 19 0
38 15 33 31 16 11 5 10 28 9 39
3 20 19 37 41 33 16 35 17 1 9 5 34 39 26 0
31 7 10 28 9 33 21 23 0 19 5 34 6
9 10 29 21 26 35 16 39 34 17 4 19 0
17 20 28 0 7 41 10 33 21 35 15 11 1 26 6
0 41 10 20 23 16 34 15 7 26
37 29 34 28 37 41 33 21 16 35 15 1 5 4 39
7 28 10 21 26 15 6 19
41 34 28 4 19 21 16 35 15 5 20 6 26
10 20 5 23 16 26 4 6
20 33 28 23 5 11 1 35 4
33 19 21 29 16 11 15 5 34 39
21 29 28 16 11 1 19 34 6 39
29 23 35 11 34 5 4 28 26 39
28 23 16 11 1 26 5 6 39
23 35 1 11 15 34 4 39 26 6
16 1 26 4 39 6
35 11 5 34 6 26 39
15 34 1 5 4 6
11 19 1 5 4 26
1 34 4
19 5 4 26 6
5 34
34 6 26
4
39
26 6
6 6
