#kunkel.py
# GMT Sun Apr 21 19:10:09 2019
# 
8 31 7 10 33 6 29 30 13 16 35 15 1 25 5 32 12 3 24 26 39
27 36 7 41 17 38 30 23 39 18 1 25 28 5 20 3 26 6
34 15 37 7 14 10 42 24 22 28 26 39 35 18 20 9 5 32 3 19 38 6
37 24 2 30 18 25 22 9 31 13 41 10 33 21 23 35 15 11 5 17 26 0
42 29 2 30 36 22 32 3 19 0 13 40 33 21 16 35 15 11 1 5 26 39
29 2 13 36 12 25 40 28 18 7 10 33 21 23 16 31 15 17 4 6 26 0
2 18 36 12 25 22 3 9 10 33 21 23 16 39 31 19 5 20 4 6 0
22 24 30 36 25 32 40 3 7 41 10 23 31 11 1 15 20 4 6
30 24 36 20 28 19 7 41 10 21 23 15 11 1 5 17 6 39
13 7 41 21 33 13 23 19 11 20 26 35 1 12 14 4 9 25
36 7 40 6 24 33 18 11 20 25 5 12 35 19 9 17
14 24 18 28 4 19 15 41 40 21 16 35 31 11 1 9 5 20 12 39 0
18 17 32 28 9 7 41 21 24 0 11 1 5 20 12 26 39
12 10 33 23 16 1 25 5 32 17 35 3 7 9 39
25 20 32 10 19 40 24 16 35 15 1 5 4 26 6
17 15 7 41 23 35 38 16 32 1 4 9 39
32 26 20 9 15 41 10 33 21 23 16 31 11 1 19 38 39
40 15 7 41 10 21 5 23 16 11 38 4 3 19 26 0
3 28 9 41 33 21 23 16 0 11 1 26 5 4 38 6
9 24 41 10 21 31 11 1 5 4 6 39
0 41 33 35 16 21 26 10 4 31 19
15 10 19 7 33 21 24 31 11 38 39
7 20 28 4 21 35 31 1 38 6
41 10 28 19 33 21 23 31 11 5 4 39 6
10 20 38 4 19 23 16 11 5 39 26 6
33 24 28 23 31 21 16 38 19
21 28 19 21 35 11 6 26
24 31 38 5 11 4 28
28 31 35 39 38 5 1 4 19 6
23 1 38 31 26 19 6
16 31 20 35 11 5 39 6
35 20 4 19 31 11 38 6
31 11 6
11 20 19 38 4 26 6
1 26 20 4 39
38 5 20 4 39
5 26
20 19 20 39 26 6
4 19 39
39 6
19 26
26 6
6
