#kunkel.py
# GMT Sun Apr 21 19:44:46 2019
# 
8 27 24 2 13 14 36 20 25 22 32 28 37 7 41 29 23 31 11 26 5 17 38 39
27 7 41 29 21 23 16 14 15 2 12 32 34 35 9 39
34 13 41 24 21 33 30 26 35 31 18 11 12 38 22 32 17 4 3 5 9
10 18 7 3 31 37 33 26 35 14 36 11 20 15 22 32 17 12 28 19 0
42 31 7 24 21 29 30 13 35 0 18 11 1 25 22 32 20 12 28 4 19 6
24 29 36 25 22 9 37 7 41 40 21 16 35 0 1 19 5 6 26 39
2 7 41 40 33 21 29 23 37 36 18 11 1 16 5 12 15 19 26
30 37 13 3 40 33 31 35 0 38 20 12 28 19 4 26 39
13 29 14 36 22 32 3 19 37 41 40 33 28 16 31 5 17 4 26 39
14 18 29 36 20 25 3 19 37 41 40 28 35 15 1 9 5 17 4 38 6
36 37 7 29 16 0 36 11 22 15 5 4 35 39 9 6
18 31 7 41 20 29 28 16 15 3 17 40 1 25 35 4 6
20 37 7 33 21 9 29 23 11 25 17 4 3 19 26 0
25 0 41 21 22 23 31 11 9 5 1 3 19 39
22 3 19 0 7 41 40 33 29 23 16 15 11 17 12 6 39
32 37 29 23 35 31 38 15 5 40 12 6 19 9 17
40 12 3 28 19 37 41 29 16 11 1 9 5 17 4 38 6
28 29 3 7 33 21 23 35 31 1 26 17 4 38 39
4 41 29 6 23 31 11 16 17 26 38 0
9 1 7 41 31 21 23 16 11 3 38 6
15 7 3 21 6 5 23 16 17 35 39 26 0
37 3 31 33 21 35 0 11 1 26 12 38 6
7 29 3 33 21 23 1 5 17 38 39
41 17 12 19 21 35 0 26 38 39
0 12 3 17 33 21 16 11 1 38 39
33 29 19 21 35 31 11 1 38 12 6 26 39
21 29 16 3 12 31 39
29 16 35 11 5 12
23 3 17 6 16 12 1 39
16 12 3 1 17 6 26 39
35 19 11 38 6 26 39
31 26 12 17 19 6
3 11 5 12 38
11 12 38 1 19 5 6 26 39
1 6 26 5 38 19
26 5 38 6
5 19 38 5 12 6
17 6 39
12 19 38 39
6 39 6
19 39
38
39
