#kunkel.py
# GMT Sun Apr 21 19:06:06 2019
# 
8 8 42 24 2 30 14 36 34 25 32 3 19 41 33 28 23 31 1 9 17 4 6 38 39
27 18 29 2 30 36 20 25 22 28 37 13 21 24 16 31 1 26 5 17 4 38 0
37 13 10 31 24 21 33 26 7 36 35 15 16 34 9 5 32 40 38 39
42 24 36 34 25 32 3 9 18 13 28 33 29 23 16 15 11 19 5 4 38 0
24 18 29 36 12 22 28 9 13 21 35 0 1 26 5 34 39 38 6
2 30 7 36 32 20 22 34 28 19 18 13 41 40 21 11 1 12 4 39 6
30 13 41 40 29 9 33 7 35 31 18 11 20 15 1 25 19 26 39
26 29 7 14 18 20 17 32 40 3 13 41 10 21 15 5 34 38 6
14 18 14 36 34 25 22 32 10 28 19 15 7 40 23 16 35 31 1 17 6 38 39
36 20 32 10 28 13 40 33 23 35 31 11 1 15 5 17 38 39
12 29 7 18 22 32 3 9 13 28 10 33 23 15 11 1 5 17 4 38 6
34 18 20 3 32 28 19 13 41 40 33 29 16 0 1 15 4 39
25 22 28 19 0 15 3 41 10 33 21 35 31 1 9 5 6 38 39
40 15 7 41 29 6 16 11 38 28 22 17 3 0
22 18 3 9 0 31 41 20 21 28 16 15 1 17 6 39
32 18 3 28 9 7 41 10 33 16 35 31 5 4 6
10 1 13 33 21 9 7 16 5 17 4 3 19 39
3 0 6 5 16 35 31 11 28 39
19 0 13 33 29 23 31 18 11 5 1 4 9
15 20 28 9 7 41 33 21 23 0 11 5 4 6 39
18 20 13 41 21 23 16 35 38 17 39 6
13 29 23 16 35 1 28 31 6
41 17 20 28 9 21 23 16 35 1 5 38
0 31 29 23 16 33 11 17 35 39 4
20 38 9 7 33 21 23 16 35 31 5 4 6 39
33 29 17 28 7 9 4 6 38 39
21 35 38 4 28 7 9 6
29 1 38 31 35 17 4 28 9 6
28 7 23 16 1 38 39
23 31 7 16 11 5 39 17
16 7 9 31 1 39
35 7 9 31 11 1 5 17 39
31 31 11 9 5 17 4
11 6 5 1 4 17
1 17 7 38
9 5 4 39
5 4 6
17 38 4 39
4 7 39 38
6 38 39
7 38 39
38
39
