#kunkel.py
# GMT Sun Apr 21 18:59:10 2019
# 
8 27 42 29 2 18 34 32 3 9 0 13 41 40 33 21 35 31 11 1 17 12 6 39
27 42 2 30 36 20 25 32 28 19 0 7 3 16 35 31 11 1 9 17 12 6
37 31 7 40 42 24 6 13 29 23 16 14 0 36 20 38 5 1 35 28 19 17
42 30 13 34 32 28 7 3 40 21 23 16 0 1 15 5 20 26 38 6
29 17 24 30 14 18 20 22 32 3 19 41 21 28 23 16 35 31 9 12 4 38
2 7 41 10 24 26 16 14 36 1 20 19 22 32 34 4 3 9
30 18 3 40 21 24 35 36 11 12 38 5 34 28 19 6
7 18 10 26 35 36 25 11 1 15 40 34 17 4 3 38 39
36 41 40 26 35 0 18 11 12 38 5 17 25 28 39 9 6
14 14 18 25 32 28 19 0 3 10 33 21 24 23 16 15 1 9 5 17 4 39
18 31 41 40 24 26 11 12 15 5 32 20 4 35 9 0
26 13 34 25 22 32 28 31 17 10 20 21 23 16 35 0 12 4 38 6
34 13 12 25 22 32 3 19 31 40 20 33 16 35 15 11 38 5 17 4 0
25 24 13 25 32 3 19 41 40 33 23 16 35 15 11 20 4 39 6
22 12 32 19 0 31 10 33 21 23 16 35 15 11 1 9 17 4 6
32 9 31 41 40 21 24 16 15 4 38 6
10 3 17 20 33 21 24 23 31 1 19 12 4 35 5 39
3 13 12 28 19 20 35 5 4 6 38 39
4 13 40 28 41 33 0 5 20 38 6
9 12 28 19 41 33 21 24 23 35 15 1 5 38
15 24 13 28 31 41 33 16 35 0 11 1 5 20 12 39
0 13 41 33 23 5 12 24 17 6
13 24 19 41 40 23 16 11 1 5 17 12 39 38
41 40 31 23 21 20 39 19
40 24 21 33 35 11 20 28 31
20 31 28 19 33 21 24 16 35 12 39 6
33 23 38 16 1 35 28 39 6
21 28 23 16 35 31 11 1 5 17 39
24 28 19 1 17 12 6 38 39
28 38 35 31 11 5 6
23 16 1 17 19 31 6
16 38 19 16 31 11 12 39
35 31 1 38 19
31 19 11 17 39
11 19 5 17 12 39 38 6
1 39
19 5 38
5 12 17 6 39
17 12 39
12 6
6 38 39
38 39
39
