#kunkel.py
# GMT Sun Apr 21 18:57:34 2019
# 
8 15 13 41 10 20 33 2 30 23 16 35 36 1 26 32 40 12 14 38 39
27 37 41 42 33 24 28 23 16 14 31 34 15 22 35 3 4 26 39
34 31 24 30 12 22 3 37 13 41 10 33 21 29 28 15 1 5 4 6 26 39
42 7 31 24 21 30 23 16 35 36 2 11 1 26 25 20 4 28 19 38 6
24 13 37 21 33 16 14 0 11 22 1 28 31 19 17
2 29 30 14 20 25 22 28 3 41 40 33 21 16 0 11 1 5 6 38 39
9 30 7 18 25 32 10 28 9 0 36 13 41 40 33 23 16 35 31 1 26 17 39 38 6
30 14 36 32 3 19 31 7 40 21 35 15 11 1 5 4 6 26 0
7 29 3 14 36 25 32 28 18 13 41 10 33 21 23 11 5 17 6 38 39
14 40 37 36 35 18 0 1 25 33 5 17 4 28 22 39
36 37 41 40 33 13 0 18 12 15 39 32 20 4 35 6
18 10 40 33 21 26 23 16 11 12 35 22 17 4 3 38 6
20 37 13 41 10 29 26 31 3 11 12 19 40 28 38
25 37 41 10 33 38 35 16 0 11 15 5 32 17 3 19 6
22 0 13 28 10 31 16 21 11 39 12 4 3 17 26 6
32 15 10 31 33 23 0 35 5 40 3 17 6
40 41 31 29 33 23 11 26 5 38 28 19 17
3 13 37 10 33 23 16 35 0 11 38 5 26
31 19 13 10 33 21 29 38 16 35 17 4 26 39
19 37 28 4 0 13 10 33 29 15 11 5 17 12 26 6
17 12 0 21 29 35 11 1 5 6 38 39
0 12 37 13 33 29 15 38 4 26 6
37 13 41 21 29 23 16 38 5 39
13 10 29 23 16 33 1 35 28
41 29 28 10 16 35 11 5 12 6 38 39
10 29 38 15 33 21 23 4 26
33 28 38 1 5 39 26
21 26 28 21 29 16 11 1 15 5 38 39
29 23 16 1 5 12 6 26 39
28 16 1 5 12 38 6
23 16 11 1 38 15 12 4 6
16 12 35 1 4
35 12 11 1 15 5 4 6
15 1 11 5 38 12 6 39 4
11 4 1 5 12 39
1 38 5 12 26
38 39 5 6 26
5 4 12 26 39
12 4 39
4 26 39
6 39
26 39
39
