#kunkel.py
# GMT Sun Apr 21 18:47:07 2019
# 
8 24 30 13 36 32 12 25 34 28 19 37 7 40 20 21 29 23 16 5 17 4 38
27 37 0 33 21 9 24 26 14 18 2 12 15 22 17 35 28 38 6
18 42 29 13 14 36 12 25 3 9 37 7 41 40 33 21 28 31 38 5 4 26 39
31 42 24 30 13 36 14 34 22 32 28 9 37 7 16 35 11 38 5 20 4 26 39
24 29 30 36 34 25 22 10 28 19 0 37 7 40 23 11 9 5 17 26 39
2 7 3 10 42 33 9 30 13 14 15 1 19 35 40 34 12 28 4 38 6
9 42 30 34 25 22 40 3 41 10 33 21 23 1 5 20 4 6
30 7 14 20 25 32 13 41 23 16 35 0 11 1 38 5 17 26 39
13 29 34 25 32 3 37 7 10 33 21 23 35 1 15 20 4 38 0
14 7 3 10 17 37 21 29 16 35 11 1 33 22 20 0
36 42 26 34 25 22 19 36 7 40 33 21 29 11 1 15 5 12 38 6
41 15 3 10 42 29 6 38 16 11 1 40 39 19 26 0
12 7 10 42 37 29 33 0 5 34 22 32 1 4 28 38 6
34 25 32 3 10 33 21 29 23 16 35 15 5 20 26 0
25 3 10 37 21 16 33 1 40 32 17 35 39
22 29 32 3 37 7 40 21 23 16 1 15 5 4 26 0
32 42 29 40 28 4 10 21 23 35 15 11 20 26 0
10 1 37 7 33 21 11 17 20 6 26 39
28 38 3 19 37 33 23 11 15 5 17 4 6 26 39
19 15 7 40 42 26 16 1 3 4 38 6
42 29 3 0 7 40 33 11 15 5 17 39 38 6
0 37 33 21 29 23 35 15 1 5 17 6
37 3 15 5 35 16 21 20 38
7 3 21 16 15 11 1 5 17 26
3 29 33 21 23 16 35 15 5 20 4 38
40 29 38 16 33 15 1 4 39 17
20 33 23 11 5 4 35 38
33 21 23 11 38 39
21 29 23 15 11 26 5 4 6 38
29 16 35 17 11 5 39 38 6
23 16 5 1 11 4 26 6
16 15 5 35 4 39 6
35 11 17 4 39 26 6
15 1 5 17 26
11 5 17 4 39
1 26 17 39 38 6
26 38 39
5 17 39 6
17 4 39
4 39 6
39 38
38
6
