#kunkel.py
# GMT Sun Apr 21 18:42:46 2019
# 
8 37 7 40 24 9 33 30 23 16 35 0 18 11 34 25 17 12 28 26 19 6
27 42 9 30 7 14 34 19 37 13 41 10 33 21 16 35 31 1 15 5 12 26 39
2 1 37 13 10 21 30 23 12 14 18 11 20 9 39 40 4 35 26 6
42 7 3 0 24 29 30 13 14 36 11 20 5 32 34 12 28 39 4 26 6
24 31 7 28 40 29 6 9 23 14 36 18 11 12 19 32 17 39 26 0
3 29 30 36 14 18 12 25 22 28 9 37 7 41 20 33 21 35 17 38 34 26
22 31 30 13 14 36 34 25 10 9 37 7 40 21 23 35 15 19 5 4 26 38 0
30 29 30 36 20 32 19 0 7 33 21 35 31 11 9 5 26 39
13 36 12 25 32 19 37 7 0 23 35 15 11 1 9 17 4 6 39
36 23 0 41 40 7 14 15 34 28 32 17 35 38 39
14 41 40 6 9 33 16 5 20 15 37 12 19 26 17
18 34 32 4 9 37 7 41 21 29 28 31 1 15 5 20 12 19 0
34 12 25 10 19 37 40 21 23 35 31 11 26 5 17 38
25 37 41 40 29 9 23 16 15 19 17 12 38 0
4 0 40 29 21 33 23 16 5 11 20 15 1 12 17 38 39
32 12 9 31 41 0 33 21 29 16 35 15 11 1 26 19 38 6
10 28 9 37 7 41 40 21 16 35 0 11 1 38 5 17 39 26 6
28 7 33 23 16 11 1 9 5 40 12 17 26 39
31 7 40 17 20 37 6 29 23 33 5 1 35 19 39
9 7 19 37 41 33 21 35 15 11 5 17 26
15 29 12 37 41 40 33 16 35 0 11 26 5 20 38 6
37 7 12 35 39 17 38 0
7 20 41 33 23 1 19 17 26
41 23 40 29 21 38 16 5 1 35 19
40 17 26 16 12 1 19 38
20 33 6 29 11 12 5 39
33 21 23 16 35 11 19 5 17 38 39
21 29 23 12 39 11 1 26 0
29 26 19 0 35 11 1 17 6 38 39
23 6 16 35 39 38 0
16 26 1 35 17 39 19 0
35 38 1 5 12 26 0
0 11 1 38
38 19 5 17 12 26 39
11 19 5 26 6
1 5
19 17 12
5 39 6
17 6 39
12
39 6
26 6
6
