#kunkel.py
# GMT Sun Apr 21 18:36:30 2019
# 
8 37 7 40 33 21 9 29 23 36 31 2 15 32 10 4 39 38 6
27 31 24 30 18 20 25 22 3 4 9 37 7 40 33 21 23 16 15 1 34 12 26
18 7 41 0 37 2 38 30 13 16 14 31 36 1 15 39 17 3 19 26 25
17 37 13 40 42 24 21 29 30 23 31 35 5 38 1 19 22 32 10 9 39
29 42 24 13 14 34 25 22 32 28 9 31 7 10 20 33 23 16 15 11 1 5 4 6 39
2 37 13 41 10 42 21 5 14 35 1 25 22 32 20 4 3 39 9 0
30 7 41 33 26 23 1 15 25 20 12 39 19 4 9 0
26 7 41 31 37 21 6 33 13 23 34 15 22 12 14 28 19 38 25
14 42 36 20 22 3 9 37 7 41 40 21 28 23 35 11 1 12 6
36 20 22 10 28 9 37 7 3 40 33 21 16 31 11 1 15 12 38 39
12 41 24 21 9 33 38 20 15 34 28 19 39
20 42 13 25 32 31 7 41 10 33 21 24 23 16 35 15 11 5 6
25 42 34 22 32 28 9 37 7 41 40 16 15 1 38 5 4 6
22 42 28 13 3 40 33 35 0 11 1 5 4 39 6
32 37 7 41 10 24 0 35 31 21 1 4 3 19 6
10 15 7 41 40 42 33 28 13 16 35 4 3 38 6
3 42 24 34 0 7 41 23 16 35 15 1 5 39 38 6
9 41 40 23 16 21 11 34 4 19
42 42 7 28 19 31 13 33 21 24 35 15 11 5 4 0
0 24 19 37 13 41 21 28 23 16 35 15 11 1 4 38 39
37 13 24 33 38 16 1 4 28 19
7 40 31 13 24 23 16 15 34 39
41 24 28 31 13 33 16 11 5 6
40 24 21 5 31 16 34 15 28 19 4 6
33 19 21 24 16 5 34 4 39 6
21 24 23 31 5 15 19
13 23 31 5 38 34 28 19
24 28 19 16 1 34 39 38 6
28 16 35 15 11 5 34 38
23 19 16 35 31 11 5 38 6
16 35 11 1 5 34 4 38 6
35 1 31 5 11 15
31 34 15 11 1 5 4
11 4 6 5 38 1 19 39
1 34 38
15 34 19 39
5 34 4 38 39
34 34 19 38 6 39
4 19 38 6
6 19 38 39
19 39
38 39
39
