#kunkel.py
# GMT Sun Apr 21 18:27:25 2019
# 
8 37 7 40 24 33 30 23 16 35 0 18 11 34 25 19 17 12 28 26 9 6
27 42 30 13 14 31 34 9 37 7 41 10 33 21 16 35 15 1 19 5 12 26 39
2 1 37 13 10 21 6 30 23 12 14 18 11 20 26 40 4 35 9 39
42 7 28 0 20 24 29 30 13 14 36 11 34 5 32 12 4 3 39 26 6
24 36 7 28 40 29 26 23 0 14 31 18 11 12 19 32 17 39 9 6
3 29 30 36 14 18 20 25 22 28 9 37 7 41 33 21 35 17 26 34 12 38
22 31 30 7 14 36 34 25 40 19 37 13 10 21 38 23 35 15 9 5 4 26 0
30 29 30 36 20 32 9 0 7 33 21 35 31 11 19 5 26 39
13 36 12 25 32 9 37 7 0 23 35 15 11 1 19 17 4 39 6
36 23 15 41 40 7 14 0 34 28 32 17 35 38 39
14 41 40 33 26 16 5 20 15 37 12 19 17 9 6
18 9 32 20 34 28 19 37 7 41 21 29 31 1 15 5 12 4 0
34 12 25 40 19 37 10 21 23 35 31 11 38 5 17 26
25 37 41 40 17 29 23 16 15 9 20 12 19 38 0
4 0 40 29 21 33 23 16 5 11 20 15 1 12 39 38 17
32 9 12 19 31 41 33 21 29 16 35 15 11 1 26 6 38 0
10 28 9 37 7 41 40 21 16 35 0 11 1 38 5 17 6 26 39
28 7 33 23 16 39 11 1 26 5 40 12 9 17
31 1 7 37 40 20 29 23 33 5 17 35 39 19 6
19 7 9 41 40 33 29 16 11 17 12 38
15 29 12 9 37 41 40 33 16 35 0 11 26 5 20 38 6
37 9 0 7 12 35 39 38 17
7 20 41 33 23 1 9 17 26
41 23 29 21 5 38 16 40 1 35 9
40 26 16 1 12 17 38
20 33 6 29 11 12 5 39
33 21 23 16 35 11 9 5 17 38 39
21 0 29 23 12 11 26 1 9 39
29 26 0 35 11 1 17 39 38 6
23 0 16 35 39 38 6
16 0 1 35 17 26 39
35 26 9 1 5 12 38 0
0 11 1 38
38 12 5 17 26 39
11 9 5 26 6
1 5
9 5 17 26
5 12 6 39
17 39 6
12
39 6 39
26 6
6
