#kunkel.py
# GMT Sun Apr 21 19:44:23 2019
# 
8 27 42 29 2 13 36 20 25 22 28 31 19 18 7 41 33 16 15 11 1 5 38 0
27 29 30 13 18 34 32 28 37 7 3 10 21 23 31 1 26 5 20 4 38 39
37 13 40 42 24 29 30 23 14 0 12 38 5 32 34 4 28 26
42 7 10 20 24 21 30 13 31 18 11 1 25 17 32 40 4 3 26 0
29 13 10 40 21 30 0 14 15 1 25 5 32 17 12 3 26 6
2 36 7 41 40 23 21 0 13 35 31 11 12 19 22 32 20 3 9 39
9 18 13 10 33 21 24 36 35 31 20 15 22 34 1 4 3 19 38 6
30 23 7 41 6 28 13 35 31 18 11 1 22 3 24 5 26 14
13 14 34 32 28 19 41 10 16 35 0 11 5 6 39
14 41 17 21 33 16 36 11 34 15 28 5 32 1 12 3 4 19
36 31 7 41 21 18 15 20 38 17 34 12 35
12 32 40 28 19 7 41 10 33 21 24 23 35 31 38 11 15 4 26 0
20 26 22 32 28 19 7 3 10 33 21 16 31 1 17 4 38 39
25 18 41 40 21 24 26 16 33 31 11 19 17 4 3 38 39
22 18 7 10 33 22 38 16 35 0 11 19 5 34 17 24 6
32 40 28 7 10 33 21 24 0 11 5 34 6 38 39
40 18 41 10 33 26 23 16 15 11 5 34 19 38 39
28 41 34 23 0 18 11 15 17 4 24 19 39
31 15 33 38 35 1 17 4 39 6
19 18 19 7 23 16 15 11 5 4 6 39
17 15 18 11 21 23 16 35 41 4 39 6
18 34 3 7 41 10 23 0 1 5 4 6 39
7 34 3 33 21 23 16 35 15 11 5 26
41 24 3 33 21 23 16 1 5 34 38
10 1 34 33 11 15 4 3 24 0
33 24 23 16 35 11 1 38 5 4 26 6
21 24 26 16 38 4 35 0
6 26 34 3 0 23 16 35 15 11 1 39 38 6
24 16 35 0 11 1 26 4 38 39
23 3 16 35 0 11 1 15 5 4 39
16 35 0 26 34 38 39
35 3 1 5 4 39 38
15 26 0 1 5 34
3 26 39 34 1 4
11 34 0 11 26 4 38 39
1 5 38
26 5 34 39
5 4 38 0
34 0 38
4 0
39 0
38
0
