#kunkel.py
# GMT Sun Apr 21 18:26:06 2019
# 
8 27 10 24 2 29 30 22 35 31 11 20 26 5 32 17 12 3 4 9 6
27 17 2 13 36 12 25 22 28 19 15 7 41 10 21 31 11 5 20 6 26 39
18 37 7 28 10 42 24 21 29 23 22 35 31 1 25 5 40 12 3 4 19 6
37 42 2 30 14 36 20 25 17 19 7 40 16 35 31 11 1 5 34 12 26 6
42 3 41 10 29 2 33 30 16 35 20 25 34 4 28 9 0
29 0 7 33 5 26 13 31 14 11 12 15 22 32 38 35 3 9 17
2 34 41 6 28 35 14 1 25 22 32 17 12 3 4 9 39
34 30 14 36 12 25 32 28 9 7 41 0 33 23 16 15 3 17 4 6
30 24 13 14 36 25 32 28 9 7 41 21 38 31 11 1 19 5 20 4 26 39
13 10 24 21 23 39 36 11 12 38 5 32 26 28 9 0
14 24 25 32 40 28 9 7 10 33 35 15 11 19 5 17 38 39
36 31 22 3 9 7 41 10 20 33 21 23 16 0 1 15 5 17 4 19 26 6
41 24 31 12 22 3 17 0 28 33 16 15 11 1 5 20 4 38 6
20 7 10 21 24 23 33 26 1 25 5 3 38 39
25 7 28 40 33 22 35 19 39
22 40 3 19 7 10 21 23 16 0 1 9 5 17 26 6
32 9 3 19 0 28 40 21 16 31 11 15 5 4 38 6
40 31 33 24 26 38 16 15 1 4 28 19 9 17
3 10 24 0 23 35 4 28 17 19 39
4 38 28 9 7 23 31 11 15 6 19 26 39
9 10 33 21 23 35 31 1 5 39
0 31 7 10 24 21 6 23 19 17 12 38 39
15 7 33 28 16 12 19 5 1 35 39 26 6
7 17 31 10 23 35 11 1 38 6
28 10 19 31 23 35 11 26 6
10 24 21 23 16 35 11 17 12 38
33 24 21 31 16 39 35 19 6
21 31 5 35 11 16 1 12 39 19
24 23 16 11 5 17 12 26 38 39
23 12 19 38 11 1 5 39 26 6
16 26 17 35 31 11 1 5 12 38
35 11 1 17 38 6
31 12 11 1 26 5 39 38 6
38 1 17 26
11 12 5 26 39
1 26 12 6 39
19 12 17 39 26
5 12 6
17 39
12 39
39
26
6 6
