#kunkel.py
# GMT Sun Apr 21 18:23:01 2019
# 
8 37 3 40 17 33 2 30 23 36 39 31 21 11 20 5 34 6 38 0
27 17 24 2 30 14 20 25 22 32 28 9 37 13 41 21 23 16 11 26 34 38 6
18 42 29 2 30 14 36 12 25 22 3 19 7 41 21 23 35 31 9 5 17 39 6
42 36 7 14 33 2 6 24 26 35 3 11 1 15 17 20 12 28 4 38 39
24 29 2 36 34 25 22 32 28 0 37 7 41 40 21 16 31 11 1 17 26 6
2 30 34 3 19 15 13 41 10 29 28 31 11 1 38 12 26 0
30 14 20 25 22 3 37 7 41 33 21 16 0 11 5 34 4 26 39
7 20 25 17 3 19 31 13 41 10 21 16 35 15 1 5 34 4 39 6
14 36 20 25 17 32 40 9 37 41 10 33 23 31 15 1 5 34 12 38 6
36 37 13 41 40 21 22 23 20 3 5 4 28 26 39
32 41 10 17 33 37 6 29 22 15 20 25 5 34 12 28 4 19 39
41 25 3 9 37 40 33 21 29 16 35 31 26 5 6 38 0
20 29 13 12 25 28 9 37 0 16 15 11 19 6 39
25 10 9 40 33 29 23 0 1 38 12 4 39 26 6
22 3 10 37 21 35 12 15 40 17 28 19 39 26 0
34 10 29 23 31 21 11 12 17 40 35 39 26 0
10 31 29 26 3 4 19 0 40 16 15 9 5 17 12 38 6
3 5 16 21 15 17 39 26 0
4 37 9 13 12 28 19 31 33 23 16 15 1 26 38 39
9 13 31 37 29 33 38 16 12 1 26 0
0 28 19 37 13 33 35 1 5 12 38 6
37 15 21 35 31 11 1 6 38 39
13 13 28 19 31 40 33 21 16 15 1 17 12 38 6
28 40 33 31 5 21 15 1 39 19 26
40 19 15 33 21 23 16 35 31 5 17 12 26 6
33 29 16 11 1 5 12 19
21 17 19 23 31 1 12 26
29 31 23 16 35 15 11 1 5 39 26 6
23 31 6 38 16 11 15 12 35 19 39
16 19 16 11 1 5 39 6
35 31 5 11 15 1 12 6 39 38 17
31 19 15 1 5 17 38 6
15 19 11 1 17 38
11 26 19 6
1 12 5 17 26
26 17 39 6
5 38
17 17 39 6
12 38 6
6 38
19 39
38 39
39
