#kunkel.py
# GMT Sun Apr 21 19:44:16 2019
# 
8 7 41 2 30 16 14 36 21 11 34 19 32 17 35 38 6
27 42 29 30 13 36 12 17 28 9 37 7 3 21 23 31 1 26 34 4 19 38 39
18 18 42 24 2 14 36 12 25 22 40 3 19 37 7 41 10 23 11 5 17 4 6
42 10 31 37 2 24 30 23 16 35 26 12 15 5 40 25 39 17 19 0
29 13 10 17 37 22 30 23 35 36 1 15 5 32 20 12 28 39 4 26 6
2 31 7 41 10 21 30 23 36 35 11 12 0 22 32 40 19 39
22 36 7 41 10 24 38 16 33 22 34 15 5 17 4 35 19 9 0
30 7 41 33 35 16 14 38 11 1 25 5 20 3 19
13 37 40 31 28 23 0 11 20 15 34 12 3 26 4 38 6
14 37 7 41 40 23 16 36 0 11 1 26 5 34 4 28 9 6
36 17 20 19 7 10 33 21 24 23 35 31 11 34 4 26 39
34 24 12 32 40 9 0 37 41 10 31 38 5 17 39 26 6
25 15 7 3 40 24 21 33 16 20 26 17 32 10 28 38 39
39 41 20 6 28 23 35 26 5 32 1 3 19 9 17
32 4 37 7 40 33 21 24 23 16 15 11 1 17 12 6 38
40 31 10 24 33 26 23 38 11 17 20 4 28 9
3 20 9 37 41 10 33 21 23 16 35 15 11 19 17 4 6 0
4 7 12 28 33 23 35 31 1 26 17 6 38 0
9 1 41 10 31 20 33 0 11 15 12 28 17 19
0 24 7 12 37 28 10 20 21 23 31 11 15 5 17
37 10 23 16 11 15 17 12 7 31 19 6
7 17 24 12 28 19 10 33 1 20 38
41 15 17 33 5 35 21 38 1 12 19
10 16 33 23 31 15 11 26 5 20 12 6 38
20 15 31 21 16 26 1 17 12 19
33 24 31 38 23 35 15 11 1 19 5 26 6
21 31 24 26 38 16 35 11 15 28 19 6
24 19 23 16 35 15 38 5 12 26 6
28 16 31 11 12 5 1 6 26
23 16 35 11 1 5 17
16 5 17 35 19 6
35 12 15 11 1 5 38
31 15 11 19 5 12 6 38
11 26 15 6 38
1 6 15 38 5 17 19
19 26 38
5 12 17 26 5 38
17
12 6
26 15
15 38
38
6
