#kunkel.py
# GMT Sun Apr 21 18:20:58 2019
# 
8 27 18 29 2 30 7 36 34 25 22 32 9 0 31 13 41 40 16 35 15 1 12 38 6
27 37 13 17 24 21 29 30 23 16 36 31 5 20 9 22 32 1 12 4 38
37 0 17 40 42 33 2 30 26 36 18 20 16 5 34 4 28 31 9 6
17 24 2 30 7 12 25 22 34 3 19 13 41 10 33 21 15 1 9 5 20 4 6 38 0
29 41 33 2 5 16 18 1 25 22 34 20 12 3 4 9 6
2 18 36 25 32 3 19 7 41 21 24 28 23 16 35 9 5 4 38 6
30 42 7 14 34 25 22 32 28 19 13 40 20 33 23 35 15 1 9 12 0
7 42 14 18 12 32 3 36 13 40 21 23 16 31 11 15 4 6 38 0
39 18 13 10 42 20 33 21 23 16 35 15 11 34 25 32 1 12 28 4 9 6
14 18 41 10 42 24 21 35 36 11 20 25 40 34 12 28 4 19
36 3 10 5 16 15 1 11 20 25 22 40 28 19 38 6
34 42 18 20 25 22 3 13 28 10 33 35 31 4 38 6
25 20 32 10 3 9 41 40 23 16 11 38 5 26
22 38 32 40 3 19 0 18 41 10 20 21 24 23 35 31 15 26 6
32 20 10 3 13 41 40 33 21 23 31 11 5 12 26
10 0 13 42 24 23 16 11 35 4 3 19
28 40 42 33 38 35 31 21 11 19 5 12 26 0
9 42 18 20 3 4 19 33 21 24 16 15 5 12 6
42 24 18 40 3 21 38 23 0 11 1 15 12 4 26
0 12 19 0 41 33 21 23 35 31 15 5 38 6
18 3 41 40 24 16 31 1 15 5 12 26
13 24 33 23 16 31 1 26 12 4 38
41 15 40 31 33 35 16 1 4 3 19 26
40 33 4 16 12 35 19 31 26
20 3 19 33 21 16 35 15 11 1 12 6 38
33 3 4 24 23 35 1 12 6
21 24 6 38 15 11 26 35 4
24 3 19 23 16 35 31 1 26 38 6
23 12 19 35 15 1 5 38 6
16 1 19 6 26
35 19 15 11 12 26
31 3 19 15 11 26 5 4 38 6
3 38 5 6
11 15 11 5 12
1 15 4 19 26
15 38 5 4 26
5 26 12 19 6
12 19
4 6 26
26 19
19 38 6
38 38
6
