#kunkel.py
# GMT Sun Apr 21 18:20:23 2019
# 
8 27 18 42 24 30 26 36 12 25 22 32 28 19 37 41 16 15 9 5 17 4 38 6
27 18 7 10 42 24 2 6 29 16 14 36 20 25 5 32 12 4 3 9 17
18 42 24 2 36 34 22 32 28 19 31 13 41 40 33 21 29 16 15 11 1 17 38 39
42 29 2 30 36 32 28 9 41 40 21 6 23 35 15 11 1 26 5 17 4 39 38 0
24 36 3 10 37 29 30 23 16 14 5 1 19 22 35 39 38 0
2 29 30 36 34 25 32 3 9 37 7 41 33 21 23 31 11 1 17 38 39
34 29 30 12 25 3 19 37 13 41 10 33 6 28 23 35 15 11 5 17 39 0
30 37 13 3 40 33 23 14 15 21 11 5 20 12 28 4 9
26 31 41 40 20 33 29 23 14 36 5 1 12 25 15 10 35 28 38 17
14 36 20 22 32 28 19 37 3 41 10 33 21 23 0 11 1 5 12 6
36 36 20 22 28 19 37 21 29 15 11 5 17 4 6 38 39
12 29 7 32 10 3 9 37 13 41 40 21 28 23 0 4 38 6
25 29 9 41 40 20 21 23 35 31 11 5 17 4 39 19 38 6
22 0 29 41 33 37 6 11 1 5 32 17 4 28 39
32 28 19 17 37 7 41 40 33 23 35 31 20 4 39
40 15 7 41 37 21 29 38 16 23 5 20 28 9 39
28 41 20 6 5 16 35 39 17 0
31 7 3 9 37 13 41 10 33 21 35 15 11 5 17 19 38 0
19 7 17 13 21 23 16 35 11 1 15 20 4 39
0 1 37 10 21 33 5 41 38 4 3 39 9 17
37 3 9 41 21 29 16 11 1 5 39
7 1 13 10 20 33 5 38 11 15 17 3 9 6
41 29 10 3 9 21 16 35 15 6 38
10 1 21 29 23 3 15 39 20 4 6 38
20 3 13 33 21 16 35 15 11 1 9 4
33 13 16 11 15 35 4 3 38
21 16 13 15 1 9 4 6
13 16 35 11 15 6 39
29 23 16 15 11 1 4 6
23 1 11 17 35
16 35 39 3 15 1 38 6
35 38 4 9 39
15 5 9
3 11 17 4 39 38
11 9 17 38 6
1 17 4 38
9 17 9 38 6
5 38 4 39 6
17 4
4
39 6
38 6
6
