#kunkel.py
# GMT Sun Apr 21 18:15:14 2019
# 
8 27 29 7 14 18 20 22 32 3 0 37 13 28 40 23 16 31 1 15 5 17 39
27 0 34 3 24 21 29 30 23 14 31 2 1 32 20 35 38 6
34 13 41 33 6 9 29 36 14 0 18 1 16 5 20 4 3 19 25
42 24 30 36 12 25 40 3 19 37 41 10 33 23 16 15 11 1 5 17 39 38 0
29 13 41 10 17 37 2 6 23 0 18 22 32 20 12 3 4 19 39
2 18 24 14 36 12 25 22 3 19 37 21 16 35 11 1 9 17 4 38 39
9 18 13 10 23 33 38 7 14 31 25 22 20 35 28 4 19 39
30 24 7 14 36 20 3 19 37 13 28 10 33 21 16 35 15 38 5 12 26 39
7 18 13 41 10 33 3 24 16 36 11 1 5 32 40 12 28 26 6
36 24 14 18 25 22 10 3 37 28 40 33 21 16 31 1 38 5 20 12 26 0
14 18 24 32 37 10 33 21 0 11 1 5 17 4 38 6
18 22 28 0 33 24 23 16 31 11 19 20 12 26 39
41 20 25 22 28 19 17 31 3 40 21 24 0 11 1 5 39 26 6
20 22 10 37 13 40 21 31 1 15 5 4 26 39
25 15 10 37 33 5 21 38 22 32 12 28 19 26 6
22 37 32 3 40 33 21 23 31 1 15 5 17 12 19 38 6
32 13 10 21 24 31 38 1 33 40 12 4 26 6
10 28 4 40 24 23 35 15 11 5 17 12 26 6
3 28 19 0 24 23 35 31 11 38 5 26
26 37 12 17 40 21 28 23 16 35 31 11 38 6
19 23 35 12 4 39
0 13 37 33 23 31 11 16 21 12 4 38
37 13 40 33 16 35 15 11 1 5 17 6
13 40 24 35 11 15 17 1 12 28 4 38
28 33 6 24 23 31 15 4 35 39
40 5 23 11 38 17 6
33 21 6 24 23 16 31 11 1 17 39
21 16 35 11 1 5 12 4 38 39
24 15 6 12 4 39
23 16 35 31 1 17 4 38 39
16 16 35 31 1 15 12 4 39
35 31 11 12 5 1 4 6
31 15 1 17 12 38 39
12 1 17 4
11 15 1 5 17 39 6
1 17 15 5 38
15 39 4 17 38 6
5 4 17
17 4 38 6
4 39
6 38
38
39
