#kunkel.py
# GMT Sun Apr 21 18:14:38 2019
# 
8 8 27 42 2 30 26 36 20 3 28 18 7 41 40 33 16 35 31 11 1 15 4 39 38 0
27 2 14 12 17 32 40 3 19 0 7 41 10 33 21 23 16 15 11 1 9 20 4
34 18 7 41 10 42 24 21 29 16 14 36 11 9 33 5 32 40 4 3 38 0
37 18 29 9 24 30 23 33 31 20 15 5 32 17 4 3 19 26 39
42 24 2 30 25 22 32 28 31 3 40 23 16 35 15 5 12 4 6 26 39
24 7 41 0 2 13 35 31 18 26 5 32 1 28 17 9 6
2 2 30 14 18 20 25 22 3 13 41 33 29 23 35 31 11 1 4 38
22 0 31 18 40 33 21 29 38 16 14 36 12 25 17 32 20 28 19 39
30 18 14 36 25 3 19 41 40 21 35 0 1 9 5 4 6 26 39
26 14 36 25 32 28 31 9 7 3 40 29 23 16 35 15 1 17
14 29 36 3 32 40 28 18 13 41 10 33 21 31 5 17 38 0
36 29 7 18 32 40 19 0 13 41 10 20 23 35 15 1 9 17 4 6
20 18 29 9 7 12 25 32 3 19 13 41 40 23 31 1 15 6
3 18 28 4 9 33 21 23 16 35 17 12 6
17 7 12 40 19 0 13 10 21 16 35 15 11 5 39
32 29 18 25 28 7 41 10 33 16 1 4 6
10 7 41 40 29 21 23 16 11 15 28 19 38
25 1 13 33 21 29 7 23 0 12 38 4 35 39 6
28 31 29 21 33 18 11 12 40 15 39 19 6
9 29 19 7 41 33 21 23 35 31 11 12 38 39
18 7 19 13 41 40 21 29 23 15 11 5 4 38
7 40 4 21 35 31 11 12 39 38 0
41 4 19 13 33 16 31 11 1 5 12 39 38 0
40 29 19 13 21 23 16 38 5
33 19 13 16 35 11 5 12 4 38 39
21 13 16 31 11 1 5 4 38
6 1 0 13 23 16 35 11 12 5
29 31 23 15 11 1 5 12
23 12 19 13 16 35 31 1 38
16 12 15 0 11 5 38 39
35 0 1 38
31 13 19 1 38 5 4
11 13 1 15 12 39
1 12 13 5 39
15 13 5 39 4 19 0
5 19 13 4 39
12 13 0 39
4 19 13 0
39 13 38
19 19 38 0
13 13 38 0
38 0
0
