#kunkel.py
# GMT Sun Apr 21 18:13:36 2019
# 
8 27 24 30 7 34 25 32 3 9 15 13 28 10 29 35 31 11 26 5 17 38 6
27 37 7 10 42 24 2 9 30 23 18 11 20 26 17 34 12 3 38
37 3 10 9 35 16 14 31 11 34 38 5 32 20 12 28 4 19 6
42 29 2 26 18 12 25 22 32 28 9 13 40 20 21 23 16 35 15 1 19 5 17 4 38 39
24 29 2 14 18 32 28 19 3 7 41 40 33 21 16 35 0 1 17 4 26
2 18 20 25 22 28 36 41 40 21 29 16 17 11 26 5 34 4 38 6
30 36 33 21 6 16 14 15 11 1 25 5 17 12 28 39 4 26 0
7 13 10 17 21 29 22 23 5 18 1 34 19 40 32 20 12 26 39
36 15 0 40 29 21 6 38 16 35 18 1 9 5 32 28 26 25
14 18 41 10 31 29 26 16 33 0 11 34 19 32 12 4 6 9 39
18 20 22 10 28 19 13 41 40 33 23 16 35 0 11 1 5 12 38 6
41 12 22 3 9 0 13 40 20 33 23 16 31 1 5 17 4 6 38 39
34 20 25 22 32 3 9 13 33 23 35 31 1 15 4 6 38 39
25 29 32 28 19 13 40 21 35 0 1 9 5 20 12 39 26 6
22 1 31 13 21 28 23 11 38 17 20 12 35 4 26 0
32 10 3 4 19 0 28 40 29 23 31 1 17 12 6
40 12 3 31 13 33 21 23 15 11 1 5 39 26 6
3 13 31 23 35 15 11 10 4 28 26
4 13 9 5 23 0 21 17 35 19 6
9 13 21 29 16 33 5 1 39 15 38 17
0 19 13 10 21 23 16 15 11 1 26 5 38 6
15 13 33 29 16 1 11 19 17 20 12 28 6
13 10 33 28 23 16 35 11 19 6
28 12 19 10 29 35 11 1 26 5 38 39
10 29 12 19 33 21 23 16 35 31 20 38
20 29 17 35 21 33 1 12 6 5
33 31 6 16 26 17 12 35 39
21 12 31 16 35 5 39 26 6
29 19 31 23 16 5 17 38 39
23 19 23 16 35 31 5 12 39
16 12 6 26
35 31 11 1 5 39
31 26 12 19 38 39
11 5 12 1 39 26
1 19 17 39
38 19 5 17 39 26 6
5 12 39
17 19
12 19
39 19 6
19 26
26
6
