#kunkel.py
# GMT Sun Apr 21 18:11:02 2019
# 
8 0 27 7 41 40 33 37 5 38 35 36 11 34 19 22 32 1 28 24 26 25
27 42 24 14 25 22 32 28 9 7 3 40 33 21 29 23 16 15 11 1 17 38 39
18 42 2 14 36 25 22 32 3 0 7 41 10 33 21 28 23 35 31 11 1 26 17 38 6
42 29 3 30 14 36 12 25 22 32 28 19 37 7 41 40 16 35 0 5 4 26
24 3 30 20 34 28 4 37 7 41 10 23 16 35 31 11 1 17 12 26 39
3 2 9 36 25 22 19 37 41 40 21 16 0 38 5 17 4 26 39
9 29 7 12 25 22 19 0 31 13 28 40 33 23 16 15 11 17 4 26 6
30 29 2 14 36 12 22 19 17 41 40 33 21 23 35 0 11 1 5 34 4
13 31 29 2 14 12 22 37 41 10 33 23 16 15 11 19 5 20 4 6 38 0
14 2 7 14 36 28 19 37 41 10 21 16 15 11 1 38 17 26
36 29 34 22 19 0 37 28 10 33 16 35 15 11 1 26 5 17 4 38 39
34 31 7 41 10 29 16 33 11 1 25 5 12 38 0
25 17 40 33 23 16 35 19 22 32 10 12 31 39
22 12 19 0 37 40 35 15 11 1 5 4 26 39
32 10 33 6 23 16 35 20 15 38 4 28 19 26 39
10 41 10 21 6 29 5 20 12 28 39 4 0
28 40 37 7 41 21 29 23 31 35 15 1 38 17 4 26 0
31 15 19 37 21 26 39 23 2 33 5 17 7 0
19 29 2 5 23 26 1 35 7
15 7 20 37 41 33 21 16 35 1 26 5 17 12 38
37 2 6 35 21 12 16 20 38 0
7 2 26 20 17 29 23 16 5 4 38 0
41 21 11 38 39 1 12 26 0
40 29 33 26 35 5 11 17 4 39
20 21 16 35 2 11 12 6 26 39
33 21 5 35 1 12 17 0
21 29 2 12 17 0 23 35 11 1 6
4 0 29 16 35 38 26 17 39
29 2 12 35 1 5 39 38 6
23 2 23 16 11 1 5 17 6 38 39
16 11 1 5 38 6
35 12 11 1 6 38 39
0 38 6
2 11 38 1 12 26 6
11 1 12 26 6
1 6 39
26 39
5 12 17 6
17 39 6
12 39
6
38 39 38
39
