#kunkel.py
# GMT Sun Apr 21 18:06:39 2019
# 
8 27 7 40 37 2 24 13 16 14 18 38 11 20 19 17 32 34 4 28 26 6
27 3 7 41 40 33 2 13 16 23 19 11 1 25 32 20 28 9 39
34 29 2 30 14 36 12 22 32 3 9 15 13 41 40 21 23 16 31 38 26 6
42 18 13 41 10 31 2 9 30 7 16 14 0 20 15 5 32 40 12 19 6
24 13 41 10 29 2 6 5 35 14 31 21 38 20 19 22 17 4 3 9 39
2 7 10 37 21 23 16 38 31 19 5 32 20 12 3 26 25
9 7 3 10 37 21 30 14 36 18 25 22 1 28 5 26 0
30 37 13 41 40 29 5 23 16 18 11 25 22 32 10 12 3 19 0
13 29 36 20 17 10 28 19 0 37 40 33 23 35 31 4 6
36 31 41 10 20 29 33 7 23 18 38 11 12 26 17 25 4 3 0
14 37 7 41 10 21 6 35 0 1 11 12 15 4 3 26 39
18 29 12 28 19 7 3 10 33 21 16 35 31 11 5 4 6 38 39
12 29 25 22 28 19 7 41 10 20 21 23 0 1 5 17 6
20 41 10 28 37 5 32 1 4 3 38 17
25 7 31 33 16 35 15 22 32 1 4 39 17 0
22 37 41 40 17 21 6 29 23 35 1 19 5 26
32 3 19 0 41 10 21 16 35 15 11 26 5 17 4 6 38 39
10 26 19 33 29 23 15 11 1 6 38 0
28 7 17 37 41 40 33 21 16 35 31 1 15 5 26 39
31 15 33 7 16 35 21 11 38 3 19 26 39
19 3 0 29 23 16 35 11 1 26 4 6 38 39
15 0 7 37 33 16 11 1 5 17 4 38 6
37 3 0 21 23 16 35 11 1 5 17 4 26
7 33 21 23 11 1 5 17 39 38 0
41 0 40 21 29 5 11 35 26 39
40 6 29 21 33 23 35 0 1 4 3 38 39
33 6 35 16 17 39
21 17 3 21 29 23 35 4 26 6
29 17 16 0 11 1 38 5 4 26 39
23 1 6 35 26 38 3 39
16 35 11 1 17 4 0
35 3 1 26 5 17 4 38 39
0 17 4 39
3 26 17 11 1 5 4 38 6
11 26 11 17 4 38 6
1 26 4 38
26 5 6 39
5 4 39
17 4 6
4
39 6 38
38
6
