#kunkel.py
# GMT Sun Apr 21 18:05:27 2019
# 
8 37 7 41 40 27 2 29 30 13 16 15 11 1 26 22 20 3 19 38 39
27 27 42 24 2 14 34 25 32 40 13 10 20 33 29 23 16 35 15 1 38 12 4 26
42 7 10 20 37 2 29 13 14 0 32 11 1 40 33 5 34 17 3 19 6
29 18 24 2 30 14 36 20 40 3 9 37 28 10 31 35 15 39 26 0
2 14 18 20 25 32 40 3 19 13 10 23 15 11 9 5 12 4 26 6
9 24 18 25 32 28 19 37 7 40 33 21 23 16 35 31 11 1 9 5 17 4 26
30 37 41 0 33 26 22 35 31 11 34 25 5 1 12 28 24 4 19 6
13 14 18 32 20 25 17 34 28 37 40 33 23 31 11 12 4 26 0
36 0 7 41 40 24 38 35 18 11 12 15 39 17 3 19 14
14 41 40 22 7 23 18 34 19 5 1 4 28 39 38 17
18 15 28 33 26 7 16 1 38 5 32 17 4 35 24 0
20 3 10 37 33 21 34 25 5 32 12 35 38 39
25 24 17 28 19 37 3 33 16 35 0 11 5 34 12 39 38 6
22 37 7 28 10 24 21 23 31 11 34 1 35 3 4 6
32 34 0 41 40 33 21 16 35 31 38 5 4 19 26 6
10 3 4 0 28 40 33 21 24 23 16 35 15 38 5 17 12 39 26 6
3 40 28 19 17 15 7 33 24 31 1 5 34 26
4 24 7 12 40 28 19 37 41 35 31 5 17 6 39
19 34 37 41 21 16 31 11 26 5 17 38 0
17 33 38 23 31 16 11 1 5 40 6
0 7 37 41 33 21 24 23 35 15 11 5 38
37 41 40 33 16 5 34 12 28 39
7 28 40 33 21 6 5 12 15 1
41 31 33 23 16 34 26 5 1 12 28 39
40 33 24 23 16 35 11 38 5 26 39
33 24 21 15 12 6
21 15 23 16 35 31 11 1 28 6
31 1 24 23 35 15 12 26 28 39
24 28 16 35 11 38 5 39 26
28 23 16 35 15 5
23 1 6 5 16 11 38 15
16 34 15 11 1 5 6 39
35 34 15 11 1 38
15 34 1 12 6 39
11 1 34 12
1 34 26 39
38 6 5 26 12 39
5 34 6
34 12 26 39
12 39 26 6
6 26 39
26
39
