#kunkel.py
# GMT Sun Apr 21 18:04:30 2019
# 
8 17 2 30 14 18 12 22 28 37 41 40 33 23 16 15 11 26 5 20 4 38 0
27 42 30 7 36 18 25 22 32 3 0 37 13 41 10 21 28 16 35 31 26 38 6
34 42 29 2 36 14 18 20 25 22 28 9 31 13 41 33 21 23 15 1 19 4 39 0
17 0 13 29 2 6 33 7 16 23 36 11 20 19 32 1 4 3 24 26 39
29 24 2 30 14 36 20 25 10 28 9 31 7 3 40 16 35 15 1 26 4 38 39
2 42 30 14 36 25 32 10 28 9 15 41 40 33 24 16 0 19 12 4 6 26 39
9 37 7 41 10 33 30 16 14 0 21 11 15 22 32 1 12 3
30 13 3 42 37 39 5 36 11 1 25 22 28 24 0
13 7 42 20 21 23 16 31 18 19 22 32 12 3 4 26 39
36 36 18 32 10 28 37 41 40 33 21 24 23 35 15 11 4 38 39
14 42 22 32 10 3 19 0 37 7 41 40 21 24 23 31 11 1 12 38 39
18 41 40 20 37 3 6 33 16 10 5 32 1 4 39 38 0
12 15 41 10 33 38 7 31 21 1 25 5 40 4 28 19 39
25 0 7 41 10 6 24 23 31 28 5 20 3 4 26 39
22 42 24 7 32 28 37 41 23 35 31 11 1 5 38 6
32 24 7 10 28 37 41 40 33 31 15 4 39 26 6
10 41 42 33 35 11 20 5 4 28 39 0
28 15 40 24 23 5 21 11 20 38
31 19 31 41 40 33 21 6 23 15 11 1 20 39 38 0
19 1 37 0 42 33 23 11 15 20 7 38 6
42 24 3 40 33 21 23 35 0 11 5 4 39 6
37 3 41 24 11 15 38 4 35
3 41 40 38 16 35 24 6
41 24 26 20 35 39
40 7 33 21 24 23 16 35 11 5 38 39
33 24 7 20 16 11 1 4 38 6
21 1 26 23 16 35 15 20 4 39 6
6 20 7 16 15 1 38 4 26 0
24 20 23 16 35 38 26
23 7 0 16 35 5 38 39
16 35 11 1 26 38 4
35 1 7 26 20 15 4 38
15 0 20 11 38 4 26 39
11 20 0 1 26 39
1 7 5 26 20
38 5 39
5 7 26 4 39
20 0 39
4 26 0
7 26 39
39 0
26
0
