#kunkel.py
# GMT Sun Apr 21 18:02:47 2019
# 
8 42 24 30 18 34 22 32 40 19 7 41 10 21 29 23 16 35 15 17 4 38 6
27 18 37 2 36 20 25 22 40 28 19 31 29 3 10 24 23 35 15 11 1 5 34 39
37 17 24 2 36 12 22 40 3 19 13 41 10 20 21 28 23 16 35 0 5 34 26 39
42 15 13 9 23 31 18 34 25 5 32 12 4 19 38 0
24 18 29 13 14 36 12 22 9 7 41 33 21 16 39 31 11 1 15 6 0
2 7 3 10 31 21 22 13 16 23 0 38 1 25 5 40 12 14 9 39
30 36 7 40 33 21 26 13 35 31 18 1 19 5 25 20 4 28 9 6
13 14 18 20 28 9 7 41 40 21 16 35 11 1 5 12 4 26 6
36 7 0 23 12 33 31 11 20 38 22 34 1 35 14 39 26 6
14 14 18 12 25 22 3 19 41 40 21 23 16 35 31 11 17 4 26 0
18 3 7 34 25 28 19 41 33 21 29 23 0 1 5 17 12
12 25 22 32 28 19 41 0 29 15 3 1 9 26 6
34 10 33 26 23 31 1 16 15 38 4 28 19 17 9 25
25 20 25 17 32 28 19 41 40 33 16 15 1 9 4 38 6
22 20 17 28 19 7 3 40 35 31 1 9 5 4 39
32 15 7 40 29 38 23 16 35 0 1 4 28 19 6
40 3 10 38 33 26 21 11 1 17 35 19
3 29 26 20 28 19 7 41 10 33 21 23 16 35 31 11 15 5 38
26 31 10 29 33 38 16 11 15 17 9
19 41 21 23 11 4 9
0 23 31 33 21 11 5 20 35 38 6
31 9 7 29 23 16 5 17 6 38 39
7 41 10 6 33 35 21 1 28 9 39
41 41 10 20 21 29 35 15 5 17 4 38
10 29 9 20 33 28 23 16 15 17 4 6 39
20 6 29 23 16 5 11 1 4 28
33 1 17 29 23 35 11 5 28 39
21 9 29 23 16 35 11 1 5 17 39 38 6
29 9 15 23 16 35 11 17 4 6
28 17 16 39 11 38 6
23 9 16 35 11 15 39
16 1 4 38 39
35 15 5 17 4 38 6
15 9 11 1 5 17 4 6 39
11 9 11 5 17 39
1 5 6 39
9 17 5 38 6
5 17 4 39
17 38
4 6
39
38
6
