#kunkel.py
# GMT Sun Apr 21 18:00:22 2019
# 
8 27 31 29 13 14 18 20 22 32 28 37 7 3 40 23 16 15 1 5 17 39 0
27 31 34 29 21 24 30 23 14 0 2 1 32 20 35 3 38 6
34 13 41 33 3 29 16 36 0 18 1 25 5 20 4 14 19 9 6
31 36 20 22 32 28 9 18 3 41 33 23 16 35 15 1 38 17 12 39 26 0
29 13 41 10 20 37 2 23 39 0 18 22 32 17 12 3 4 19 6
2 18 24 14 36 12 25 22 3 9 37 21 16 35 11 1 19 17 4 38 39
30 42 24 13 14 36 12 28 19 37 7 3 10 33 21 16 35 15 26 5 20 38 39
13 37 7 40 24 38 35 0 1 11 15 17 32 20 12 28 4 9
36 42 24 14 18 25 22 40 28 37 7 3 10 33 21 16 1 26 5 20 12 38 0
14 24 18 32 9 37 10 33 21 0 11 1 5 17 4 38 6
18 22 28 19 7 33 24 23 16 0 11 9 20 12 26 39
41 42 20 25 22 3 19 17 7 28 40 21 24 0 11 1 5 6 26 39
20 22 40 9 37 10 21 1 15 5 4 26 39
25 15 10 42 37 33 26 22 21 38 5 32 12 28 19 9 6
22 32 3 9 37 40 33 21 23 1 15 5 17 12 19 38 6
32 7 10 21 24 26 1 33 40 12 4 38 6
10 42 12 17 28 9 7 40 24 23 35 15 11 5 4 26 6
28 7 33 9 24 23 15 35 39 4 3 26 6
26 3 40 37 7 21 23 16 35 11 17 12 38 6
9 33 7 23 35 4 19 39
42 24 12 3 19 37 40 33 23 16 15 11 1 5 17 39 38 0
37 15 40 33 16 35 0 11 1 5 17 6
7 33 24 16 11 1 5 40 12 3 6
3 19 0 24 23 35 11 5 38
40 5 23 11 38 17 6
33 24 0 21 23 16 11 1 17 39 6
21 16 35 0 11 1 5 12 4 38 39
24 12 15 39 4 6
23 0 38 16 35 1 19 17 4 39
16 16 35 15 1 12 4 39 0
35 11 12 5 1 4 19 6
0 11 12 4 38
12 19 1 17 4
11 1 15 5 17 6 39
1 17 15 5 38
15 6 4 17 38 39
5 4 17
17 38 4 6
4 19 39
6 38
19 39
38
39
