#kunkel.py
# GMT Sun Apr 21 17:51:21 2019
# 
8 42 29 2 30 36 18 20 22 32 10 3 37 40 33 21 24 38 35 31 15 12 26 0
27 1 37 13 42 24 21 9 29 23 14 15 2 34 25 32 38 12 3 4 26 39
34 42 24 30 36 20 25 22 32 9 18 13 41 0 33 23 15 26 17 12 38 39
14 7 3 10 42 38 30 13 35 36 18 12 19 5 32 40 4 28 39 26 0
42 41 24 2 30 26 36 21 11 9 5 32 12 35 38 0
29 29 3 20 32 28 19 37 7 41 40 33 21 24 23 16 31 1 15 17 0
2 13 3 33 21 9 30 23 36 18 11 20 15 5 17 25 28 26 39
30 30 18 22 32 3 19 37 41 20 21 23 16 35 31 11 26 17 12 38 0
7 37 40 17 33 23 16 36 38 11 15 22 32 10 35 3 24 31 26 6
36 24 18 25 32 3 19 28 20 21 16 35 15 1 17 38 6
23 18 32 40 3 9 31 13 10 33 24 35 15 1 19 5 17 0
18 12 10 28 9 41 40 21 16 35 31 1 5 17 4 6
20 15 13 10 16 35 21 11 19 17 40 12 3 39 26 0
25 41 10 31 33 5 37 35 16 22 1 28 39 19 17
22 37 3 40 24 21 9 38 13 31 1 11 15 17 28 26 6
32 19 41 10 33 24 15 11 1 9 12 4 26 39
10 37 31 24 38 11 5 12 35 28 39 9 0
3 38 28 9 37 41 33 21 24 35 31 11 19 6 26 0
9 13 37 16 35 21 11 12 17 19 6
17 28 13 41 40 33 16 31 5 38 39
37 12 28 15 13 41 40 24 16 35 0 1 19 26 39
13 1 6 24 16 31 15 12 39 4 0
41 19 40 33 21 16 35 0 11 1 5 4 39 6
40 21 6 24 11 19 1 4 28 26 0
33 15 6 38 26 31 5 12 4 19 39
21 16 35 1 19 4 39 38 6
6 15 28 11 12 19 4
24 28 19 0 35 31 11 1 15 4 38 39
28 5 1 12 4 38
38 35 15 4 26 0
16 1 31 26 39 5 15 19 0
35 19 31 11 1 5 12 4
31 5 11 1 4 26
11 15 0 19 12 4
1 19 5 26 39
15 0 5 4 39
5 4 0
12 26 39
4 19 0 39 26
39 19
19
26 0
0
