#kunkel.py
# GMT Sun Apr 21 17:28:50 2019
# 
8 27 42 24 30 36 14 18 22 10 9 37 13 40 33 21 23 16 0 5 17 26 6
27 29 2 9 30 7 14 36 20 25 32 19 18 13 41 10 21 24 23 0 11 1 15 12 38 6
18 34 25 22 28 9 0 15 13 41 40 33 21 35 31 11 1 17 4 38 39
3 15 10 33 29 36 5 0 20 25 17 34 40 12 14 4 26 39
42 29 30 7 14 36 34 22 32 9 37 13 41 33 23 16 31 1 26 39 38 6
24 7 40 21 26 13 16 23 36 2 12 25 5 32 20 4 35 19 38 0
2 31 29 36 12 22 28 9 0 37 7 40 20 21 23 16 15 34 6 38 39
34 37 40 33 6 38 23 36 21 11 12 16 1 28 19 9 25
30 9 7 36 12 22 32 28 19 37 13 33 21 23 35 31 15 20 4 38 0
7 10 29 38 16 14 15 5 25 33 22 32 40 35 39 19 6
14 36 20 25 32 19 41 10 33 21 35 11 1 26 17 39 38 6
36 25 22 28 19 17 13 33 29 23 31 9 5 20 12 6 39
20 40 31 29 33 23 38 11 12 25 32 17 35 4 26
25 12 32 0 37 40 33 21 23 31 11 1 15 4 6
22 37 41 40 6 23 35 11 12 15 32 28 31 26 0
32 32 10 19 0 40 21 23 15 1 4 39 26 6
10 37 40 23 33 29 13 16 12 38 5 17 28 19
28 41 31 33 5 16 35 21 11 9 1 12 4 19
31 19 37 13 40 33 21 23 35 15 9 5 39 38 6
9 13 37 35 21 15 5 1 39
15 29 13 12 19 0 33 23 35 11 5 26 39
37 0 41 40 33 23 35 1 11 4 17
13 40 29 23 35 38 1 5 12 4 0
41 40 29 21 6 5 11 12 26 1 4 39 17 19 0
40 17 33 11 38 4 26 39
33 29 16 5 12 26 39
21 0 29 35 1 5 12 4 6 39
29 0 16 35 11 1 5 4 39 6
23 19 23 16 35 1 5 4 6 38 39
16 6 0 11 4 38 39
35 19 1 5 4 26 38
0 19 11 1 26 4 38
38 11 17 19
11 26 5 1 19
1 5 17 19
19 12 17 26 6 39
5 12 6
17 26 39 12 4 6
12
4 6 39
39 26 6
26 6
6
