#kunkel.py
# GMT Sun Apr 21 17:05:24 2019
# 
8 1 27 7 28 40 42 33 24 14 36 18 34 25 22 32 20 4 3 19 9 0
27 37 13 41 20 33 29 28 23 14 31 18 34 38 22 32 17 35 9 39
37 13 14 0 42 29 24 23 22 35 36 11 34 38 5 20 12 28 4 9 6
42 30 14 36 20 25 22 3 13 41 10 33 21 16 39 31 1 15 17 4 6 0
24 18 29 14 36 34 25 32 28 19 10 33 23 16 15 11 1 9 5 17 4 6
2 36 7 41 33 21 30 23 16 14 31 18 11 34 19 32 17 12 3 26 4 9
30 0 15 7 40 21 22 23 35 18 20 5 1 28 39 26 17
13 18 29 14 31 12 25 22 32 28 9 10 33 21 6 16 35 15 19 39 0
12 0 41 10 33 28 7 16 36 11 1 26 17 20 4 39 19 9 25
14 29 7 14 18 20 32 40 3 9 10 33 15 11 38 17 4 26
36 25 32 3 9 7 41 10 33 21 23 16 0 15 17 38 6
41 3 0 33 23 31 34 15 4 39 19 38 6
34 7 10 40 22 16 35 31 18 1 19 5 21 17 26 6
25 7 25 32 3 19 10 21 23 16 35 15 1 17 4 26 39
22 28 40 21 7 16 35 18 1 15 39 17 3 19 6
32 20 28 9 3 40 29 38 16 0 11 19 17 4 26 39
10 7 18 20 28 19 40 21 16 35 31 26 5 4 38 39
28 20 23 16 33 31 5 11 38 17 26
26 7 20 33 21 9 16 1 5 39 4 38 6
19 18 40 33 16 35 0 11 1 5 17 6 39
17 9 31 20 21 23 16 35 15 1 4
15 7 18 20 3 33 21 29 1 5 4 6 38 39
18 7 29 16 35 31 11 9 39 38 0
7 40 31 23 11 1 5 39 38 0
3 29 31 20 40 21 35 0 11 1 4 38 6
40 31 29 33 23 0 38 35 4 9 39
33 31 29 16 20 4 6 39
21 20 9 0 23 16 35 1 38 5
29 31 35 16 11 20 9 0
23 0 16 11 5 4 38 6
31 1 20 35 4 38
35 16 11 4 9 6
0 16 11 1 20 4 38
16 20 11 4 6
11 6 39 20 4 9
1 5 38 9
9 4 6 39
5 20 6 38 39
20 38 4 6
4 39
6 38 39
38
39
