#kunkel.py
# GMT Sun Apr 21 16:45:24 2019
# 
8 15 37 7 42 2 30 26 16 39 18 21 20 9 5 32 17 28 19 31 38 0
27 28 40 42 29 33 26 23 16 14 0 11 25 32 17 35 3 24 4 9 39
34 37 7 41 10 24 21 13 35 36 18 11 20 25 22 40 12
14 29 2 30 13 12 22 32 19 37 7 10 33 21 24 35 0 11 1 9 5 17 4
42 7 41 10 29 2 30 13 36 31 18 11 20 26 28 5 40 3 19 39
29 24 2 30 13 36 20 32 19 18 7 10 33 21 35 5 17 12 26 39
2 37 28 30 23 31 35 36 11 20 15 5 1 12 4 6
30 18 25 22 32 28 37 3 41 0 21 24 23 35 31 11 1 39 6
13 1 37 40 21 33 16 36 5 25 22 32 20 12 35 24 39
36 41 24 23 39 15 11 22 20 12 7 17 19 6
23 18 22 32 28 9 31 41 40 33 21 16 15 11 1 19 5 17 26 6
18 31 25 22 32 19 37 41 40 24 35 15 5 20 4 38 0
41 20 17 28 19 0 37 3 10 33 21 16 15 11 38 5 4 26 6
20 25 22 32 40 28 10 33 24 0 1 17 39 38 6
25 17 24 12 22 40 3 15 7 10 33 35 31 1 4 26 6
22 24 32 40 28 9 10 21 38 1 19 5 4 26 6
32 37 7 33 21 24 16 11 1 26 17 38 39
10 31 3 9 17 37 7 40 33 21 35 15 11 1 5 12 38
28 24 3 9 0 31 40 16 35 15 11 1 17 26 6
31 21 9 35 11 39 17 4 19 26 6
9 24 9 0 15 7 3 33 21 35 11 1 19 17 4 39 26 6
37 15 40 24 21 5 1 12 35 4 38 39
7 7 33 16 1 11 5 40 3 19 39 6
3 0 21 26 16 15 1 39 40 12 19 4 6
40 40 19 17 33 15 11 5 12 39 6
33 38 15 11 5 12 35 39 6
21 17 38 15 24 35 19 5 12 4 26 6
6 35 15 12 4 38
24 15 16 11 19 26
38 17 0 16 35 1 4 19
16 0 1 5 17 12 26 39
35 19 0 15 17
15 12 11 1 19 5 17 4
12 11 17 4 39 26
11 1 5 26
1 19 0 17 4 39
19 4 39 26 0
5 4 26 39
17 4 26
4 39
39 0
26 0
0
