#kunkel.py
# GMT Sun Apr 21 16:44:14 2019
# 
8 24 2 30 26 14 18 34 17 32 3 9 37 21 29 16 31 11 1 15 5 20 4 38 6
27 37 7 3 10 33 2 22 30 16 36 31 1 5 34 28 39 38 6
34 3 41 40 29 37 30 23 36 14 31 11 15 16 5 4 28 38 6
42 18 2 14 36 12 25 17 32 3 0 37 13 40 21 23 16 31 11 20 4 6 39
24 29 2 30 12 22 32 3 0 37 41 10 38 31 11 1 15 5 17 4 39 26 6
2 30 14 18 20 25 22 32 13 41 33 29 23 15 11 1 5 17 12 6 38 39
30 14 22 10 3 9 13 28 40 33 16 0 11 19 5 17 38 6
26 18 22 32 10 28 19 0 36 7 3 40 33 16 35 31 9 17 4 6 39
36 29 14 18 32 28 19 0 40 21 35 15 11 5 17 12 39 38 6
14 25 22 32 19 17 37 33 21 23 16 35 0 11 1 9 5 20 39
18 41 10 33 6 9 31 21 1 15 22 40 4 3 19 0
41 7 25 22 32 28 9 37 13 3 23 16 35 15 11 1 19 5 17 0
12 15 0 13 37 29 23 16 35 5 1 11 20 25 22 17 31 38
20 13 3 40 33 38 23 15 21 11 19 22 10 28 9 39
25 37 7 40 33 6 29 31 21 19 22 1 4 35 17 9 39
22 3 19 37 13 40 33 21 23 35 31 1 9 5 39 0
32 7 10 28 9 31 13 40 33 29 23 16 35 0 1 38
40 40 28 19 17 10 33 21 35 15 11 9 0
3 19 37 7 10 29 23 0 1 5 4 39
9 7 19 31 13 33 16 0 1 38 17 4 39
0 13 21 29 35 31 11 1 15 6
37 13 6 29 28 31 1 38 39
7 10 29 28 23 35 31 5 17 4 6
28 17 19 13 10 33 23 16 31 11 1 15 4
10 29 23 16 35 5 4 39
33 13 31 5 38 21 11 35 6
21 15 5 23 16 11 6
13 17 23 35 1 5 4 39 38 6
29 19 23 31 11 1 5 4 38 39
23 16 31 11 1 5 4
16 15 11 35 17 1 19
35 17 5 15 6 39
31 19 5 38 6
11 4 17 39 6
1 1 17 4 39
15 19 5 39 38
5 17 6 39
17 19 4
4 19 39
39 19 39
19 6 38
38
6
