#kunkel.py
# GMT Sun Apr 21 16:32:15 2019
# 
8 27 24 2 30 20 25 22 32 40 28 4 9 37 3 10 21 16 31 17 12 39 26 6
27 37 7 41 10 42 38 30 13 14 31 18 12 25 28 5 1 35 3 4 9
34 18 29 7 36 20 25 28 9 37 13 33 21 24 23 16 35 31 19 17 4 39 0
42 1 37 7 3 21 9 24 13 14 18 11 20 15 22 32 17 35 28 4 26
24 29 30 14 22 32 3 19 13 40 23 16 35 31 11 12 4 6 26 39
2 37 7 10 33 22 30 13 16 35 38 26 5 40 4 9 6
30 29 40 37 0 23 16 39 18 11 12 15 5 32 20 28 19 6
13 18 22 28 9 0 3 7 41 40 33 21 23 35 31 11 1 19 20 4 38 6
36 37 41 17 20 29 38 35 15 11 1 9 5 32 4 28 19 26 25
14 7 41 10 21 9 22 23 16 39 31 11 1 15 5 3 19 38 25
18 7 18 12 25 17 32 28 19 31 3 40 33 21 16 15 11 5 20 4 38
41 31 7 25 22 28 19 37 33 23 16 35 15 11 38 4 39 26 0
20 7 32 3 28 33 23 35 31 11 1 15 5 4 38 39
25 29 3 28 19 7 10 21 16 35 31 15 17 4 38 39
22 15 40 33 26 35 0 11 1 38 32 3 19 9 6
32 12 28 9 17 7 10 29 23 0 15 5 6 19 39
40 7 12 28 9 37 3 10 21 23 16 35 15 11 1 4 38 39
28 37 29 35 15 3 17 9 39
4 37 39 10 33 31 15 11 1 5 6 26 0
9 29 9 37 3 21 23 16 11 5 6
0 1 31 10 17 33 21 29 23 16 15 11 12 26 6
37 3 7 10 33 21 15 26 17 12 38 6
7 26 31 16 21 19 38 39
3 12 33 21 38 16 35 31 15 5 19 26
10 12 19 33 21 23 35 1 15 5 39 26 6
33 17 29 23 16 5 11 26 6
21 29 31 19 23 35 11 1 5 17 38
29 15 31 35 17 1 19 6
23 16 11 38 5 17 12 26 6
16 17 31 35 11 15 5 12 39
35 31 1 5 12 26 39
31 15 5 17 12 26
15 11 1 6
11 12 17 6 38
1 26 12 38
38 17 12 26 6
5 6 19 39
17 39 12
12 6
39 26 19 6
19 26
26
6
