#kunkel.py
# GMT Sun Apr 21 16:20:54 2019
# 
8 27 41 10 42 29 21 33 28 35 16 14 11 12 25 5 32 20 3 24 37 39
27 24 2 13 14 36 25 22 40 3 9 0 7 41 10 21 29 28 16 35 31 1 15 17 6
34 42 24 9 30 14 18 12 25 28 19 31 13 40 29 23 35 15 1 26 4 38 6
42 37 7 10 40 33 21 26 23 36 14 0 2 38 22 17 15 4 9 39
29 24 2 13 36 12 32 3 19 18 7 41 0 21 28 23 35 15 11 1 5 17 4 39
2 10 37 9 36 33 18 12 15 5 32 6 19 25
30 37 13 41 40 24 21 33 23 16 14 31 18 38 22 1 4 5 9 39
7 13 28 40 6 22 31 11 1 15 39 20 25 3 17 38 0
14 41 24 37 9 33 23 35 36 25 5 17 4 3 19 38 39
36 12 25 22 32 3 9 37 33 21 23 35 15 11 1 5 17 4 26 39
18 15 13 28 10 33 23 0 25 39 40 12 3 19 4 9 6
12 25 28 19 37 13 41 10 33 24 16 35 0 17 4 39 26 6
25 20 22 19 37 10 33 23 16 35 1 38 26 6
22 0 10 37 21 38 13 16 11 20 32 17 28 19 9 6
32 37 13 41 10 40 33 23 38 21 1 15 20 4 3 19 9
40 1 24 21 38 13 31 35 16 17 19 26
28 20 4 9 15 33 21 24 23 16 31 11 38 5 26 6
9 24 37 13 3 10 16 17 11 20 4 39 26 6
17 13 3 19 37 41 24 23 15 20 4 38 6
0 13 3 37 41 10 21 24 23 35 31 11 26 5 4 38 39
37 24 3 19 15 33 21 16 31 1 6 38
3 20 39 41 10 33 21 24 16 15 1 19 5 6 26
41 15 20 33 21 35 11 1 26 4 39 38 6
10 20 24 5 38 23 1 35 19
33 20 19 13 21 11 1 5 26 6
21 13 38 31 16 26 39
13 31 24 23 16 11 1 39
24 20 16 11 1 39 26 6
23 1 20 38 5 4 19 6
16 20 26 5 31 11 1 39
35 6 5 31 1 15 35 26
31 38 5 4 26 6
38 19 11 15 39 26
11 6 5 20 1 39
1 5 4 39
15 20 19 5 4 26 6
5 19 4 39 6
20 4 26
4 19 39 26
6
19 19 26
26 39
39 39
