#kunkel.py
# GMT Sun Apr 21 16:17:07 2019
# 
8 27 42 29 36 12 22 9 18 41 10 33 21 23 16 19 1 38 5 4 6 26 39
27 42 29 3 30 14 12 22 32 40 28 37 13 41 10 20 33 21 38 23 35 0 15 34 4 26
37 42 29 2 30 18 12 25 40 28 3 13 41 10 33 0 26 5 17 6 38 39
42 18 29 2 30 36 34 22 32 9 7 10 21 23 16 35 15 11 19 17 12 38 0
29 24 30 14 12 25 3 9 13 33 23 35 31 1 19 34 39 26 0
2 41 40 30 16 14 18 11 1 38 5 32 34 12 35 4 26 39
30 26 23 35 36 21 11 20 19 17 34 28 9 25
26 13 20 25 32 40 9 7 10 33 21 24 35 15 11 4 38 6
14 41 10 33 23 16 35 36 21 34 39 32 1 12 6 24 4 0
36 31 7 10 40 21 22 0 20 25 5 32 34 4 17 38 39
12 13 34 25 22 28 9 7 40 21 24 23 16 35 0 1 19 38 6
25 13 20 17 7 41 33 21 24 23 16 15 11 1 38 5 4 39 0
22 13 28 10 23 18 1 11 15 5 34 3 17 9 39
32 40 24 21 23 16 11 9 5 4 28 6
40 15 13 41 10 31 24 23 16 33 11 9 20 4
3 13 41 10 21 7 16 35 18 38 34 15 1 28 24 9 39
31 0 18 41 9 24 13 16 33 20 19 17 34 10 28 7 39 38 6
9 18 20 28 17 41 24 23 16 15 11 38 6
17 0 7 10 33 39 20 15 28
15 24 18 20 28 7 41 33 23 16 35 0 1 38 39
18 7 10 5 0 39 21 11 1 16 20 4 6
13 13 10 28 19 0 7 33 21 16 35 38 5 34 39
41 20 10 28 33 21 11 1 5 34 4 19 39
10 24 7 20 16 34 38 0
20 34 33 38 23 16 11 5 4 19 39
33 28 19 21 23 16 1 5 34 4
21 24 28 19 23 16 0 11 5 34 6
24 34 28 35 11 19 5 4 6 0
28 7 34 23 35 4 19
23 1 4 39 6
16 7 1 19 5 38 6
35 1 0 7 11 5 38 19 6
0 6 5 7 39
11 7 1 19 34 4 6 39
1 7 38
19 5 4 39 38 6
5 6 39
34 7 38 6
4 6 4 39
6 38 7 39
7 38
38
39
