#kunkel.py
# GMT Sun Apr 21 15:39:13 2019
# 
8 27 7 41 10 42 33 3 6 29 23 14 19 11 25 32 17 35 26 39
27 24 30 14 12 40 28 9 7 3 10 29 23 16 35 31 11 1 19 5 20 4 39
34 37 7 10 42 29 21 9 33 30 13 5 18 20 15 40 1 4 19 38 17
42 37 3 41 10 31 33 9 23 16 14 18 11 15 39 1 25 12 38 0
29 7 41 31 37 2 5 14 36 1 25 22 12 15 4 39 17 9 0
2 18 31 30 14 36 25 10 9 37 41 40 33 23 16 35 15 11 1 17 39 26 6
30 7 41 10 40 21 6 26 35 18 11 3 22 32 12 28 39 38 0
13 37 7 41 10 24 21 33 38 16 18 11 26 22 20 4 28 19 0
36 18 7 40 24 23 14 31 11 12 26 22 32 4 35 9 6
14 18 20 25 22 28 19 37 41 10 33 21 24 23 31 11 1 15 5 39 0
18 25 22 3 19 28 40 21 23 31 11 1 38 17 12 26
0 24 25 22 32 19 41 10 33 21 23 16 35 15 11 1 26 5 4 38 39
20 41 40 17 37 21 24 23 16 19 5 1 38 22 12 26 6
25 24 12 32 10 3 19 15 37 7 28 40 33 16 35 31 11 9 17 26
22 1 31 24 6 33 23 16 38 5 32 17 35 9
32 37 40 24 6 5 23 33 11 38 3 19 26
40 24 3 19 7 33 21 16 35 15 11 17 26 39
3 7 33 16 39 1 5 28 19 6
4 1 7 41 10 21 16 11 12 26 28 38
19 37 7 41 21 23 16 35 15 11 17 12 39
15 24 10 28 37 7 41 21 23 16 15 1 26 17 39 38
37 24 7 28 9 41 33 21 35 11 1 5 17 6 39
7 21 23 16 35 11 38 39
41 23 31 16 11 12 17 6
10 33 5 38 16 21 11 35 9
33 5 38 31 21 1 35 9
21 24 28 9 23 11 5 39
24 31 9 5 23 1 12 6 26
28 31 6 23 26 12 38 39
23 12 17 16 35 1 9 6
16 31 38 1 9 6 26
35 12 38 31 9 17 26 6
31 38 11 12 1 9
38 17 5 26 39
11 12 17 6
1 17 5 26
9 17 12 39 26 6
5 17 26 12 6
17 26 6
12 39 6
39
26
6
