#kunkel.py
# GMT Sun Apr 21 15:34:35 2019
# 
8 8 42 24 2 30 7 38 18 12 10 28 37 13 41 40 33 29 23 31 11 15 5 6 26 39
27 29 2 30 14 18 20 25 19 0 7 41 33 21 23 16 35 15 11 1 26 5 38
34 2 36 14 18 12 32 10 19 37 7 41 40 20 33 21 35 0 11 38 5 17 26
14 42 29 2 30 18 10 9 0 7 40 33 16 35 15 11 1 5 17 4 39
42 18 24 2 7 36 12 25 32 19 0 37 13 41 40 23 31 11 15 5 4 38 39
24 37 10 2 6 30 16 39 18 11 12 26 22 32 17 28 38 0
2 29 7 36 32 4 9 37 13 33 21 23 35 31 1 20 12
9 18 10 40 37 5 30 23 36 31 21 11 20 35 22 17 4 3 26 6
30 18 36 20 25 22 10 28 19 37 40 29 23 11 1 5 12 4 38 39
7 10 20 33 5 23 31 36 22 32 12 4 3 26 6
36 29 3 22 32 10 28 0 41 40 33 21 35 31 1 38 26 6
38 29 20 17 28 19 18 41 40 33 23 16 0 11 4 26 6
18 12 25 10 3 37 41 40 21 16 35 31 11 15 5 6 19 39
12 0 13 40 16 21 1 11 17 32 20
25 13 41 10 37 21 6 29 23 33 20 1 39 19 0
22 10 3 0 37 41 40 33 29 23 16 35 31 11 1 15 6 39
32 31 10 29 16 35 11 1 19 17 4 28 26 0
10 3 19 41 40 33 21 23 16 31 1 5 26 39
28 31 13 41 40 20 29 23 16 11 1 19 17 6 26 39
19 40 3 37 13 33 21 16 31 11 1 20 4 6 26 0
17 37 40 21 23 16 1 26 5 4 6
0 3 37 13 41 40 21 16 15 1 39
37 41 40 29 23 31 5 21 6
13 20 29 23 16 31 11 1 5 39
41 3 23 16 35 15 11 1 5 4 6
40 26 33 21 23 31 15 4 6 39
33 29 6 5 26 1 35 39
21 5 23 16 35 15 3 39
29 31 5 11 20 15 26 39
23 20 16 35 31 1 5 26
16 31 15 5 6 26 39
35 1 5 15 20 4 3 39
31 11 20 6
3 26 15 1 4 39
11 26 20 15
1 15 4 6
15 5 20 4 26
5 26 39
20
4 26 6
6 39
26
39
