#kunkel.py
# GMT Sun Apr 21 15:32:13 2019
# 
8 36 13 41 40 31 33 9 24 23 35 0 11 20 10 34 17 27 14 4 38 6
27 27 2 30 7 36 25 3 9 37 13 41 33 28 35 31 1 5 17 6 26 0
18 37 7 41 10 42 29 34 24 30 23 31 33 0 20 5 32 1 12 35 38 17
37 15 41 10 31 24 21 5 30 23 36 35 11 34 16 22 32 3 26 42
42 17 9 30 36 20 22 19 13 41 21 35 31 11 1 38 5 12 39 26 6
24 13 14 40 29 3 26 16 35 11 34 38 15 17 28 19 9 25
2 29 7 14 36 34 25 17 32 3 15 13 28 10 23 16 35 31 11 1 5 20 26 6
22 29 13 14 12 17 40 3 7 41 10 33 21 16 35 31 11 1 5 34 39
30 29 14 36 12 25 32 28 19 7 40 33 21 23 35 31 11 26 34 38 6
7 29 20 32 40 9 0 13 10 21 23 35 15 5 12 4 39 6
14 13 41 10 17 29 23 35 31 21 20 34 5 19 6
36 41 10 23 26 20 25 5 32 17 4 3 38 6
12 15 3 10 29 21 13 31 11 34 25 28 9 39
20 41 33 16 21 11 1 25 32 4 26 6
25 9 28 19 3 41 40 33 35 11 38 34 4 39 26 6
17 28 9 13 41 10 33 29 16 35 0 11 19 5 39
32 41 40 33 6 16 13 23 21 15 5 9 19 26 39
10 28 9 3 40 33 21 35 31 15 34 6 26 39
28 1 13 41 31 6 26 0 40 3 19 38 39
9 34 13 40 15 33 21 6 29 16 31 5 39 26 0
15 1 29 23 16 33 31 21 11 38 34 4 19 39
0 29 34 3 13 41 33 21 23 16 35 11 26 5 4 38 6
13 3 40 21 23 16 35 31 11 1 5 26 6
41 29 40 33 21 23 1 34 4 38
40 3 19 33 23 11 1 5 4 26 38 39
33 19 21 35 31 5 4 26
21 29 34 3 21 23 5 6 38
29 23 26 11 38 35 19
23 6 5 3 39 19
16 31 39 11 4 3
35 34 3 19 31 11 1 39 26
31 3 11 5 34 38
3 4 5 39
11 38 4 6 39 26
1 38 4 39 19 6
26 19 34 6 39
5 19 4 38
34 19 38 39
4 6 39
39 38 6
19 38
38 6
6
