#kunkel.py
# GMT Sun Apr 21 15:25:38 2019
# 
8 8 29 2 30 14 18 34 25 22 3 9 37 28 10 33 16 35 31 11 15 17 6 39
27 0 7 41 10 42 33 21 30 16 35 36 34 25 5 32 40 19 31 37 39
42 17 29 7 32 20 25 22 34 40 3 9 37 13 10 24 23 35 0 12 6 38 39
29 30 26 14 34 25 32 3 19 7 41 40 20 16 35 11 1 9 12 6 38 39
2 3 13 41 10 33 21 9 5 23 16 36 11 1 19 22 32 17 12 28 38
30 34 24 26 36 12 25 22 32 3 9 7 20 33 23 16 0 11 19 5 17 4 38
13 0 3 41 10 33 16 14 15 11 12 25 22 32 1 35 19 6
36 24 34 22 32 10 28 9 37 7 41 40 23 16 31 15 17 4 38 6
14 37 41 20 33 35 31 18 34 15 22 32 1 12 28 5 9 6
18 0 7 33 21 6 9 23 16 31 1 38 22 17 4 35 39 26 25
41 7 20 22 32 40 0 15 41 10 33 24 16 31 1 34 6 26 39
34 12 25 28 19 0 37 7 40 21 16 31 15 20 6 39
25 40 20 7 15 22 32 1 6 38 0
22 7 10 28 19 37 40 21 23 16 31 11 15 5 4 6 26 39
32 20 10 3 9 40 33 24 28 23 38 26 39
40 7 40 37 26 16 35 11 1 12 19 9 6
3 10 24 7 23 15 26 12 38 5 35 19 9 6
24 1 37 7 10 33 23 35 12 19 5 20 4 28 26 6
9 12 10 19 37 7 28 33 21 16 35 31 15 5 4 26 0
0 15 20 33 6 38 31 5 1 4 28 39
37 20 28 4 19 7 21 16 35 17 5 12 26 39
7 10 6 20 28 19 39
28 17 33 15 1 4 35 19 39
10 20 19 33 21 31 38 17 26 6
20 33 21 23 11 1 38 5 4 26 39
33 26 19 23 35 11 1 5 17 4 6 38 39
21 15 23 5 11 1 38 17 4 35 19 39
38 19 23 35 15 5 17 4 38
23 35 31 4 5
16 35 31 11 1 5 17 12 26 6
35 15 11 5 26 39
31 5 11 19 17 4 26 39
12 15 11 19 1 4 39
11 15 4 5 19
1 4 19 15 17 6 26 39
15 5 4 39
5 6
17 6 26 19 39
4 39 19
6 19
19 26
26 39
39
