#kunkel.py
# GMT Sun Apr 21 15:19:45 2019
# 
8 8 27 29 2 14 36 34 40 28 37 7 3 10 33 24 23 35 31 15 5 17 39 38 0
27 42 24 2 14 36 34 32 3 9 15 40 21 29 35 31 1 38 5 12 26 6
18 24 2 14 34 22 28 9 37 3 10 20 33 23 16 35 0 11 1 15 17 4 26 6
42 29 2 30 14 36 12 22 28 19 0 13 3 10 33 21 23 31 1 9 17 39 26 6
29 7 0 37 22 23 38 31 1 20 25 5 17 12 28 4 19 39
2 24 30 14 34 3 9 0 37 13 40 16 15 19 5 20 4 26 39
30 24 36 20 34 10 28 37 3 41 40 33 21 23 16 35 15 11 5 12 4 26 6
26 24 13 14 25 32 28 31 19 37 7 3 33 23 16 15 1 38 5 4 26 39
14 7 34 25 22 28 19 37 13 3 40 33 21 23 31 15 5 20 4
36 13 41 22 23 16 38 0 34 25 5 32 20 3 9 39
41 15 7 10 31 33 21 9 13 35 34 25 22 32 40 12 3 19 38 0
34 20 22 28 19 37 3 23 16 35 31 4 6 38 39
25 23 15 7 0 31 33 13 35 5 32 38 4 3 17 9 6
22 0 13 10 24 16 5 32 20 12 39 4 38 6
32 15 7 31 37 24 28 23 16 5 20 17 35 39 6
40 24 13 28 19 37 7 10 33 21 16 35 11 9 5 38 6
28 17 38 9 31 7 21 24 23 0 11 1 15 20 4
4 9 7 10 20 21 24 16 35 0 11 1 17 19 38 39
9 0 33 23 35 16 12 5 3 31 38 6
37 0 7 10 23 13 21 11 38 5 15
7 13 33 23 16 19 1 38 3 39
3 13 21 35 31 11 1 19 20 12 6
10 13 33 16 35 11 20 0 17 31 39
20 23 16 35 31 11 15 5 17 38
33 38 12 23 35 19 17 39
21 24 13 16 0 11 12 15 5 19 31 38
6 15 24 5 23 39 38 11 17 19 0
24 12 13 16 35 31 1 17 38 39
23 13 23 16 11 1 19 17 12
16 31 35 15 38 39
35 12 0 13 35 31 11 15 38
31 17 15 13 0 1 39
11 1 0 13 15 5 19
1 13 15 17 38 39 0
15 38 39
5 13 5 12
17 12
12 13 0 19 39
39 0
19 13 38
13 0 38
38 38
0
