#kunkel.py
# GMT Sun Apr 21 15:14:33 2019
# 
8 18 42 24 2 30 36 12 22 40 17 31 7 41 10 21 16 15 11 1 5 20 4 26 0
27 7 40 42 24 21 29 23 14 31 5 11 1 25 33 22 32 35 3 9 39
34 37 7 28 10 42 5 30 23 35 38 26 20 19 22 32 12 4 3 39 9 6
37 31 41 40 42 29 2 33 30 35 15 11 19 32 1 12 3 4 26 39
42 18 29 14 36 25 32 3 9 0 13 41 10 23 16 15 5 17 12 26 39
24 29 30 14 12 25 22 3 19 15 41 10 33 23 39 31 5 20 4 6 0
2 13 41 40 20 29 22 30 23 14 36 1 25 28 5 17 12 35 4 26
30 18 40 28 19 13 41 10 33 29 23 16 35 0 9 17 12 6 39
13 15 36 28 10 33 9 23 16 14 18 12 25 22 35 19 38 39
14 0 40 29 23 16 18 11 1 19 5 32 28 31 38 6
36 0 33 26 23 18 20 9 5 17 4 39 19 38 25
12 41 10 33 35 0 11 25 28 32 20 3 26 39
25 1 41 22 26 7 15 5 20 4 28 19 17 9 39
22 41 10 0 16 35 15 32 40 4 3 38 39
32 18 31 3 19 17 41 21 23 35 0 11 1 5 4 38 6
40 0 31 38 16 18 11 20 15 17 4 26 39
3 29 18 28 9 7 41 33 16 35 15 11 1 5 20 0
9 7 19 18 10 33 21 35 31 1 17 4 39 38 0
17 41 10 33 16 18 21 20 4 28 6
18 29 41 33 23 35 15 1 26 5 4 38 6
7 28 10 29 26 23 16 35 31 0 11 39 6
41 28 10 35 31 11 1 5 20 4 38 6
10 31 28 15 33 23 16 35 0 11 1 38 4 26 6
33 29 28 19 20 21 23 35 0 38 6
21 31 29 23 35 15 11 1 38 4 19 0
6 15 31 16 11 19 4 35 26
29 28 35 16 20 15 5 1 38 39
28 4 19 0 20 23 35 31 11 5
23 31 15 1 38 20 26 0
16 11 26
35 19 0 1 5 4 26
31 26 20 0 11 15 39 38
38 1 5 15 19
11 15 1 39 4
1 20 5
15 5 39 0
5 19 26 20 39
20 26 39
4 19 0 26
39 26
19 0
26 0
0
