#kunkel.py
# GMT Sun Apr 21 14:48:42 2019
# 
8 15 13 41 10 42 34 30 23 14 36 18 11 1 25 28 22 32 40 12 3
27 37 18 41 10 33 2 28 31 11 15 22 32 4 3 26
42 29 2 30 13 14 36 34 25 22 28 9 37 7 40 23 16 15 1 5 38 6
37 1 13 10 24 21 23 15 11 12 39 34 17 4 3 38 6
3 29 2 18 20 22 28 7 41 40 33 21 24 23 16 35 31 1 15 4 39 26 0
16 0 18 41 33 21 29 30 23 35 36 20 38 22 17 4 39 19 25
30 24 14 20 22 40 28 19 13 41 10 21 11 1 9 5 12 4 38 39
7 29 21 24 35 22 14 31 11 20 9 5 34 39 26 17
14 36 21 33 2 29 13 23 31 18 11 1 25 5 34 12 17
36 24 18 20 22 32 28 9 0 13 10 33 29 23 35 15 38 5 17 26 6
34 10 21 9 13 31 2 12 25 15 32 17 28 38 6
25 41 40 24 2 26 0 1 19 5 4 35 9 6
22 9 13 12 32 28 19 18 41 40 33 21 31 15 6 0
32 40 20 24 0 39 1 17 4 28 38 6
40 13 41 2 5 23 35 15 1 28 4 9 39
28 29 18 20 10 9 41 35 31 11 19 4 6
24 41 10 33 21 6 9 13 11 1 38 12 26 19 0
9 29 18 19 41 10 21 23 11 17 4 38 6
17 10 20 33 21 29 13 18 11 5 12 4 35
0 31 13 41 21 33 23 35 5 11 1 26 6
18 12 15 13 10 33 23 35 31 11 1 19 4 39 6
13 2 20 10 33 21 35 31 11 1 5 38
41 21 23 39 31 1 20 12
10 1 11 26 5 4 19 6
20 15 33 21 29 23 26 4 38 39
33 23 2 29 21 26 39 5 38
21 29 4 23 35 15 11 19 12 6 39
29 1 15 11 5 12 4 19 39
23 2 31 15 19 4 6 26 39
31 2 5 11 15 19 39
35 15 2 26 1 5 38
15 2 11 26 5 4 38 39
2 11 5 12 4 6
11 12 1 5 6 26
1 12 19 4 26 6
38 5 4
5 19 26 6
12 4 19 6
4 26 19 39 6
39 19 6
19 6
26 6
6
