#kunkel.py
# GMT Sun Apr 21 19:42:26 2019
# 
8 42 2 18 34 25 22 3 19 31 7 28 40 33 38 15 11 1 9 5 17 4 26
27 42 24 2 13 36 18 34 22 32 3 37 7 10 33 29 16 35 0 1 17 4 6
37 18 28 10 42 24 38 35 14 31 11 34 25 22 32 40 12 3 26 6
42 13 41 31 2 9 24 30 23 14 0 34 15 5 35 3 19 38 6
24 18 2 30 36 34 17 32 28 7 41 10 33 21 23 16 11 20 12 26
2 30 36 12 22 3 9 18 21 29 23 31 15 1 38 34 4 39 26 0
30 30 13 14 20 25 32 28 15 7 10 21 29 35 31 11 26 12 4 38 39
13 3 14 18 34 28 9 0 36 7 41 40 20 33 16 35 31 38 17 4 39 26 6
36 14 12 25 22 28 9 31 3 33 21 23 35 15 11 38 4 39 26 0
14 28 40 29 21 6 38 7 23 20 15 5 17 3 26 39
18 29 12 28 19 7 41 40 33 16 35 15 11 9 5 4 26 6
41 34 20 32 40 28 15 7 10 33 21 29 16 35 31 11 5 17 39 26 0
12 1 10 31 33 38 20 25 17 32 40 4 28 19 26 0
34 20 25 32 28 19 33 21 23 16 15 5 4 38 6
25 29 22 32 28 19 7 20 21 23 35 15 11 1 38 5 39 26 6
22 7 10 31 40 9 33 0 35 21 20 5 32 17 19 39
32 40 17 20 33 16 35 31 21 3 19
10 29 19 7 40 21 16 35 0 11 1 5 17 4 6 38 39
3 21 1 15 9 5 20 39 19 17 26 0
19 7 28 29 5 23 35 1 4 39 26 17
15 17 28 9 7 21 16 35 0 11 1 5 20
7 28 0 21 23 31 11 1 17 4 6
28 20 9 38 35 31 1 5 4 26
40 29 21 5 16 1 4 35 26 6
23 9 0 20 29 16 31 11 1 38 17 6 26 39
20 0 17 16 4 31 9 39
33 17 9 0 29 16 35 31 11 5 38 39
21 31 16 11 1 5 4 38 6
29 6 16 11 5 4 35 26 39
38 31 1 35 9 0
16 9 31 11 1 5 6 26 0
35 9 31 1 39
31 17 11 4 39 26 0
11 11 4 6 26 39
1 0 9 5 17 39
9 0 17
5 26 39
17 26
4 6 0
6
39 0
26 26 0
0
