#kunkel.py
# GMT Sun Apr 21 19:42:15 2019
# 
8 27 7 40 42 33 2 29 23 16 14 18 21 11 1 25 17 12 28 24 19 6
27 42 2 7 14 18 20 22 28 19 15 13 41 40 33 21 23 16 35 0 26 39
34 31 7 41 40 17 20 24 21 5 30 35 18 11 12 25 22 1 4 19 6
37 0 41 40 42 24 21 9 33 23 35 36 1 38 5 32 20 12 3 26 25
42 24 2 9 14 18 20 17 3 19 13 0 11 1 38 12 4 6 26 39
29 24 2 30 20 25 22 32 3 9 13 28 10 16 35 15 11 1 19 12 4 26
2 36 41 21 16 14 18 11 15 22 32 17 3 19 26 39
9 15 13 41 10 6 33 7 35 31 5 12 25 22 40 28 38 39
30 1 0 7 40 33 16 35 15 18 36 11 20 22 10 4 24 38
13 7 41 10 3 24 31 33 36 18 11 25 22 32 28 26 39
36 24 7 14 18 20 32 10 21 16 31 11 1 15 5 4 26 38 39
14 26 12 25 22 3 18 7 28 10 21 23 16 31 1 15 17 38 0
18 3 40 33 6 35 16 32 17 28 31 26 0
12 20 25 22 32 10 28 40 33 21 23 35 15 5 4 6
25 41 10 6 24 23 0 15 25 3 7 4 38 39
22 7 17 32 10 3 41 40 33 21 24 35 11 19 38
32 26 10 3 19 40 21 24 23 16 35 31 1 15 5 17 38 6
10 28 0 41 40 21 24 23 16 15 1 17 4 26 6
28 41 40 21 33 7 31 11 15 17 1 6 0
31 3 40 21 6 23 16 19 5 17 39 38 0
19 7 41 24 39 21 1 26 20 3 17 38 0
15 40 41 24 35 0 1 5 4 39 26 6
7 3 33 21 23 0 11 1 5 20 6 38 39
41 26 40 33 23 16 35 11 5 20 4 38 0
40 20 6 5 11 0
20 21 26 16 33 38 4 3 24 6
33 17 21 6 16 23 1 11 39
21 24 3 4 23 1 38 6
24 26 3 6 23 16 17 11 39 38 0
23 16 35 11 38 5 4 39 26 0
16 35 11 5 4 39 6
35 1 17 5 11 4 3 26
0 3 11 1 5 4 38
3 11 4 6 26 39
11 26
1 5 17 4 39
38 17 4 38 6
5 17 39
17 26 4 39
4 39 6
39 26 6
26 6
6 6
