#kunkel.py
# GMT Sun Apr 21 19:41:59 2019
# 
8 37 7 41 10 17 29 2 9 30 16 14 15 21 20 3 5 34 28 19 39
27 17 24 36 34 22 32 40 19 31 13 10 33 21 29 23 16 35 15 9 5 20 4 26
18 42 24 2 9 30 20 25 3 19 0 13 41 29 23 16 31 11 1 26 5 38 39
31 2 26 14 20 22 19 37 7 40 33 21 23 35 0 11 1 9 12 6 38 39
29 13 40 42 37 21 29 23 16 33 5 1 9 22 32 34 4 38 0
2 7 10 21 6 9 30 13 35 11 34 15 22 32 26 4 3 38 39
30 17 7 36 12 25 22 34 10 13 41 40 33 23 0 5 20 4 26 6
13 7 10 37 35 16 14 36 11 34 25 33 19 28 24 9 6
14 37 41 33 24 26 7 36 35 11 20 15 1 12 6 4 38 25
36 41 10 42 37 21 24 7 16 3 1 25 22 34 40 35 19 39
32 42 12 32 10 3 9 37 7 41 40 33 21 15 5 34 4 39 26 6
12 0 41 10 40 33 9 24 23 5 11 1 15 22 34 19 26 39
20 7 41 40 24 21 38 35 16 42 19 5 17 3 26 0
25 37 10 42 33 21 23 16 1 15 35 34 4 28 7 19 0
22 42 17 9 37 7 0 24 35 11 1 15 5 34 38 6
34 42 3 19 37 41 10 33 35 1 17 4 38 39
40 10 42 21 6 26 16 38 17 4 28 9 39
3 42 38 28 19 7 41 10 33 21 23 16 35 11 1 9 26
9 7 10 19 37 41 6 24 23 1 26 4 39 38 0
42 1 15 28 37 6 23 16 21 17 0
0 28 17 37 41 33 21 23 16 35 11 5 4 26
37 28 37 10 24 23 16 15 26 5 6 38 39
7 33 5 23 11 17 15 26 6
41 24 23 5 4 28 39 19
10 33 23 16 35 15 11 26 5 38 39
33 24 23 16 35 15 11 4 6 38
21 28 19 24 23 35 1 5 17 4 39
24 17 23 35 15 11 19 5 26 39
28 23 16 35 15 17 4 19 26 39
23 16 1 5 4 26
16 5 17 39 26 6
35 11 1 4 6 39
15 26 38 1 17 4 19
38 11 1 5 4 6 19 26 39
11 6 26 19
1 26 19 6
19 4 6
5 4 39 6
17 4 26
4 6
6 39
26
39
