#kunkel.py
# GMT Sun Apr 21 19:37:41 2019
# 
8 27 42 29 14 18 34 25 22 28 9 7 41 23 16 35 11 1 26 4 39 38 6
27 37 7 41 10 24 3 6 33 13 16 23 14 18 20 15 32 17 35 28 39
42 37 7 40 17 2 5 30 16 14 31 18 36 1 15 22 20 12 4 26 39
29 18 7 14 36 34 25 17 32 28 19 37 13 41 33 23 35 0 11 1 26 20 38
3 18 24 30 14 36 20 34 28 19 37 13 41 40 21 35 15 11 17 12 39 26 6
30 2 30 14 36 34 25 22 32 18 13 40 33 21 23 16 35 15 5 20 12
13 2 36 32 12 22 34 40 7 41 10 15 11 1 38 5 17 4 26 39
36 2 18 20 17 10 19 0 41 40 21 23 35 15 1 34 4 38 6
14 18 12 22 32 9 0 7 41 10 33 21 28 15 11 1 19 5 4 26
18 2 12 22 32 9 37 41 33 21 23 16 31 5 34 4 6 26 39
12 24 7 22 32 31 41 40 33 21 16 35 15 11 1 17 4 38 39
34 20 25 40 9 37 41 10 33 21 35 31 11 34 4 39
25 37 41 40 2 24 38 33 15 21 11 19 22 20 28 9 0
22 24 7 28 9 31 41 40 20 23 0 11 5 17 4 6
32 41 10 37 9 23 16 21 15 40 1 35 7 26 6
40 24 9 17 37 33 23 16 31 1 19 4 6 38 39
28 10 17 21 5 23 31 11 1 20 35 19 4 26 6
31 1 0 10 20 33 5 23 16 35 11 15 19 6
9 15 41 20 37 2 24 26 10 17 4 38 6
17 2 7 20 10 37 24 16 0 38 26 39
0 15 41 33 21 23 16 38 11 20 39 19 6
37 2 19 7 33 24 35 15 1 5 4 26
7 10 2 5 4 39 26 6
41 20 33 23 35 11 1 38 5 26
10 23 33 2 24 38 26 5 15 4 39
33 2 33 24 38 16 35 11 15 4 39 26
21 1 20 24 2 16 11 4 19 26
24 1 20 6 23 16 38 5 11 39
23 6 35 1 16
16 20 35 2 11 4 26
35 2 20 11 1 5 4
15 38 5 4 19
2 11 1 5 4 39 26 6
11 19 38 39
1 19 5 38 39
38 20 5 6 39
5 26 19 39
20 26 19 6
4 26 6
39 6
19
26 6
6
