#kunkel.py
# GMT Sun Apr 21 19:36:13 2019
# 
8 27 37 2 30 14 36 20 25 22 40 28 9 31 41 10 33 23 35 15 11 19 38 6
27 37 7 41 20 29 35 31 18 1 22 32 17 12 28 38 6
18 13 41 31 37 2 6 22 30 36 21 20 38 28 5 17 4 3 19 39
42 31 29 14 36 20 25 22 3 4 9 37 13 40 23 15 1 38 5 34 12 6 26 0
37 7 41 10 29 30 31 14 0 20 16 22 12 4 6 17 9 25
2 31 28 10 17 24 2 26 36 35 11 1 15 22 40 12 3 4 9 6
34 13 41 24 21 29 30 23 14 36 12 1 28 22 32 20 35 3 4 9 39
30 29 14 36 22 9 0 40 20 21 23 16 35 15 11 19 17 4 26 39
13 24 14 36 20 17 32 10 3 4 19 41 40 33 23 31 11 1 15 5 12 39
14 24 7 22 28 33 21 23 16 35 15 1 26 5 17 38 39
36 24 7 12 25 28 19 3 40 20 21 29 35 0 11 9 17 4 26 39
26 0 40 33 21 22 16 20 19 5 32 1 4 35 9 6
20 29 7 32 38 3 9 41 40 23 16 31 11 19 5 17 4
25 7 41 40 9 28 16 0 1 19 5 10 12 3 38 39
22 40 28 7 3 10 33 0 5 17 12 6 38 39
32 28 29 33 7 16 35 15 11 38 17 12 3 19 4 6
40 29 7 28 9 15 41 10 33 38 31 11 19 17 6
28 3 41 10 33 21 16 15 1 17 4 38 0
24 1 0 41 31 33 29 23 16 21 11 15 5 38 17 7 9
4 9 10 21 23 16 35 15 11 1 39 0
19 0 41 10 3 7 23 16 1 15 35 39
0 7 21 33 23 5 38 12 1 17 9
31 9 10 33 21 15 11 5 17 12 6 38 39
7 10 23 16 35 15 11 9 5 17 39
41 29 10 33 21 35 15 1 9 5 12
10 29 12 21 35 3 11 9 17 39
33 29 38 16 5 11 15 1 9 6
21 3 29 23 16 35 11 15 39 6
29 3 23 16 5 15 12 35
23 15 16 35 9
16 15 11 5 12
35 11 1 5 17 6
15 3 1 17
3 3 17 11 1 6 39
11 11 1 5 12 39 38 6
1 17 5 12 39 6
9 39 6
5 17 6 39
17
12 39 38
39 38
38 6
6
