#kunkel.py
# GMT Sat Apr 13 23:14:11 2019
# 
0 2 3 4 5 8 10 12 14 15 16 17 18 20 26 29 31 34 35 36 38 39 40 41
1 3 4 5 9 10 11 13 14 15 16 19 21 24 25 26 30 31 36 37 38 39 41
2 5 8 9 10 11 14 18 19 22 25 26 27 28 29 30 34 35 36 37 38 39 40
3 5 6 7 8 9 11 14 15 17 18 19 23 24 27 29 33 35 37 40 41 42
4 5 6 8 12 14 15 16 17 18 19 21 22 24 28 31 34 38 39 40 42
5 6 7 12 13 17 18 19 21 22 24 26 29 31 32 33 36 37 39
6 9 10 11 12 16 18 20 21 22 25 28 29 30 31 32 35 38 39 40
7 33 36 8 9 42 11 12 15 17 35 21 24 25 27 28 29 30 31
8 10 11 16 20 21 26 27 28 29 30 32 34 36 37 39 40 42
9 9 11 13 15 18 20 21 22 23 29 30 31 32 33 34 36 37 38 39 42
10 36 37 32 41 42 11 12 17 20 40 24 39 27 30 31
11 14 16 19 23 24 25 26 28 31 32 33 34 35 36 41
12 32 34 33 38 41 39 13 40 19 21 25 26 27 28 36
13 34 35 39 42 14 15 16 21 22 23 24 25 26 27 28 30 37
14 15 18 19 20 22 23 24 25 26 27 28 29 30 34 37 40 41
15 16 19 20 21 22 24 25 29 32 36 38 39 41 42
16 34 35 37 33 38 20 41 24 39 26 27 30
17 18 20 21 22 23 24 25 26 27 30 31 32 37 38 40 42
18 33 39 42 34 19 20 41 22 23 26 30 35
19 25 26 27 28 29 33 34 36 38 40 41 42
20 20 21 23 26 27 28 29 30 32 34 35 37 39 41
21 23 25 28 30 32 35 36 38 40 42
22 32 33 40 41 23 24 26 27 28 37 31
23 34 37 38 39 42 35 41 24 26 28 30
24 32 40 25 33 27 39 36
25 26 28 29 31 33 34 35 39 40 42
26 31 32 34 38 41 42
27 32 33 37 35 41 38 30
28 32 35 42 40 39 31
29 33 42 34 40 41 35 37 31
30 31 33 34 40 41 42
31 34 35 36 37 38 42
32 33 35 36 39 40 41
33 35 34 40 41
34 38 42
35 36 37 38 39
36 36 37 38 41 42
37 38 39 41
38 38 40 41
39 41
40 41
41
42
