#kunkel.py
# GMT Sat Apr 13 23:14:13 2019
# 
0 33 34 3 4 37 6 8 41 42 12 14 18 20 24 36 26 27 28 30 31
1 32 4 6 39 9 42 12 15 16 17 18 19 20 21 22 41 24 25 26 30 31
2 4 6 7 10 11 14 15 16 17 19 21 23 24 25 27 29 30 32 33 35 37 41
3 4 5 6 8 9 11 12 15 19 21 22 23 24 25 26 27 32 33 37 40 41
4 5 6 7 8 10 16 17 19 20 23 26 27 29 30 34 35 38 42
5 6 8 9 12 13 15 16 17 22 26 29 30 32 33 35 36 37 38 39 40 41
6 9 10 11 12 15 17 24 26 27 28 29 30 32 36 38 40 42
7 7 8 11 12 13 14 20 21 22 23 26 27 29 30 33 35 36 37 38 42
8 9 10 11 13 14 15 16 18 19 22 25 26 31 34 36 38 39 42
9 34 36 39 10 13 14 15 17 19 21 23 25 28 42 30 37
10 13 15 16 17 18 22 23 24 25 26 30 33 34 35 36 37 40
11 13 14 17 18 23 25 28 29 31 32 34 36 37 38 39 40 41 42
12 13 14 15 16 17 18 19 20 22 24 27 28 29 34 36 37 42
13 18 19 20 21 23 25 26 27 28 29 30 31 33 34 35 37 40
14 14 15 16 17 19 20 24 25 28 31 32 34 35 38 41
15 32 38 33 34 18 19 41 23 27 42 37
16 18 20 21 22 23 25 26 28 31 32 34 36 38 39 40
17 18 19 20 21 24 25 29 31 34 35 37 39 40
18 19 21 22 24 27 29 30 32 33 35 36 40
19 21 22 27 28 31 32 35 36 41 42
20 20 21 22 23 26 28 33 34 35 36 37 38 41
21 22 23 24 25 27 28 30 32 33 34 36
22 32 36 35 38 39 23 24 25 27
23 33 40 24 25 26 28 29 39
24 26 28 29 30 32 34 35 38 39
25 36 33 41 40 28 31
26 27 29 30 31 33 38 39 40
27 28 29 33 36 37 38 40 41 42
28 30 34 35 38 39 40 42
29 33 35 38 42 36 39 31
30 30 32 34 36 37 39 41 42
31 35 36 33 32 41 42 40 39
32 33 35 38 39 40 42
33 34 38 41 42
34 37 38 39 42
35 42 38 41 37
36 37 40 41
37 38 40 41 42
38 39 40 41 42
39 42 40 41
40 42
41 42
42 42
