#kunkel.py
# GMT Sat Apr 13 23:14:15 2019
# 
0 0 2 3 4 5 9 10 11 12 14 15 19 20 21 22 24 25 29 30 31 32 34 35 37
1 32 33 35 36 37 6 7 40 9 42 11 13 14 16 17 19 41 23 24 27 31
2 33 34 4 5 7 8 9 39 12 14 15 40 18 20 22 41 36 37 29 31
3 33 38 37 6 7 8 9 11 12 14 15 16 17 18 39 23 25 26 27 30
4 7 8 9 10 11 12 13 14 17 18 21 23 27 28 29 30 32 34 38 40 41 42
5 8 9 10 15 16 19 20 22 24 25 26 28 31 32 33 34 36 37 38 40 42
6 8 9 10 12 13 15 16 17 18 20 23 26 27 30 31 32 34 37 38 39 41
7 32 37 38 33 8 41 11 12 14 16 35 20 21 22 36 27 31
8 9 10 15 16 20 21 23 24 25 28 29 34 35 36 37 39 42
9 11 12 13 14 15 19 21 22 24 25 26 27 32 33 36
10 32 34 39 41 12 15 16 17 18 21 22 40 25 38 37 36
11 12 15 16 20 22 23 24 25 26 30 31 32 35 36 41 42
12 15 16 19 23 24 26 28 29 30 33 36 38 40
13 19 20 21 22 23 24 27 28 29 30 32 33 36 37 38 39 40 42
14 37 40 34 15 18 20 21 22 23 27 28 29 30 31
15 17 19 21 23 27 28 30 35 38 40 41 42
16 22 24 25 26 28 29 30 31 33 37 39 40 41
17 32 38 40 41 42 18 35 23 25 26 36 29 30 31
18 32 33 38 39 40 34 42 20 24 25 27 29 30 31
19 34 35 32 41 20 21 22 23 25 33 27 28 29
20 22 23 25 26 27 28 31 34 36 37 38
21 22 24 25 27 28 31 35 36 37 38 40 42
22 23 24 26 28 29 32 35 37 39 40 41 42
23 24 25 34 37 38 39 40 41 42
24 35 38 42 25 26 29 31
25 29 30 33 34 35 40 42
26 33 34 36 39 42 35 41 27 28 30
27 32 34 37 36 29 30 35
28 28 30 31 32 33 34 35 38 39 42
29 29 30 31 34 35 37 38 41
30 31 32 33 36 42
31 33 35 36 38 40
32 33 37 39 40 42
33 34 36 37 38 39
34 37 38 39 41
35 37 41 40 39
36 38 39 40 41 42
37 39 40
38 42
39 41 40 42
40 41
41
42 42
