#kunkel.py
# GMT Sat Apr 13 23:14:18 2019
# 
0 0 1 3 4 5 7 8 9 10 12 13 14 15 16 17 19 21 22 24 26 27 30 31 34 35 37 38 39 40 41 42
1 4 6 7 8 10 11 13 15 16 17 18 20 22 23 25 26 27 28 30 31 32 34 35 37 38 39 41 42
2 3 7 8 10 11 12 13 14 17 18 19 20 21 23 24 26 27 28 29 32 34 36 37 38 39 40 41
3 5 7 10 12 13 14 15 16 17 18 19 21 22 23 24 25 26 27 28 29 30 32 33 34 35 36 37 38 41 42
4 6 7 10 11 13 14 15 18 20 21 22 23 24 25 26 27 28 31 32 33 34 35 36 37 38 40 41 42
5 8 9 10 12 15 16 18 19 20 22 23 25 26 27 28 29 31 32 33 34 35 36 37 38 39 40 42
6 9 11 12 14 15 16 17 18 19 20 21 24 25 26 27 29 30 31 32 33 34 36 37 38 39 40 41 42
7 9 10 13 14 18 19 20 21 22 23 24 25 26 27 29 31 35 36 37 38 39 41 42
8 13 14 15 17 19 20 21 22 25 26 27 28 29 30 31 32 36 38 39 40 41 42
9 13 14 15 16 17 18 19 22 23 24 25 26 27 28 29 30 31 33 34 36 38 39 40 41 42
10 12 14 15 16 17 18 19 20 21 22 23 24 25 26 27 30 31 33 35 36 37 38 39 40 41 42
11 14 15 16 18 19 20 21 22 23 25 28 29 31 32 33 34 35 36 37 38 39 40 41 42
12 13 14 15 16 18 19 20 21 22 24 25 26 27 28 29 31 33 34 35 36 37 38 39 40 41 42
13 15 16 17 18 19 20 22 23 24 25 26 27 28 35 36 37 40
14 16 18 19 21 22 25 28 29 31 33 35 37 38 39 40 41 42
15 15 17 18 22 23 25 27 28 29 30 31 33 34 35 36 39 41 42
16 20 24 27 28 30 31 34 35 36 39 40 41 42
17 18 19 27 29 30 31 32 33 35 38 39 40 41
18 19 20 24 29 31 32 34 35 36 39 41 42
19 20 23 24 25 28 29 30 31 32 36 37 39 40 41
20 21 23 26 29 32 33 34 35 36 37 38 39 40
21 23 24 26 29 30 31 32 33 35 37 42
22 23 24 26 28 29 30 32 33 35 38 39 42
23 24 27 30 33 34 38 39 40 42
24 26 27 28 32 33 34 38 39 41 42
25 25 26 28 31 32 35 36 37 39 40 41
26 27 28 30 31 32 37 41
27 29 36 39 40 42
28 29 30 32 33 36 38 41
29 32 34 36 37 39 42
30 31 32 33 34 36 41
31 33 36 37 38 40
32 33 35 36 39 42
33 34 35 40
34 35 36 37 40 42
35 36 38 40 42
36 40 41
37 40 42
38 39
39 41
40
41 42
42
