#kunkel.py
# GMT Sat Apr 13 23:14:19 2019
# 
0 1 3 8 9 12 14 15 16 17 18 20 21 23 25 27 28 29 30 31 32 33 34 36 37 39 41 42
1 1 2 3 7 11 14 16 17 19 21 23 26 27 28 29 30 31 32 33 35 36 37 40 41 42
2 5 7 8 9 11 15 16 17 18 21 22 23 26 27 28 31 33 34 35 36 37 38 39 40 41
3 5 6 9 10 11 18 21 24 25 26 27 28 29 30 32 34 35 36 37 40 41 42
4 6 10 11 13 14 16 17 18 20 21 24 28 29 30 31 32 33 34 36 37 38 39 40 41 42
5 6 7 9 10 16 18 20 21 22 24 25 27 28 29 30 31 32 34 35 36 37 39 40 41
6 8 11 12 14 15 18 20 21 22 23 24 25 26 27 29 30 31 33 34 36 37 38 39 41 42
7 9 10 12 14 15 16 17 19 21 24 27 28 29 30 31 32 35 36 37 38 39 41 42
8 11 13 14 15 17 21 23 26 27 28 29 30 32 33 34 35 37 38 39 40 41 42
9 11 12 13 15 16 18 19 23 26 27 28 29 31 32 33 34 36 37 38 39 42
10 11 12 14 15 16 19 20 21 22 23 24 27 28 29 30 31 32 35 36 38 39 40 42
11 16 19 20 24 26 28 29 30 31 32 33 36 37 38 39 40 41 42
12 14 17 18 19 22 23 24 26 27 29 30 31 32 34 35 36 38 40 41
13 15 16 18 19 20 22 23 24 25 26 28 29 30 33 34 35 36 39 40 41 42
14 15 16 20 21 22 23 24 28 29 30 31 32 33 34 35 38 39 40
15 16 17 20 22 25 26 28 30 32 33 35 36 37 39 40 41 42
16 35 32 40 19 21 23 36 33 27
17 17 21 22 24 25 27 28 29 30 31 33 34 35 37 38 41 42
18 20 22 25 26 28 29 32 33 34 35 36 37 38 39 40 41 42
19 20 21 22 26 28 29 30 35 36 37 38 39 40 41 42
20 22 23 27 31 32 33 34 35 36 37 38 39 40 41 42
21 21 23 24 28 29 31 32 33 34 36 37 39 40 41 42
22 23 25 26 27 28 31 32 33 34 35 36 37 38 39 41 42
23 24 25 26 28 29 30 31 32 33 34 35 37 38 39
24 24 25 26 27 28 30 31 32 33 34 35 36 38 40 41
25 26 28 29 30 31 33 35 36 37 39 40 41
26 27 29 32 34 36 37 38 40 41 42
27 29 30 31 32 33 34 35 38 39 40 42
28 28 31 35 37 38 39 42
29 31 32 33 34 36 38 39 41
30 34 35 36 37 40 41 42
31 33 36 39 40 41 42
32 33 35 36 37 38 39 41
33 34 35 40
34 35 37 38 41 42
35 38 39 41 42
36 37 39 40 42
37 38 39 40
38 39 41 42
39 42
40 40 42
41 42
42
