#kunkel.py
# GMT Sat Apr 13 23:13:58 2019
# 
0 32 2 3 5 6 39 38 42 11 12 34 15 17 37 35 22 40 24 27 29 31
1 2 3 11 13 16 17 18 19 21 26 27 28 30 31 32 35 37 38 39 40 41 42
2 3 4 32 8 9 10 11 12 40 35 20 22 23 36 26 27 28 39 31
3 34 4 6 32 40 42 11 12 13 14 15 16 19 24 25 28 36 35
4 9 11 13 16 18 19 20 21 22 23 24 25 27 29 32 33 39 40 41 42
5 42 35 36 37 8 9 10 11 12 15 17 18 19 22 23 26 28 29 30
6 7 8 9 10 13 14 15 16 17 18 21 22 24 30 33 34 36 38 40 42
7 34 35 36 37 40 9 11 12 13 15 16 17 20 21 22 23 25 27 29 30
8 10 13 14 15 16 18 19 20 23 25 27 28 32 35 38 39 40 41 42
9 33 35 10 11 34 14 15 16 20 21 22 24 36 38 37 31
10 10 11 12 14 18 21 22 23 24 26 27 28 32 34 36 37 41 42
11 13 14 15 17 19 24 25 27 30 31 33 34 37 42
12 12 16 17 21 22 23 24 27 28 30 31 33 34 37 39 40 41
13 18 20 21 22 25 26 28 29 30 31 33 35 36 37 38 40
14 17 19 21 22 24 25 26 28 29 30 31 34 36 38 39 41
15 16 17 35 20 22 39 24 25 26 28 29 30
16 17 21 24 25 27 29 30 31 32 33 35 37 38 39 40 41
17 18 23 25 26 27 28 29 30 32 33 35 40 42
18 20 23 24 29 30 31 33 34 35 36 37 38 39 41
19 20 21 22 23 26 27 28 29 30 33 34 36 37 38 42
20 20 21 22 23 25 28 29 30 32 33 34 39 40 41
21 21 26 27 28 32 33 34 35 37 39 42
22 23 26 27 29 30 31 36 40 42
23 32 42 38 34 25 28 37 30 36
24 26 28 29 31 35 36 37 38 41 42
25 32 33 34 40 41 42 26 28 31
26 26 28 29 30 31 32 33 35 36 37 39 41
27 28 29 31 34 37 38 39 40
28 29 30 31 32 37 41
29 32 36 37 38 39 40
30 33 40 41
31 31 32 33 34 36 38 39 41
32 40 41 36 42
33 33 34 37 38 39 40 41 42
34 35 36 39 40 42
35 38 39 40 41 42
36 40 41
37 38
38 42 41
39 41 39
40 41
41 42
42
