#kunkel.py
# GMT Sat Apr 13 23:14:23 2019
# 
0 4 5 6 7 9 16 17 18 19 21 23 24 26 28 29 30 31 34 35 38 39 40 41
1 2 3 4 5 7 8 11 14 17 20 23 26 27 30 32 34 36 37 38 39 40 41
2 33 4 5 6 7 38 41 11 12 13 16 17 19 21 22 26 27 35 30 31
3 3 5 6 8 13 14 15 16 17 19 21 22 23 25 26 28 29 30 31 32 35 39 40 42
4 6 9 11 12 13 14 16 18 20 21 22 29 31 33 36 38 39 40 41 42
5 5 8 10 11 14 15 16 19 20 21 23 24 26 27 30 34 38 39 40 41
6 8 16 17 18 19 24 29 30 32 33 34 35 36 37 38 39 40 41
7 9 10 12 14 15 18 19 20 23 26 29 30 32 33 37 38 39 40 41 42
8 9 10 11 12 13 15 16 18 22 23 24 26 28 30 32 36 37 39 40 41
9 10 11 12 13 15 16 18 19 20 21 22 25 26 28 32 34 35 36 40 41 42
10 10 11 12 13 14 17 19 21 22 30 31 32 34 35 36 39 40 41 42
11 13 15 16 19 21 22 23 24 26 28 32 33 36 37 39 40 41
12 14 16 20 21 22 23 26 27 28 31 32 35 36 38 39 40 42
13 16 17 18 20 24 25 26 27 28 30 34 35 37 40 41 42
14 15 21 23 27 28 29 30 31 33 34 35 36 37 39 40 42
15 16 17 18 19 20 21 25 26 27 28 30 31 32 33 34 40 41
16 19 20 21 23 26 30 31 34 40 41
17 36 33 32 40 41 34 19 21 25 26 38 28 29
18 19 22 23 26 28 29 30 31 34 35 37 40 41 42
19 20 24 25 26 32 33 35 36 39 40 41 42
20 25 27 28 30 31 32 33 34 36 37 38 39 41
21 22 23 25 29 33 35 37 38 41
22 23 24 25 27 29 30 31 34 37 39 41 42
23 42 40 25 27 28 29 30 37
24 25 26 27 28 29 30 31 32 33 34 37 38 39 40 42
25 33 36 38 35 39 40 41 28 42 31
26 27 35 37 38 39 40 41 42
27 28 29 31 33 34 35 36 37 39 40
28 29 32 33 35 39 40 41 42
29 30 34 36 37 38 39 41 42
30 31 33 39 41 42
31 32 33 34 35 36 37 42
32 34 38 39 40 41 42
33 34 35 36 38 39 41 42
34 37 39 40 41 42
35 36 37 38 39 40
36 42 37 40
37 38 39 40 41
38 39 40 42
39 40 41 42
40 40 41 42
41 42
42 42
