#kunkel.py
# GMT Sat Apr 13 23:13:58 2019
# 
0 3 4 6 7 8 9 10 13 16 17 19 20 24 25 26 28 29 31 34 35 36 38 41
1 1 3 4 6 8 9 11 13 14 15 16 19 20 22 25 26 28 30 31 32 34 35 36 37 39 40
2 6 10 12 14 15 16 17 18 20 22 23 24 27 29 30 33 34 37 38 39 41 42
3 34 35 36 33 6 32 40 10 11 13 15 19 21 23 24 39 27 30 31
4 4 5 6 7 8 9 10 11 14 15 16 17 18 20 24 25 26 30 33 35 36 40
5 6 7 8 12 13 17 18 20 24 26 27 28 29 31 33 34 36 37 38 41 42
6 6 7 8 13 14 16 18 19 20 22 24 30 33 37 40 41 42
7 8 9 10 12 15 18 19 22 23 26 28 30 32 34 35 38 40 41
8 9 10 12 15 17 22 23 28 30 31 33 35 37 38 39 40
9 34 35 33 41 42 11 12 15 17 18 19 32 22 24 25 31
10 11 12 13 15 16 18 20 25 26 27 28 29 34 36 39 40
11 12 13 14 16 17 19 21 22 24 26 27 28 32 33 35 37 41 42
12 14 15 18 19 20 22 23 26 27 29 33 34 36 38 41
13 15 17 20 22 23 24 25 26 31 33 35 36 37 40 41
14 15 18 19 20 21 23 25 26 27 31 35 37 38 39 40 41
15 22 24 25 26 29 33 34 35 36 39 40 41 42
16 18 19 21 26 29 30 31 32 33 34 35 36 38 39 42
17 18 19 20 21 23 25 26 27 30 31 32 33 37 39 42
18 19 21 25 29 30 31 33 35 37 40 42
19 32 37 35 20 26 38 28 29 30
20 39 41 21 24 36 27 28 30 37
21 32 33 36 37 38 39 40 35 22 23 25 27 28 31
22 22 23 24 25 28 29 31 33 34 35 41
23 37 38 41 34 35 40 24 25 29 30 31
24 25 26 27 28 29 32 38 39 40 42
25 29 30 36 37 38 39 40 41 42
26 35 38 41 32 27 42
27 32 33 38 41 34 28 29 30
28 29 32 35 36 37 38 39 40 41 42
29 35 38 39 42 30 31
30 32 38 42 39 36
31 42 32 41 39 35 33
32 34 38 40 41 39
33 34 36 38 39
34 35 36 37 40 41 42
35 37 38
36 39 42 37
37 38 40 41
38 42
39 41 42
40 42
41 42
42
