#kunkel.py
# GMT Sat Apr 13 23:14:32 2019
# 
0 1 2 5 8 10 16 17 18 19 20 21 23 24 25 27 28 29 30 31 32 33 34 35 36 37 38 39 40 41 42
1 3 4 6 7 8 9 12 13 16 17 18 20 21 23 26 28 29 30 31 32 33 34 35 36 37 39 40
2 2 3 4 7 9 11 14 15 17 18 19 20 23 25 26 27 28 29 30 31 32 34 35 37 38 39 40 42
3 5 10 11 12 13 15 16 18 19 20 21 22 23 24 26 28 29 30 31 32 35 36 38 39 40 41
4 6 7 8 10 12 13 17 18 19 20 21 22 23 24 25 26 27 28 29 30 31 32 33 35 36 38 39 40 41 42
5 5 6 9 11 12 13 14 15 16 17 18 19 20 21 22 23 25 26 27 28 29 30 31 32 34 35 36 37 40 41 42
6 7 8 9 10 14 16 17 18 19 21 22 23 24 25 28 29 31 32 33 34 35 36 37 38 40 41
7 8 11 12 13 14 15 16 17 19 24 25 26 29 30 31 32 33 34 35 39 40 41
8 11 14 16 17 18 19 21 22 23 25 26 27 28 30 31 33 34 35 36 37 38 39 40 41 42
9 10 13 14 16 18 19 20 21 22 23 24 25 26 29 31 32 33 34 35 36 37 38 39 42
10 11 12 13 14 16 17 19 20 21 23 25 26 27 28 29 30 31 33 34 37 38 39 40 41
11 15 16 17 18 19 21 22 23 24 26 29 30 31 32 33 34 35 36 37 38 39 40 42
12 15 16 18 19 22 24 25 27 29 30 31 32 33 34 35 36 37 39 40 41 42
13 14 16 17 20 22 23 24 25 27 28 30 31 34 35 36 37 38 39 41 42
14 14 15 16 17 18 19 20 23 24 27 29 31 32 34 35 36 37 38 40 42
15 16 18 19 21 22 23 24 25 28 29 30 31 34 35 36 37 42
16 19 21 22 28 36 37 40 41 42
17 18 19 20 21 22 24 26 31 32 34 37 39 40 41
18 19 21 22 23 24 26 27 28 32 34 36 38 41
19 20 21 24 25 30 32 33 35 36 38 41
20 21 22 25 26 28 30 31 33 34 35 37 38 39 41 42
21 22 23 25 26 31 33 35 36 38
22 24 28 29 32 34 35 36 38 39 41 42
23 23 25 27 32 33 34 35 37 39 41
24 25 26 27 28 29 33 34 39 41 42
25 25 27 29 30 31 32 34 35 36 40
26 27 30 31 33 34 36 37 38 42
27 32 35 33 40 28 30 37
28 29 32 33 38 40 42
29 30 33 39 40
30 31 33 35 36 39 40 41 42
31 32 38 39 40 42
32 36 39 41
33 37 39 42
34 35 38 40 41 42
35 36 38 40 42
36 37 38 39 40 42
37 38 40 41 42
38 42
39 41 42
40 41
41
42
