#kunkel.py
# GMT Sat Apr 13 23:13:58 2019
# 
0 0 32 2 40 5 7 8 9 12 34 15 17 20 21 22 23 24 26 27 28 29
1 32 33 34 3 4 37 35 7 10 11 12 13 14 16 17 19 22 23 36 26
2 3 4 5 6 8 9 11 13 14 17 18 20 21 22 24 27 30 32 33 34 35 37 38 39
3 3 4 9 10 12 13 15 16 17 18 19 20 24 26 27 30 31 33 36 37 41
4 5 10 11 12 14 15 18 21 23 24 25 26 27 28 30 35 37 39 42
5 6 7 8 10 12 15 17 21 22 23 26 28 30 31 32 33 36 37 41 42
6 32 33 34 36 35 39 8 41 10 13 14 15 16 18 19 26 28 42 30
7 11 12 14 15 17 19 22 23 25 27 28 30 31 32 37 38 39 40 42
8 34 40 9 41 11 13 15 16 17 19 21 23 24 25 27 29 30
9 11 15 17 19 20 23 26 27 28 29 30 31 33 34 35 37 38 40
10 10 12 14 16 17 20 21 22 25 27 30 31 32 34 35 36 37 38 39 41 42
11 34 37 42 39 12 13 14 16 17 20 40 26 28 29 30
12 34 38 41 15 18 35 20 32 23 25 26 42 39
13 16 18 19 20 21 22 23 24 30 32 34 35 36 40 41 42
14 17 18 19 20 23 25 26 28 29 30 33 35 36 37 38 40
15 16 19 24 25 28 30 31 34 35 36 38 39 40
16 18 20 22 23 24 28 30 35 36 37 38 39 40 42
17 19 21 27 35 36 37 38 39 40 41 42
18 21 22 23 25 26 27 28 29 31 34 36 39 40 41 42
19 20 23 24 28 29 31 33 36 37 39 41 42
20 25 27 28 29 31 32 33 36 38 40 41
21 32 35 33 41 40 23 24 36 26 28 42 31
22 23 24 25 26 27 29 30 32 33 37 38 40 41 42
23 25 27 29 31 34 35 36 38
24 25 26 27 28 29 33 34 36 37 39 40
25 33 34 35 37 38 36 27 31
26 27 29 30 32 33 35 36 38 40
27 37 38 41 28 36
28 32 33 36 37 38 39 41
29 33 35 38 39 42 40 41 30 31
30 30 34 35 39 42
31 32 33 34 36 38 39 40 41 42
32 34 40 41 39 38
33 34 35 38 39 40
34 35 37 42
35 36 38 42
36 42
37 40 41 42
38 39
39 42
40 41 42
41 42
42
