#kunkel.py
# GMT Sat Apr 13 23:14:38 2019
# 
0 0 2 3 4 5 6 7 10 11 13 14 15 17 18 19 20 21 22 23 24 26 27 28 29 30 31 32 33 35 37 39 40 41 42
1 3 5 7 11 12 14 15 16 19 20 21 22 23 28 30 31 32 33 36 39 40 41 42
2 3 8 9 11 13 16 17 19 21 22 24 26 27 28 29 30 31 32 34 35 36 38 39 42
3 35 4 33 6 7 41 42 11 14 16 39 24 36 26 27 28 29 30
4 32 34 5 35 33 40 9 10 11 13 15 16 19 23 25 26 28 29 39
5 34 35 33 6 32 8 9 10 11 12 13 15 17 41 40 21 23
6 7 8 9 11 14 15 17 18 19 20 22 23 24 26 32 34 36 37 40 41 42
7 9 11 12 14 17 18 20 23 24 25 30 32 34 35 37 38 39 40
8 33 35 41 10 11 12 18 19 20 21 22 24 25 27 28 42 30 37
9 40 10 39 12 34 14 17 19 20 23 24 26 38 28 42 30
10 11 14 15 16 17 18 20 22 23 24 25 29 32 35 36 38 39 42
11 13 17 21 22 26 27 28 31 32 33 36 38 41
12 34 36 38 39 14 15 16 19 20 41 23 25 27 28 29 37
13 14 15 18 19 20 21 23 24 27 28 30 31 32 34 36 37 39
14 18 19 20 21 22 24 25 26 27 31 34 36 39 42
15 36 40 17 42 20 21 22 23 25 27 28 37 31
16 17 18 19 20 24 26 27 29 30 31 33 34 36 37 40 42
17 18 20 21 25 26 27 28 29 31 34 40 41 42
18 35 36 37 41 39 19 21 22 24 27 29 31
19 34 35 21 22 23 26 29 30 31
20 21 23 24 25 27 30 33 38 41
21 25 26 30 31 33 34 38 39 41
22 24 25 26 27 30 31 32 33 37 40 42
23 24 26 31 33 34 35 37 38 39
24 25 26 27 29 32 33 35 36
25 33 35 38 40 36 27 42 31
26 26 27 29 30 33 35 37
27 27 28 30 31 32 35 36 37 38 41
28 29 31 32 34 37 38 39 41 42
29 32 34 35 36 37 39 40 41 42
30 33 38 42 39 40 41
31 34 35 37 39 40
32 34 38 41 40 42 36
33 34 35 36 37 38 39 40
34 38 40 41 42
35 38 40 41 42
36 37 38 39 40 42
37 37 38 39 40 42
38 39 41 42
39 40
40
41
42
