#kunkel.py
# GMT Sat Apr 13 23:13:59 2019
# 
0 33 34 35 4 5 7 8 9 11 12 16 17 40 23 24 25 27 28 37 30 31
1 2 3 5 6 7 8 11 12 13 15 16 17 19 20 22 28 30 33 36 37 39 40 42
2 34 3 5 6 8 41 10 12 14 17 19 20 21 40 24 26 28 30 31
3 5 6 7 11 12 14 15 16 18 19 21 26 27 29 30 31 32 33 40 41
4 37 38 7 8 9 42 11 14 15 40 19 20 41 23 24 25 26 27 39 31
5 5 7 9 10 12 14 15 16 17 18 21 22 23 28 30 32 33 36 40 42
6 36 37 7 41 11 13 14 35 20 21 22 23 25 26 27 29 39 31
7 13 20 23 24 25 28 29 32 33 35 36 37 38 39 40 41
8 8 9 10 11 12 14 15 16 17 18 23 26 28 29 31 33 37 38 41 42
9 10 12 13 18 19 22 23 24 26 27 28 33 34 36 37 38 39 42
10 10 12 13 14 20 21 22 23 24 27 30 31 32 33 34 35 36 40 42
11 13 17 18 19 20 21 25 27 28 29 30 32 34 35 39 41 42
12 14 15 17 18 24 25 26 28 31 32 35 36 39 41
13 32 36 33 14 15 16 17 18 19 20 22 23 24 29 37
14 35 38 16 17 19 40 21 23 25 27 29 36
15 32 34 35 39 16 37 19 22 23 24 26 29 30 31
16 17 22 25 26 27 28 30 32 34 35 36 37 38 41 42
17 20 21 22 23 25 29 33 34 36 38 40 41
18 19 20 21 22 23 24 26 28 29 34 36 37 38 40 42
19 32 37 38 39 40 35 41 27 28 30 31
20 23 25 26 32 33 34 36 37 38 39 40 41
21 22 24 25 28 29 31 32 34 35 37 38 39 42
22 32 33 40 42 23 24 25 26 38 29
23 25 26 28 29 31 37 39 40 42
24 32 34 33 39 35 41 25 42 37
25 26 27 28 30 31 33 35 40 42
26 27 30 33 34 35 36 37 40 41
27 33 42 37 40 36 35 29 31
28 31 34 36 38 39 40 41 42
29 33 34 42 40 39 30 31
30 31 32 33 34 36 37 38 39 42
31 32 37 38 39 40
32 33 35 37 38 39 41
33 34 35 38 41 42
34 35 37 38 39 41
35 41 37
36 38 39 40
37
38 38 39 40 41
39 42
40 41 42
41 41
42
