#kunkel.py
# GMT Sat Apr 13 23:13:59 2019
# 
0 1 6 7 8 9 10 12 15 17 19 21 22 23 24 29 30 31 32 33 34 37 39 41 42
1 32 34 3 36 5 38 33 40 9 10 11 15 19 20 22 41 24 27 28 29
2 34 3 4 7 8 9 10 11 12 13 14 15 16 17 18 22 25 27 29 39 36
3 36 37 6 7 9 10 11 34 14 15 18 42 20 21 23 24 26 28 29
4 32 33 34 36 5 38 40 41 10 11 13 16 18 20 21 22 25 28 37 31
5 5 6 9 11 12 13 15 16 17 20 21 22 27 28 31 35 36 38 39 41 42
6 32 36 7 8 41 10 39 12 17 18 35 20 23 33 27 29 30 37
7 33 37 8 41 10 11 13 16 34 18 19 40 24 26 28 42 35
8 8 9 14 15 17 20 25 26 28 30 31 32 36 37 38 39 41 42
9 9 11 14 15 17 21 25 27 28 29 31 32 33 34 35 37 38 39
10 13 14 16 17 18 19 21 22 23 24 26 29 30 31 32 34 41 42
11 32 38 40 42 39 35 20 21 24 25 28 37 36
12 12 13 14 15 22 23 25 26 27 29 31 32 34 35 36 37 38 39 40
13 13 15 17 20 22 25 26 27 28 29 30 31 32 33 34 35 41
14 16 18 19 20 22 23 26 27 28 30 31 32 33 36 37 39 40 41
15 15 17 19 20 21 22 23 26 30 33 34 38 40 42
16 42 33 35 38 37 41 16 40 18 19 21 22 27 29 31
17 18 19 21 22 23 26 30 31 33 35 36 38 40
18 19 20 21 25 27 28 29 32 35 36 37 39 40
19 20 22 23 25 26 27 28 30 32 35 39 40 41 42
20 21 23 24 25 27 30 31 32 33 38 41 42
21 24 26 27 28 30 31 33 34 37 39 40
22 23 24 26 28 29 32 33 35 36 40
23 33 34 36 38 24 27 28 42 30 35
24 27 28 29 30 31 32 34 35 36 37 38 40 41
25 27 28 29 30 31 32 35 36 38 39 40 42
26 32 37 41 40 27 28 42 31
27 28 29 36 39 42
28 30 33 39 41
29 33 34 35 37 39 40 42
30 35 37 39 41 38 42
31 32 34 36 37 41 42
32 34 37 38
33 34 36 39 40 41 42
34 38 39 36
35 36 37 38 41 42
36 37 41
37
38 39 42 40
39 40
40 41 42
41
42
