#kunkel.py
# GMT Sat Apr 13 23:13:59 2019
# 
0 1 2 7 8 10 11 12 15 16 18 20 21 23 24 26 27 28 30 31 33 38 41
1 1 3 5 6 7 8 9 10 11 16 19 20 21 24 26 28 32 34 37 40 41 42
2 35 4 5 38 7 8 42 13 14 18 19 20 21 22 23 25 26 27 37
3 32 36 5 8 9 10 12 13 14 15 16 17 18 41 22 40 24 25 29 31
4 6 7 10 12 14 16 17 21 22 24 27 28 29 30 31 34 36 38 39 40 42
5 6 9 12 18 19 20 21 22 24 26 27 30 31 32 33 36 37 38 40
6 7 8 10 13 17 23 24 26 27 28 30 34 35 37 38 39 40 41 42
7 9 11 12 15 16 17 18 19 21 23 27 29 31 35 36 38 40 42
8 9 10 11 12 13 14 17 19 22 23 25 27 31 38 39 40 42
9 34 36 41 42 12 14 16 17 35 40 23 24 28 37 31
10 34 37 39 38 42 11 14 16 19 20 41 23 26 27
11 12 13 14 17 19 21 23 24 25 28 29 30 32 33 36 38 39 42
12 32 35 36 16 33 19 24 25 26 27 28 39 31
13 15 16 18 19 20 21 25 26 27 28 29 30 33 34 36 41 42
14 15 16 18 20 23 24 25 26 27 29 33 35 39 40 41
15 15 17 18 21 24 25 26 27 29 30 31 33 37 38 40 41 42
16 17 19 20 21 22 24 25 28 30 36 41 42
17 32 33 34 38 42 40 18 22 39 36 27 30
18 33 36 38 40 34 20 23 24 25 28 30 37
19 21 22 25 26 27 28 29 31 33 34 38 39 41
20 21 22 24 26 28 31 32 33 36 37 38 40 42
21 21 22 23 24 25 26 32 34 39 40 41
22 25 28 29 30 32 33 34 37 38 39 40 41
23 32 35 33 34 41 26 27 37 30 31
24 24 25 27 29 30 31 35 38 40 42
25 27 29 32 33 34 35 36 42
26 26 27 29 30 31 32 33 34 35 38 39 42
27 29 33 38 40 41
28 29 30 31 32 34 35 37 38 40 41
29 32 33 38 35 41 30 31
30 33 35 39 41 37
31 32 33 35 37 39 41 42
32 34 36 33 42 35 39
33 36 37 39 42
34 35 38 39 40 36
35 36 37 42 39
36 37 38 39 40 41 42
37 39 41 38 42
38
39 40 41
40 41
41
42
