#kunkel.py
# GMT Sat Apr 13 23:14:53 2019
# 
0 2 3 4 5 6 7 8 14 15 16 17 18 19 20 21 24 25 26 28 29 30 31 32 33 34 35 36 38 39 41 42
1 32 3 5 6 8 9 10 13 14 37 35 20 21 22 41 26 27 29 30 31
2 3 5 10 12 14 15 16 18 19 21 22 23 25 26 27 29 34 36 38 40 42
3 6 9 12 16 17 19 20 21 22 24 25 28 29 32 33 35 36 41 42
4 32 33 38 7 8 41 42 11 13 16 17 18 20 21 22 23 25 27 29 30
5 8 9 11 12 13 14 15 16 17 20 21 24 25 29 31 34 36 38 41 42
6 7 8 11 12 14 15 17 20 22 23 25 27 28 29 30 31 32 34 35 38 41
7 9 11 12 13 14 15 16 18 21 26 27 31 32 35 36 37 38 39 40 41 42
8 8 10 12 13 14 15 17 19 21 23 24 26 27 29 32 33 36 37 38 39 40 41
9 11 12 13 14 15 16 17 20 21 24 26 29 31 33 34 37 39 42
10 40 36 37 38 33 11 14 17 18 20 21 22 23 24 26 27 30 31
11 12 13 19 20 21 23 24 25 26 27 28 29 30 33 34 36 39
12 33 36 14 15 16 40 35 24 25 26 29 30 37
13 15 18 20 22 23 24 28 30 33 34 35 37 38 40 41 42
14 15 20 23 24 26 27 28 29 30 32 35 38 39
15 15 16 21 22 24 26 27 28 30 31 36 40
16 32 40 42 39 34 33 18 20 23 26 28 31
17 33 34 35 38 18 19 21 23 25 37 28 29 31
18 32 34 37 40 39 20 22 25 26 28 42 30
19 20 21 22 23 24 26 28 29 33 34 35 36 37 38 39 40
20 23 26 27 28 29 38 39 40
21 21 27 29 30 32 33 35 41 42
22 22 23 24 25 31 32 34 36 37 38 40 41
23 42 35 38 41 26 27 29
24 26 27 28 29 31 32 33 34 36 39 40 41
25 27 29 31 33 35 36 37 38 39 40 41 42
26 31 35 37 41 42
27 30 31 36 39 40 41 42
28 28 30 31 33 34 35 36 38 42
29 30 32 39 40 42
30 31 34 35 37 38 39 40 42
31 31 32 34 36 41
32 33 34 36 38 39 40 41
33 34 37 39 40 41
34 35 37 39 41 42
35 36 38 39 40 42
36 37 38 42
37 38 39 40
38
39 40 42
40 41
41 42
42
