#kunkel.py
# GMT Sat Apr 13 23:14:56 2019
# 
0 2 4 6 8 10 12 13 17 19 20 22 24 25 26 27 28 29 31 32 33 34 36 37 38 39 41 42
1 2 4 7 8 9 10 14 17 18 22 23 24 25 26 27 28 30 31 33 34 35 36 37 38 39 40 42
2 6 7 8 10 12 13 14 17 21 22 24 27 28 30 31 34 36 37 38 39 41 42
3 7 8 10 11 13 15 19 20 21 23 24 25 26 29 31 33 34 36 37 38 39 40 41
4 6 7 8 10 13 14 15 16 18 19 22 23 24 26 27 31 32 33 35 36 37 38 40 42
5 6 9 10 13 14 15 16 17 21 22 23 28 29 30 31 33 34 35 36 37 38 39 40 41 42
6 9 10 12 13 14 15 17 21 23 24 31 32 33 34 35 37 38 39 40 41 42
7 10 13 14 18 19 20 24 25 27 28 30 32 33 34 36 37 39 40 41 42
8 11 13 16 18 20 21 22 24 26 29 30 32 34 35 36 37 38 39 40 42
9 10 12 13 14 15 16 18 24 25 26 27 29 30 32 33 34 35 37 38 40 41
10 11 15 16 20 21 23 25 27 29 31 32 34 35 36 37 38 39 41
11 11 12 14 17 18 19 22 24 25 27 29 31 32 33 34 35 36 37 38 39 42
12 15 18 19 22 23 24 26 27 28 30 32 33 34 35 36 38 39 40 41 42
13 15 18 19 20 22 25 27 29 31 32 33 34 36 37 38 39 40 41 42
14 15 17 18 20 21 25 27 28 29 31 32 34 36 38 39 40 41 42
15 16 17 18 21 22 24 25 26 27 30 31 32 33 36 37 41
16 19 20 22 23 28 29 30 31 32 33 34 35 36 37 38 40 41
17 20 22 23 24 25 26 30 31 32 33 34 35 37 39 40 41 42
18 19 22 24 26 29 30 31 32 33 34 35 36 37 39 40 41 42
19 22 26 27 28 29 30 33 34 35 37 38 39 41 42
20 20 23 25 26 28 31 32 33 35 36 37 38 39 40 41 42
21 24 26 27 28 29 30 31 32 33 34 35 36 37 38 39 40 41 42
22 23 25 29 32 34 35 36 37 38 40 41 42
23 24 26 27 29 30 32 33 34 35 36 37 38 39 41
24 24 25 26 31 33 34 35 36 37 39 41 42
25 26 29 30 31 32 34 36 38 39 40 42
26 28 32 33 34 35 36 37 38 39 40 41 42
27 27 28 29 34 35 36 38 39 40 41 42
28 29 30 31 32 33 35 36 37 38 40 42
29 31 33 34 35 37 38 40 41 42
30 31 32 33 34 35 36 38 39 40
31 34 38 40
32 35 36 37 38 41 42
33 34 36 38 39 40
34 37 40 41 42
35 36 39 40 41
36 38 41 42
37 37 38 39 41 42
38 40
39 41 42
40 40 41
41 42
42
