#kunkel.py
# GMT Sat Apr 13 23:14:58 2019
# 
0 0 2 6 7 8 9 13 16 17 18 19 20 23 24 25 26 27 28 29 30 31 32 33 34 36 37 40
1 3 4 5 7 8 11 12 13 14 16 17 18 22 23 24 25 26 27 28 29 30 31 32 33 34 36 38 41 42
2 3 5 6 8 9 12 13 14 17 18 21 22 23 24 28 29 30 31 34 35 36 37 38 39 40 41 42
3 5 8 9 12 14 15 17 18 20 21 22 23 24 25 28 30 31 32 33 34 35 37 38 39 41 42
4 6 9 10 11 14 15 17 20 22 23 24 25 27 28 29 30 31 33 34 36 38 39 41 42
5 7 9 11 12 13 21 22 23 24 25 26 28 29 30 31 32 33 34 35 36 37 38 40 41
6 10 11 12 16 21 22 24 27 28 29 30 31 32 33 35 36 37 38 39 40 41 42
7 7 8 11 14 15 17 18 19 21 22 23 24 26 27 28 29 31 32 34 35 36 37 38 41 42
8 10 11 13 14 15 17 19 20 23 27 29 30 31 32 33 34 35 36 37 38 39 40 41 42
9 11 13 15 18 19 21 23 24 25 26 28 30 32 34 35 36 39 40 42
10 11 12 16 18 19 20 21 22 23 24 25 26 27 29 30 32 33 34 35 36 37 38 39 40 41 42
11 12 14 15 17 18 19 21 24 25 26 30 34 36 38 39 40 41 42
12 12 13 14 15 16 17 19 23 24 26 27 29 30 33 35 36 37 38 39 40 41 42
13 14 16 18 20 23 24 25 26 27 28 29 30 31 32 33 34 35 37 39 40 42
14 15 20 21 22 24 25 26 27 28 29 31 32 33 34 35 36 37 38 39 41 42
15 16 17 18 23 24 25 26 27 28 29 30 32 33 35 36 39 40 41
16 17 18 21 22 23 24 26 29 31 32 33 34 35 36 37 39 40 42
17 18 20 23 24 26 27 28 29 30 31 33 34 37 38 40 41 42
18 19 20 21 23 24 25 28 31 32 33 34 36 37 38 39 40 41 42
19 20 21 22 23 24 25 27 29 30 31 32 33 34 35 36 38 39 40 41 42
20 21 23 24 25 26 27 28 29 30 31 32 33 34 35 36 38 39 40 42
21 25 26 27 28 30 31 33 34 35 37 39 40 41 42
22 23 24 25 26 27 28 29 30 31 32 34 35 37 38 39 41 42
23 24 25 26 27 29 31 32 33 35 37
24 26 28 30 31 33 35 36 37 40 41
25 27 29 31 33 34 36 37 39 40 42
26 27 28 30 32 34 35 39 40 41 42
27 28 32 33 35 38 40 42
28 29 31 32 33 34 35 38 42
29 29 31 33 35 36 38 40 42
30 31 32 36 38 39 41 42
31 33 37 40 41 42
32 33 34 36 39
33 34 35 37 38 40 42
34 36 37 39 40 42
35 35 36 37 39 41
36 37 39 41
37 39 40 41
38 39 41
39 40 41 42
40 40
41 42
42
