#kunkel.py
# GMT Sat Apr 13 23:14:59 2019
# 
0 0 2 5 6 7 9 11 12 13 14 15 17 18 20 21 22 24 26 27 29 32 33 34 36 38 40
1 2 3 4 5 6 7 9 14 15 16 17 18 25 27 28 30 31 32 34 37 38 40
2 34 4 5 6 33 8 10 11 14 16 17 20 22 24 25 36 42 39 31
3 4 5 8 13 15 16 17 23 25 26 27 28 29 31 33 35 37 38 40 41 42
4 6 11 12 13 14 15 16 18 19 20 23 24 29 30 34 35 36 38 39 42
5 8 9 10 11 13 17 21 22 23 25 27 30 32 33 35 39 41 42
6 35 37 33 42 11 12 15 16 19 21 22 39 24 25 26 27 30
7 9 10 11 13 15 19 20 22 23 24 25 28 29 30 31 32 33 34 37 39 41
8 42 33 9 10 34 16 18 35 20 41 23 24 25 26 28 29 30 37
9 36 38 41 42 39 12 13 14 15 17 19 21 27 29 30
10 11 16 17 18 20 22 24 25 28 30 32 33 35 36 38 39 40 41
11 32 38 34 15 18 19 20 21 23 25 27 28 31
12 13 14 17 18 21 22 25 29 30 31 32 33 34 35 39 40 41 42
13 14 16 19 20 22 24 25 26 28 29 30 32 34 35 40
14 15 16 17 19 25 26 28 31 32 33 35 36 37 38 39 41
15 17 19 21 24 25 26 27 29 31 37 38 41 42
16 19 20 22 26 27 30 32 36 37 38 40 41 42
17 18 21 22 24 25 26 31 32 33 36 37 41 42
18 34 39 41 36 20 22 23 25 26 27 28 30 31
19 19 21 22 23 26 27 28 29 32 33 34 35 42
20 34 37 38 40 21 22 39 26 27 28 29
21 32 34 35 39 40 42 41 22 23 38 31
22 24 26 27 28 33 34 35 36 37 39
23 34 38 41 42 25 26 37 28 29 30 31
24 28 30 32 33 35 36 38 39 40 41 42
25 26 29 30 33 34 35 39 40
26 28 29 32 34 35 36 40
27 28 34 36 37 38 39 40 41 42
28 30 31 35 37 38 39 42
29 38 39 40 41 36 30 31
30 31 36 37 40 42
31 32 33 34 35 36 37 39 40
32 35 36 40 41
33 33 34 35 37 40 42
34 36 41 42
35 35 37 38
36 38 39 40 41 42
37 38 39 41
38 40
39 40 41
40 40 42
41
42
