#kunkel.py
# GMT Sat Apr 13 23:14:00 2019
# 
0 2 5 12 13 14 15 16 17 18 19 20 21 25 26 28 29 32 33 34 35 38 41
1 32 33 34 35 36 37 6 7 8 9 10 12 14 16 17 18 19 22 24 27 29
2 3 4 7 8 9 10 11 12 13 14 16 21 22 25 26 29 31 34 36 40 42
3 5 9 10 11 12 13 14 15 19 21 22 23 24 26 30 32 34 35 36 38 42
4 4 5 6 9 11 12 13 18 19 20 21 23 24 27 29 31 32 39 40 41 42
5 7 8 10 11 12 13 14 15 17 20 22 24 26 27 28 31 36 38 39 42
6 7 8 12 13 14 17 18 19 20 21 23 24 27 28 31 32 33 34 35 36 39 41
7 8 9 11 14 15 16 19 20 21 22 27 30 31 32 36 38 39 41
8 9 11 13 14 16 19 23 25 26 27 28 29 31 35 36 38 39
9 9 10 11 14 16 17 18 20 27 28 30 33 34 38 40 41 42
10 36 33 12 34 14 15 16 18 22 41 25 26 27 28 37 31
11 13 16 17 18 19 20 21 23 24 25 26 29 30 31 32 35 37
12 32 13 14 34 17 42 23 25 26 36 29 30 31
13 15 18 20 21 24 26 27 28 33 35 38 40 41 42
14 18 22 23 24 28 29 30 34 38 39 40
15 32 34 40 39 16 17 20 21 33 26 27 28 29 30
16 32 17 42 20 22 39 25 26 27 28 29 30
17 18 20 21 22 23 24 28 32 33 34 35 36 41 42
18 21 24 28 29 30 31 32 35 36 37 38 41
19 20 22 24 25 27 28 29 32 33 34 35 37 39 40 42
20 22 23 27 30 31 33 35 38 40 42
21 24 25 27 29 30 31 33 34 37 38 40
22 23 24 25 26 28 30 31 35 37 39 40 41
23 33 34 37 39 41 40 24 26 27 30 31
24 40 41 42 27 28 29 37
25 32 35 36 37 42 33 40 39 29 30
26 27 32 33 34 37 39 40 41 42
27 27 28 32 33 34 35 37 38 41
28 30 34 35 38 40 41 42
29 35 41 40 36 30 31
30 32 35 36 40 41 42
31 31 33 36 38 39 41 42
32 36 37 38 39 41 42
33 40 37 39 38 42
34 35 36 37 39 40
35 36 37 42
36 37 39 40 41 42
37 38 42 39
38 42 39 41
39 39 40
40 41
41
42
