#kunkel.py
# GMT Sat Apr 13 23:15:18 2019
# 
0 3 4 6 11 12 13 14 15 16 17 19 22 24 25 26 30 31 33 36 37 38 39
1 32 3 36 37 38 7 8 41 10 14 40 18 35 21 22 24 25 26 27 29 31
2 5 7 8 10 12 13 14 15 19 20 21 23 25 26 27 29 30 33 34 35 38 40 41
3 4 6 7 8 9 11 16 17 18 19 22 26 28 29 30 31 34 35 37 38 39 40 42
4 5 6 7 8 9 17 18 19 21 22 23 24 26 27 28 30 31 32 36 37 38 39 40 41
5 5 6 7 8 9 11 12 13 14 16 17 18 21 23 26 32 33 35 36 37 38 39 40 42
6 7 8 11 15 16 18 21 23 25 28 31 34 35 36 37 38 39 40
7 13 14 16 17 20 22 23 27 28 30 31 34 35 36 37 38 41 42
8 9 12 21 24 25 29 30 31 32 35 37 38 39 40 41 42
9 12 14 16 18 19 20 21 22 24 25 26 28 29 31 32 33 35 36 37 39 40 41 42
10 12 14 15 18 20 21 23 25 28 30 31 33 34 35 36 37 38 40 41 42
11 12 15 16 17 19 20 23 26 28 29 30 32 35 36 37 38 39 40 41 42
12 13 15 16 19 21 22 24 26 27 28 29 30 31 35 36 37 38 40 42
13 19 22 23 24 25 27 28 30 31 32 33 34 35 37 38 39 40 41 42
14 15 17 18 19 22 25 26 27 30 31 35 36 37 38 39 40 41 42
15 20 21 26 28 29 30 31 34 35 36 38 39 40 41 42
16 16 17 18 20 21 22 24 25 28 30 33 34 35 36 37 39 40 41 42
17 19 20 21 23 24 25 28 31 32 33 36 37 38 39 40 41 42
18 19 20 22 23 27 29 30 31 32 33 36 40 41 42
19 19 20 24 26 27 28 30 32 33 34 36 39 40 41 42
20 21 24 27 28 30 31 32 34 37 38 39 40 41 42
21 21 23 25 27 33 35 37 38 40 41 42
22 25 26 27 29 34 35 36 38 39 40 41 42
23 24 25 27 29 34 35 36 37 38 39 41
24 25 26 27 29 32 33 34 35 36 37 38 39 40 41 42
25 27 28 29 31 36 38 39 42
26 29 30 31 33 34 36 37 39 41 42
27 33 34 35 36 37 39 40 41
28 31 33 35 36 38 39 40 42
29 30 32 33 34 35 36 39 40 41
30 30 32 35 36 37 38 41 42
31 33 36 37 39 40 41
32 38 33 41 39 36 40 37
33 34 35 36 37 38 39 42
34 35 37 38 41 42
35 36 37 38 39 41
36 37 41
37 38 39 41 42
38 39 40 42
39 40
40 41 42
41
42
