#kunkel.py
# GMT Sat Apr 13 23:14:00 2019
# 
0 36 35 4 37 38 7 40 42 11 12 13 19 20 23 24 25 27 28 30 31
1 32 33 34 3 4 5 6 39 8 14 40 37 19 20 21 23 24 36 28 29 31
2 3 4 6 7 8 10 11 12 15 17 18 21 22 23 25 26 29 34 36 37 38 40
3 32 5 6 39 8 9 10 11 13 15 16 18 20 23 25 26 38 29 37
4 5 6 7 9 10 14 18 22 24 25 26 27 28 29 31 32 35 36 40 42
5 6 7 8 10 11 12 13 15 16 20 21 24 26 27 28 29 38 40 41
6 10 12 13 14 15 17 20 25 27 29 30 31 33 34 37 39 40 42
7 7 8 12 13 14 15 17 18 19 20 24 26 28 34 35 37 38 39 40
8 9 11 12 14 17 18 20 22 24 25 26 27 29 31 32 36 37 40 41 42
9 32 33 38 39 41 42 11 13 14 15 40 18 19 20 21 36 28 31
10 33 39 38 41 42 34 14 17 18 40 22 23 25 27 29 36
11 12 14 15 16 18 19 20 23 25 29 31 33 34 35 36 40
12 13 16 19 21 24 25 26 27 30 32 33 37 38 39 42
13 14 15 17 18 19 20 21 22 23 25 27 28 33 36 41
14 16 20 21 23 24 26 27 28 33 34 35 39 41 42
15 16 18 21 22 24 28 29 30 32 34 35 36 38 41
16 35 34 36 40 42 17 19 22 23 24 26 27 28 30
17 19 20 21 22 25 26 28 29 31 34 35 38 39 40 42
18 18 19 20 24 25 27 30 32 33 36 41 42
19 19 22 24 26 27 28 31 32 33 34 35 36 37 39 41 42
20 23 25 27 28 31 33 36 38 39
21 22 24 25 26 28 29 30 31 32 38 39 40 41 42
22 23 26 27 30 31 34 35 36 37 40 41 42
23 24 26 27 28 29 32 34 35 36 38 42
24 25 26 32 33 35 36 41 42
25 33 37 41 35 42 30
26 39 27 28 29 30 37
27 29 30 31 32 33 39 40
28 32 33 34 36 37 38 42
29 32 35 37 30 31
30 32 34 35 37 33 38 41 42 31
31 34 35 32 41 39
32 33 34 35 37 39 40
33 34 35 36 37 38 39 41
34 38 39 40 41
35 41 39 36
36 37 40 42
37 38 39 41 42
38 39 40 41 42
39
40 41 42
41
42
