#kunkel.py
# GMT Sat Apr 13 23:15:26 2019
# 
0 2 5 7 10 11 12 13 16 17 18 19 20 22 23 24 25 26 27 28 29 30 31 33 34 35 36 37 38 39 42
1 5 6 9 10 11 12 13 15 16 17 19 20 22 23 24 25 26 27 28 31 32 33 35 36 37 38 39 41 42
2 8 9 10 12 13 14 15 16 17 18 19 20 21 24 26 27 28 29 30 31 32 33 34 35 36 38 39 41
3 4 5 7 8 10 13 14 15 16 17 18 19 21 22 23 27 28 29 31 32 33 34 37 38 39 40 41 42
4 4 5 9 11 12 13 14 15 16 17 19 20 21 22 23 24 25 26 27 28 29 31 32 33 34 35 36 37 39 40 41 42
5 6 10 11 12 13 14 15 17 18 19 20 22 25 28 29 30 31 33 34 36 37 38 40 41
6 7 10 12 13 14 16 17 18 19 20 21 22 23 24 25 26 27 28 29 30 31 32 33 34 36 37 38 40 41
7 13 14 15 16 17 18 19 20 21 22 23 24 26 27 28 29 30 31 33 34 35 36 39 42
8 10 12 13 14 17 18 19 20 21 22 23 24 25 27 28 29 30 31 32 35 36 37 38 39 40 41 42
9 12 13 14 15 16 18 19 20 21 22 23 24 25 26 27 28 29 30 31 32 33 36 37 38 39 40 41 42
10 12 13 14 15 16 17 18 19 20 21 22 25 26 27 28 29 30 31 32 33 35 36 41 42
11 12 14 15 16 17 18 20 21 22 23 25 26 27 28 30 31 32 34 35 36 37 38 39 40 42
12 13 15 18 19 23 25 26 28 29 30 35 36 38 39
13 14 15 16 23 24 25 26 27 31 32 37 40 41
14 15 18 19 20 22 24 26 27 28 29 30 31 36 37 38
15 15 17 20 23 25 27 30 32 34 35 36 42
16 19 20 22 23 24 27 30 32 34 38 39
17 18 20 21 22 23 24 29 30 32 33 34 35 37 38 40 41
18 20 21 23 25 26 27 28 29 38 40 42
19 20 21 22 24 32 33 34 36 38 41
20 22 25 26 28 29 31 32 33 34 42
21 22 23 25 26 27 28 33 34 35 38 39 40 41 42
22 23 24 25 27 28 30 31 32 36 39 40 41 42
23 24 26 29 30 31 33 36 42
24 26 27 29 32 35 39 40 42
25 26 27 28 31 32 33 35 38 40
26 29 30 32 33 34 37 39 40 41
27 28 29 32 33 34 35 36 40
28 29 31 33 34 35 37 39
29 30 34 35 37 39 40
30 31 32 33 34 38 41 42
31 33 35 37 38 39 40 41 42
32 32 34 35 38 39 41 42
33 34 35 38 40 41 42
34 36 37 42
35 36 37 38 39 41
36 37 39 40 42
37 38 39 42
38 41
39 40 41
40 41 42
41 42
42
