#kunkel.py
# GMT Sat Apr 13 23:15:27 2019
# 
0 1 2 3 10 12 13 14 15 17 18 19 20 24 25 28 29 31 32 33 34 35 36 37 38 40 41
1 2 4 6 7 11 13 15 17 19 22 23 26 27 28 29 30 31 32 33 34 35 37 41 42
2 2 6 8 11 12 13 14 16 17 19 21 22 25 26 27 28 30 31 34 36 38 40 42
3 4 6 7 8 12 13 15 16 18 21 22 25 28 30 31 32 33 35 36 39 40 41 42
4 5 9 10 11 14 20 21 22 25 26 27 28 31 32 33 35 37 38 39 40 41 42
5 6 8 12 14 15 18 19 21 22 23 24 25 27 31 32 34 36 37 38 39 40 41 42
6 7 8 10 12 15 16 20 21 22 25 26 28 29 30 31 32 34 35 37 38 39 40 41
7 9 10 11 14 16 17 18 19 20 22 23 27 28 30 31 32 33 34 35 36 37 38 39 40 41 42
8 8 9 13 14 15 18 23 26 27 28 29 32 33 34 36 37 38 39 40 41 42
9 16 17 18 19 20 21 23 25 29 30 31 33 34 36 37 38 39 41 42
10 11 13 14 16 17 20 21 23 24 28 29 30 31 33 36 37 38 39 40 42
11 14 15 16 18 19 20 21 22 23 29 31 32 33 34 35 36 38 39 41
12 13 14 15 19 22 23 24 25 26 27 28 29 30 32 33 34 35 36 37 39 40
13 13 16 17 20 21 22 23 25 26 28 31 33 34 35 37 38 39 40 41 42
14 17 18 21 25 26 27 28 29 31 32 35 38 39 40 41
15 16 20 22 23 24 26 27 29 31 33 34 36 40 41
16 19 20 21 24 27 30 31 32 33 34 35 36 37 38 39 40 42
17 21 23 24 25 27 28 30 31 32 33 34 35 37 38 39 40 41
18 19 20 21 24 28 30 31 32 34 35 36 37 39 40 41 42
19 21 23 25 26 27 29 30 31 33 34 35 36 37 38 39 40 41
20 21 25 29 31 34 35 36 38 39 40 42
21 23 24 25 26 29 32 33 35 36 39 41 42
22 23 24 25 26 30 31 32 33 34 35 36 37 38 40 41 42
23 28 31 33 35 36 38 39 41 42
24 26 27 28 29 30 31 32 33 34 35 36 37 38 39 40 41
25 27 31 33 34 35 36 37 38 39 40 41 42
26 29 31 32 33 35 36 37 38 39 40 41 42
27 31 33 34 35 36 37 39 40 41 42
28 30 31 33 34 35 36 38 41 42
29 31 32 35 36 37 39 40 41 42
30 31 34 35 37 38 39 40 41 42
31 31 32 34 36 41
32 33 34 36 38 39 40 41
33 34 37 39 40 41
34 35 37 39 41 42
35 36 38 39 40 42
36 37 38 42
37 38 39 40
38
39 40 42
40 41
41 42
42
