#kunkel.py
# GMT Sat Apr 13 23:15:28 2019
# 
0 1 6 10 11 13 14 15 16 18 19 20 21 23 26 27 28 29 30 32 33 34 35 37 38 39 41
1 2 4 5 6 7 8 9 14 16 18 20 21 25 26 27 29 30 31 32 34 35 38 39 40 42
2 2 3 4 9 10 12 13 14 15 17 19 20 22 27 28 29 31 32 33 34 35 36 37 38 39 40 41 42
3 5 6 10 12 13 15 17 18 20 21 23 24 25 27 28 31 32 33 35 36 37 39 40 41 42
4 7 8 10 13 14 16 17 22 23 24 25 26 27 29 30 31 32 33 34 36 37 38 41 42
5 5 6 11 12 18 20 22 24 25 26 27 28 29 30 31 33 34 35 36 37 38 39 40 41 42
6 8 9 10 12 15 16 18 19 20 21 25 27 28 32 33 34 35 36 37 38 39 40 41 42
7 8 10 12 13 14 15 18 19 21 23 25 27 28 29 30 31 32 33 35 36 37 38 39 40 41
8 9 10 11 12 13 14 15 17 19 26 27 28 29 30 32 33 34 35 37 39 40
9 11 12 13 16 17 18 23 26 27 28 29 32 34 35 37 38 39 40 41 42
10 11 13 16 17 18 21 26 27 28 33 34 35 36 38 40 41
11 12 13 15 16 17 20 21 22 23 24 25 26 27 28 30 33 34 35 36 37 38 39 41 42
12 13 14 16 20 22 23 24 26 27 28 30 31 32 33 35 36 37 39 40 41 42
13 14 15 22 23 26 27 28 30 31 32 33 34 35 36 37 38 39 40 41
14 15 16 18 19 20 22 24 26 28 29 30 32 33 35 36 38 39 40
15 17 18 19 20 21 22 24 25 26 27 28 32 35 36 37 41 42
16 19 22 23 25 26 27 29 30 31 32 33 34 35 36 37 39 40 41 42
17 18 19 20 22 23 27 29 30 31 32 33 34 35 36 38 39 40 41
18 21 23 25 26 29 30 31 32 33 34 35 36 38 39 41 42
19 20 21 24 26 27 30 31 32 33 34 35 36 37 38 39 41 42
20 23 24 25 27 28 29 30 31 32 33 38 39 40 41
21 22 24 25 26 29 30 31 33 34 35 36 38 39 41 42
22 23 25 27 29 30 31 32 33 34 35 36 39 42
23 24 25 26 27 29 30 31 32 33 35 36 37 38 42
24 24 26 27 28 29 30 31 32 33 34 36 37 38 39 41 42
25 26 28 30 32 33 36 37 38 39 40 42
26 27 29 30 31 33 34 35 36 38 39 40 41
27 30 33 34 35 36 41 42
28 29 30 32 33 34 37 38 39 41 42
29 30 32 34 36 37 40 42
30 31 32 37 38 41 42
31 32 33 34 36 37 39 41 42
32 35 38 40
33 34 38 39 41
34 37 39
35 36 41
36 36 37 38 39 40 42
37 40 42
38 40 42
39 40
40 42
41 42
42
