#kunkel.py
# GMT Sat Apr 13 23:15:32 2019
# 
0 3 4 5 7 11 13 14 15 17 19 20 22 23 24 26 28 29 30 31 32 33 35 36 37 39 40 41 42
1 3 5 7 8 9 10 11 12 14 15 16 17 19 20 21 22 23 24 27 28 29 30 31 32 33 34 35 36 37 39 40 41 42
2 3 5 8 9 10 11 13 15 16 17 18 19 21 22 23 24 25 26 27 28 29 30 31 32 34 35 36 38 39 41 42
3 4 6 7 8 9 10 11 12 13 14 15 16 17 23 24 25 26 27 28 29 30 33 34 35 36 37 38 39 40 41 42
4 5 6 7 8 9 10 11 13 14 15 16 19 23 25 26 28 29 30 32 33 34 35 36 37 39 40 41 42
5 8 9 10 13 15 16 17 19 20 24 27 29 31 33 34 37 38 39 40 41
6 32 35 39 8 41 11 12 13 14 15 16 19 21 22 25 26 27 29 30
7 38 35 33 8 9 10 12 13 14 15 16 17 19 21 22 25 28
8 8 16 17 18 20 22 27 29 30 33 35 38 40 41 42
9 11 13 15 16 20 22 23 25 26 27 29 33 34 37 38 39 41
10 11 12 13 14 16 19 22 23 24 26 31 32 33 35 36 37 39 42
11 12 13 14 18 21 24 26 27 28 29 31 35 36 37 39 41 42
12 13 14 16 19 20 21 22 23 24 28 33 34 35 38 39 40 41
13 16 17 21 24 25 26 30 31 32 33 39 40 41 42
14 15 17 18 20 21 22 25 27 28 29 31 34 36 42
15 16 21 23 24 26 31 32 34 35 36 38 40 41
16 18 19 21 23 25 29 30 31 32 36 38 41
17 18 19 20 21 22 26 28 31 34 38 39 40 41
18 18 19 21 23 25 26 28 29 31 32 34 35 36 39 40 42
19 21 22 24 25 26 29 32 33 36 40 42
20 34 35 36 32 40 22 23 24 33 27 28 30
21 22 23 24 25 30 31 32 34 36 38 39 42
22 25 26 27 29 32 37 38 40 42
23 28 29 32 34 35 37 38 41 42
24 25 27 28 30 32 36 37 40 42
25 25 26 27 30 31 33 35 37 38 39 40 42
26 26 30 32 33 34 36 37 39 41
27 32 36 40 35 38 37 31
28 29 30 31 33 34 36 37 39 40 41
29 29 30 32 34 36 39 42
30 33 34 36 37 38 40 41 42
31 32 36 37 39 40 41 42
32 33 34 35 38 40
33 34 35 36 37 38
34 36 38 41
35 36 37 38 39 40 42
36 38 40
37 40 41 42
38 39
39 42
40 42
41 42
42
