#kunkel.py
# GMT Sat Apr 13 23:15:34 2019
# 
0 4 6 8 9 10 11 12 13 14 15 16 17 19 21 22 23 24 25 26 27 28 31 32 33 34 35 36 38 40 41
1 2 3 6 9 10 11 12 13 14 15 16 17 20 21 22 23 24 25 26 28 29 30 31 32 34 36 37 38 39 40 41 42
2 5 6 8 9 11 12 14 15 16 17 18 19 20 23 26 27 28 29 31 33 34 37 38 39 40 41 42
3 6 7 9 10 11 15 17 18 19 21 22 23 24 25 26 27 28 29 30 31 32 33 35 37 38 39 40 41 42
4 5 6 7 12 15 16 17 18 19 20 21 22 25 26 28 29 30 31 32 34 35 36 37 38 39 40 41
5 7 8 9 10 11 12 13 14 15 17 18 19 20 21 23 24 26 27 28 29 30 31 32 33 34 36 37 38 40 42
6 12 13 14 15 17 19 20 21 23 24 26 27 28 29 30 31 32 33 35 36 37 38 41
7 8 11 12 13 14 15 16 17 18 19 21 22 23 25 26 27 28 31 33 34 35 36 37 38 39 40 42
8 9 10 15 16 17 18 19 20 21 22 23 24 25 26 27 28 29 30 31 33 34 35 36 38 41 42
9 9 10 11 12 13 15 16 17 19 20 21 22 23 25 26 27 28 29 30 31 32 33 34 35 37 38 39 40 42
10 11 13 14 15 16 17 19 20 21 22 23 24 26 27 29 31 32 33 34 35 36 38 39 40 42
11 12 13 16 17 18 20 22 23 24 26 30 34 35 36 37 41
12 14 18 19 20 24 26 28 31 32 34 35 37 38 39 40 42
13 35 14 15 16 18 22 23 39 26 38 42 30 31
14 15 16 20 23 24 25 29 30 31 32 33 36 37 38 40
15 17 18 20 21 22 30 32 33 35 39
16 16 19 23 24 25 26 29 30 34 35 36 38 39 40 42
17 19 25 28 29 30 33 34 37 40 41 42
18 18 19 20 22 24 25 27 31 33 34 35 37 41
19 19 22 26 27 28 29 30 32 36 37 39 41
20 21 22 23 25 29 30 32 33 35 36 37 39 40 41 42
21 23 25 26 29 33 35 38 39 40 41 42
22 23 29 31 32 33 34 36 39 40 41 42
23 24 25 28 29 32 33 35 41 42
24 25 27 28 29 30 32 34 35 38 40 41
25 27 30 31 32 33 38 40 41 42
26 27 34 37 39 41 42
27 28 31 32 33 35 36 37 40 41 42
28 29 33 36 38 39 40 41 42
29 33 34 36 37 38 41 42
30 31 32 35 37 39 40
31 32 33 35 36 39 40
32 37 39 40 41 42
33 34 39
34 35 36 37 38 39 40
35 37 38 41
36 37 38 41 42
37 37 39 41
38 39 41 42
39 40 42
40
41 42
42
