#kunkel.py
# GMT Sat Apr 13 23:15:43 2019
# 
0 2 3 4 7 12 13 14 19 20 23 25 26 27 28 29 30 31 34 35 36 37 38 39 40 41 42
1 2 3 6 8 10 13 14 16 17 18 24 25 26 28 29 30 31 32 33 34 35 36 41 42
2 2 3 4 6 8 11 15 17 18 22 23 25 28 30 31 32 33 34 36 37 38 40 42
3 3 4 5 8 9 10 14 15 17 19 20 23 25 26 28 29 30 31 33 35 36 38 39 41 42
4 5 6 8 9 11 13 15 17 18 21 23 27 28 30 31 32 33 34 35 37 39 40 41
5 7 13 14 16 17 18 21 22 24 27 29 30 31 32 33 34 36 37 38 39 40 41 42
6 7 11 12 14 15 16 18 19 20 22 24 27 28 29 30 31 32 33 34 35 36 37 38 41
7 8 11 14 16 18 21 22 23 24 25 27 28 31 33 34 35 36 37 38 39 40 42
8 9 10 15 16 18 19 21 22 23 24 28 29 30 32 34 35 36 37 38 39 40 41 42
9 10 11 12 13 15 16 17 20 22 23 24 28 29 30 31 33 34 35 36 37 38 39 40 41
10 11 12 14 16 18 20 21 23 27 29 30 31 32 33 34 35 36 37 38 39 41 42
11 15 18 20 22 23 24 25 26 28 30 33 34 35 37 38 39 40 41 42
12 13 14 15 17 24 27 28 29 30 31 32 33 35 36 37 38 39 42
13 14 16 17 20 21 23 24 25 26 27 28 29 30 32 33 34 36 37 38 39 40 42
14 15 16 17 19 22 25 28 29 30 31 32 33 34 36 38 39 41 42
15 16 17 19 25 26 27 28 31 32 33 34 35 36 37 38 39 42
16 24 25 26 28 30 31 32 33 34 35 36 39 40 41 42
17 17 19 21 22 24 26 29 30 31 33 34 35 37 38 39 42
18 19 20 22 24 26 27 29 30 32 33 35 36 37 38 40 42
19 20 21 23 26 27 28 29 30 31 32 34 35 36 37 38 39 41 42
20 20 23 24 25 26 27 28 30 31 32 33 34 35 36 37 38 39 40 41 42
21 23 24 25 26 27 28 29 32 33 34 35 36 38 39 40 41
22 23 25 26 28 29 30 31 32 33 35 38 40 41
23 23 24 28 29 30 31 32 33 39 40 42
24 28 29 31 32 33 35 36 37 38 40 41 42
25 27 31 32 33 35 36 37 39 40 41 42
26 27 28 29 32 33 34 35 37 38 40 41 42
27 28 29 30 33 34 35 36 38 39 40 41 42
28 33 36 37 39 41
29 30 32 34 35 36 38 40 41 42
30 31 32 33 36 39 40
31 32 33 34 37 38 40
32 33 34 36 37 39
33 34 37 38 41
34 35 38 39 40 41 42
35 36 38 40 41
36 42
37 38 40 41 42
38 39
39 41
40 41 42
41 42
42
