#kunkel.py
# GMT Sat Apr 13 23:15:44 2019
# 
0 4 5 6 7 8 12 13 14 16 18 20 22 23 24 25 27 28 29 30 31 32 33 35 36 38 39 40 42
1 3 5 7 8 9 10 11 12 13 15 16 17 18 19 20 21 23 24 25 26 27 28 29 31 32 34 35 36 38 39 40 42
2 5 6 7 8 9 10 11 12 13 14 16 17 18 19 20 21 22 23 25 27 28 30 31 33 34 35 36 37 38 41
3 4 5 6 7 8 9 11 12 13 15 18 19 20 21 22 23 24 25 26 27 28 29 32 33 34 36 37 39 40 41
4 5 6 7 9 11 12 13 14 16 17 20 21 22 23 24 30 32 33 34 35 36 38 39 40 41 42
5 6 8 10 14 16 17 19 21 24 25 26 27 28 29 33 34 36 37 40 41 42
6 8 10 13 17 18 20 21 23 26 28 29 30 31 32 35 36 37 39
7 9 10 11 12 14 17 19 20 27 32 33 34 35 36 37 38 39 40 42
8 9 10 11 12 14 15 25 26 28 31 32 35 36 37 38 39 40
9 10 11 12 14 15 17 18 19 21 22 24 28 29 30 31 33 35 38
10 32 35 42 14 15 17 18 22 40 38 28 37 30 31
11 14 16 18 19 22 23 24 26 27 30 31 32 33 34 39 41 42
12 13 15 19 20 21 22 23 25 29 30 31 34 37 39 40 42
13 14 16 18 19 20 21 22 23 24 25 26 27 30 34 37 38 40 41 42
14 17 19 23 24 25 30 34 35 37 38 39 42
15 36 37 38 33 39 16 40 18 42 20 41 24 26 28 29
16 17 19 20 22 23 24 28 30 31 37 38 39 41 42
17 20 21 22 23 24 25 26 30 31 34 36 40 41
18 19 22 23 24 26 27 28 29 36 37 39 40 41 42
19 19 20 21 26 28 29 32 34 35 36 38 41
20 22 24 26 28 34 35 36 39 40 41
21 32 33 39 34 41 38 28 29 30 31
22 22 24 25 26 27 28 29 30 34 35 36 37 40 41
23 25 27 28 29 31 33 34 35 37 39 41
24 27 29 31 32 35 36 37
25 28 29 31 32 33 34 35 36 37 41
26 27 30 32 33 34 36 37 38 42
27 28 29 33 34 35 36 37 40 42
28 30 31 32 34 35 40 41
29 30 31 32 35 36 40 41 42
30 33 35 38 39 40 42
31 33 32 38 39
32 33 34 35 36 41 42
33 34 35 38 39 40 41 42
34 36 37 38 40
35 38 40 42
36 37 38
37 39 41 42
38 40
39 40 42
40 41
41 42
42
