#kunkel.py
# GMT Sat Apr 13 23:15:53 2019
# 
0 4 6 8 10 11 12 13 14 15 17 18 19 20 22 24 25 26 27 28 29 30 31 33 34 35 36 37 38 39 41
1 3 5 6 8 10 11 12 13 14 16 17 19 21 22 23 24 25 26 27 28 29 30 31 32 33 35 36 37 39 40 41 42
2 3 5 7 8 10 11 13 14 15 16 17 18 19 21 22 24 25 27 29 30 31 32 34 36 37 39 41 42
3 7 9 10 12 13 14 15 16 17 19 20 21 22 23 24 28 31 33 34 35 36 37 38 39 40 41
4 5 6 7 9 10 11 12 13 15 16 17 19 20 21 22 23 27 28 29 31 32 33 34 35 36 37 38 39 40 42
5 6 9 10 12 13 15 16 17 18 19 20 22 23 25 26 27 31 32 33 35 36 37 38 39 41 42
6 9 11 14 15 16 17 18 19 20 21 24 25 26 27 29 31 32 33 34 35 36 38 39 40 41 42
7 9 10 11 12 14 15 17 19 21 22 24 27 28 29 31 32 34 35 36 37 38 39 40 41
8 9 10 11 12 13 14 16 18 19 20 21 22 23 24 25 26 28 32 34 35 36 37 38 39 40 41 42
9 12 13 14 15 18 20 21 22 23 24 25 27 28 29 30 31 33 34 35 36 38 39 40 42
10 11 12 13 14 17 18 22 25 27 30 32 34 39 40 42
11 11 14 15 16 18 21 23 24 26 28 29 34 36 40 41 42
12 14 17 18 19 21 23 26 30 31 32 35 36 37 40 42
13 16 18 21 26 27 28 29 30 31 33 34 35 36 38 39 40 42
14 17 21 23 24 25 26 27 30 31 33 34 35 37 39 41
15 16 17 20 22 23 24 26 27 30 32 34 36 41 42
16 18 19 20 21 23 25 29 30 31 33 34 37 38 42
17 18 19 20 25 27 29 30 32 35 37 38
18 18 19 20 22 25 26 28 31 35 36 38 39 40 42
19 22 28 29 31 32 35 36 38 39 40 41 42
20 21 23 24 25 26 27 28 29 30 31 35 36 37 40
21 25 27 29 30 31 32 33 36 38 39 41
22 24 25 27 28 31 33 36 39 40
23 24 27 28 31 32 33 34 35 36 38 39 40 42
24 25 26 28 31 32 33 35 37 41
25 26 32 33 34 35 36 37 42
26 27 29 30 33 34 35 37 38 39 40 41 42
27 30 34 38 39 41 42
28 29 33 34 35 36 37 39 40 41
29 34 37 38 39 40 42
30 31 32 36 37 38 40 41
31 35 38 41
32 33 34 37 38 40 41 42
33 34 35 36 37 42
34 35 38 40 41
35 39 40 42
36 37 38 39 42
37 39 41
38 41 42
39
40 41
41
42
