#kunkel.py
# GMT Sat Apr 13 23:15:55 2019
# 
0 4 6 7 8 9 10 11 12 14 15 16 17 18 19 22 23 24 25 26 27 28 29 30 31 33 34 35 36 38 39 40 41
1 2 5 6 7 8 9 10 11 13 14 15 17 18 19 20 21 22 23 24 25 27 28 29 30 31 32 33 35 37 39 40
2 3 4 5 6 7 8 9 10 11 12 13 14 17 18 21 22 23 24 25 26 27 28 29 31 34 35 36 37 38 39 40 41 42
3 3 7 8 11 12 13 17 19 20 21 22 23 24 25 26 27 28 31 33 36 37 40
4 5 8 10 15 16 18 20 21 22 24 27 29 31 32 35 36 37 40 41 42
5 6 7 8 9 14 15 16 17 20 22 23 25 26 30 33 35 36 37 41 42
6 7 8 9 10 11 12 13 14 15 16 18 19 24 27 29 33 37 38 39 41
7 8 16 20 21 22 24 25 28 30 31 32 33 34 35 36 38 39
8 8 10 16 18 19 20 23 24 25 30 31 32 33 36 38 39 42
9 10 11 15 17 19 20 21 23 24 26 27 30 31 34 37 40 41 42
10 12 15 16 17 20 21 23 24 29 30 35 36 38 39 40 42
11 17 18 19 20 21 22 23 24 25 29 31 34 37 39 40 41
12 13 14 15 16 17 21 22 23 25 27 28 30 33 34 35 36 39 41
13 14 16 17 18 20 21 22 23 25 26 31 32 33 35 37 38 39 40 42
14 14 16 19 22 24 26 27 29 30 31 34 35 38 39 41
15 17 21 22 23 24 25 26 27 29 32 34 35 36 38 40 42
16 17 19 20 21 23 27 28 29 32 36 37 38 41
17 20 25 27 30 32 33 37 38 39 41 42
18 18 21 22 24 26 28 29 30 31 32 33 34 36 37 38 40
19 22 23 24 25 27 29 30 32 33 34 35 36 39 42
20 20 22 24 26 29 30 31 34 36 37 40 42
21 22 26 28 30 31 32 34 38 41 42
22 23 26 30 33 35 36 40 41
23 24 25 28 30 32 39 40 41 42
24 25 30 32 34 37 40 41
25 26 28 32 34 35 36 37 39
26 27 28 29 33 34 36 40 41 42
27 28 31 33 34 35 36 39 42
28 29 30 32 34 35 36 37 40 42
29 31 34 35 36 37 38 42
30 30 34 37 38 41
31 37 38 42 35 41
32 34 35 38 42 39 36
33 38 42 39 40 35
34 38 39
35 36 38 39 40 41 42
36 37 38 39 40
37 39
38 39 40 41
39 40
40 41
41
42
