#kunkel.py
# GMT Sat Apr 13 23:15:56 2019
# 
0 2 3 7 8 9 11 12 13 16 18 19 20 21 24 26 27 28 29 30 31 32 33 34 35 37 38 41 42
1 2 3 4 5 6 11 12 13 15 17 20 21 22 23 24 25 26 27 28 31 32 33 34 35 36 39 41 42
2 3 5 8 11 12 14 17 18 21 22 24 26 27 30 31 32 33 34 35 36 37 39 40 41 42
3 4 5 8 9 10 11 13 15 16 18 19 21 23 24 25 27 28 29 31 32 33 34 35 36 37 38 39 40 42
4 11 13 15 16 17 20 21 22 23 24 25 26 28 29 31 32 33 36 37 38 39 40
5 7 10 12 13 15 16 19 20 21 22 23 25 26 27 29 31 32 33 34 35 36 37 39 40 42
6 7 8 9 11 13 15 19 20 21 22 23 24 25 26 27 28 29 30 31 32 33 34 35 36 38 39 40 41 42
7 9 11 14 15 18 19 20 21 22 23 24 25 27 29 30 32 34 35 36 37 38 39 40 41
8 10 13 14 15 16 19 21 24 25 26 27 28 30 31 32 34 35 37 39 41 42
9 10 14 17 18 20 21 22 23 24 26 28 29 30 31 32 33 34 35 36 37 38 39 40 41 42
10 11 12 13 14 15 16 19 20 22 23 24 25 26 28 29 30 32 33 34 35 36 37 38 39 40 42
11 14 16 18 21 22 24 25 26 27 28 29 30 31 33 34 37 38 40 41 42
12 13 15 19 21 22 23 24 25 26 27 29 30 31 32 33 34 35 36 37 39 41 42
13 13 17 18 22 23 25 26 27 28 29 30 31 32 33 34 35 36 37 38 39 40 42
14 15 16 17 21 22 23 24 25 26 27 28 29 30 32 33 35 36 37 38 39 40 41
15 16 20 21 23 24 25 26 27 28 29 30 31 35 36 39 40 41
16 16 17 20 21 22 23 24 25 26 27 28 29 30 33 35 36 38 40 41 42
17 18 19 20 21 22 24 25 26 27 28 31 32 33 34 35 37 38 39 40 42
18 19 22 23 26 27 28 29 30 31 32 34 35 36 37 38 39 40 41
19 21 23 24 25 26 27 28 29 31 33 34 35 36 38 40 41 42
20 22 23 25 26 28 30 31 32 33 34 35 37 38 39 40 41 42
21 22 23 27 30 31 32 36 38 39 40 41 42
22 23 25 27 28 29 32 35 37 38 40 41 42
23 24 27 30 34 38 40 41 42
24 25 26 31 33 35 38 40 41 42
25 27 29 32 34 36 37 39 41
26 27 28 29 30 34 35 36 37 38 40 41
27 28 30 39 41 42
28 30 31 32 33 34 38 40 41
29 31 35 39 41
30 34 36 39 40 42
31 33 34 35 36 37 38 39 41
32 33 36 37 40
33 36 37 38 39 41 42
34 35 36 38 39 40 41
35 36 37 39 42
36 37 38 41
37 38 39 41
38 42
39 40 42
40
41
42
