#kunkel.py
# GMT Sat Apr 13 23:15:57 2019
# 
0 1 2 3 4 8 11 12 15 18 22 23 26 27 28 29 30 31 32 34 35 38 39 40 42
1 5 9 10 11 13 14 16 18 19 20 22 23 24 25 26 27 28 29 32 33 34 36 37 38 39 40 42
2 4 6 9 10 11 12 14 15 16 21 24 27 28 29 30 31 33 34 35 37 38 39 40 41 42
3 4 9 10 11 12 16 17 19 20 21 22 24 25 26 27 28 29 30 31 32 33 34 36 37 38 39 42
4 4 6 7 8 9 15 20 21 23 24 25 27 28 29 31 32 34 35 36 37 38 39 40 41 42
5 7 8 11 12 13 14 16 17 20 22 23 24 26 27 30 31 33 34 35 36 37 38 39 41 42
6 7 8 10 13 15 19 20 21 22 24 25 26 27 28 29 30 31 32 33 34 35 36 37 38 39 41 42
7 8 9 12 13 14 16 17 18 20 22 23 24 25 26 27 28 30 31 32 33 34 35 37 39 40 41
8 9 11 12 13 15 16 18 20 21 22 23 24 25 26 27 28 30 31 33 34 36 38 39 40 41 42
9 11 13 15 16 18 19 21 23 24 25 26 27 28 30 31 33 34 35 36 37 38 39 41 42
10 11 12 16 17 19 22 23 26 27 29 30 31 32 33 34 35 36 37 38 40 41 42
11 11 12 13 15 19 22 23 24 25 26 28 29 30 32 33 35 36 37 38 41
12 13 15 16 17 19 21 22 23 25 26 27 28 29 31 32 33 34 35 36 37 38 39 40 42
13 14 15 16 17 19 21 23 24 27 28 29 30 31 32 33 35 36 37 38 39 40 42
14 18 19 20 21 22 23 24 25 28 29 30 31 32 34 36 37 38 39 40 41 42
15 19 22 23 26 27 28 29 30 31 32 33 35 36 37 39 41 42
16 20 22 23 25 26 27 28 29 30 31 32 33 35 39 40 41 42
17 19 22 23 24 26 27 29 30 31 32 33 34 37 38 39 40 41 42
18 19 20 22 23 24 25 26 29 30 31 32 33 34 35 36 37 38 39 40 42
19 22 25 26 27 28 29 30 31 34 35 36 37 39 40 41 42
20 22 25 26 27 28 29 30 32 33 34 35 37 38 39 40 41 42
21 23 24 26 27 28 29 30 31 32 33 34 35 36 37 39 40 41 42
22 23 28 30 32 34 35 37 38 39 40 42
23 23 25 28 31 32 34 37 40
24 25 26 28 30 31 33 35 37 38 40 42
25 27 28 29 32 33 35 36 37 39 40
26 27 31 32 34 35 39 40 41
27 27 29 30 33 35 37 38 40 41
28 29 31 32 33 34 35 36 41
29 31 32 33 35 38 39 40 42
30 32 37 38 39 40 41
31 32 33 34 35 36 40 41
32 33 35 36 38 39
33 36 37 41
34 35 39 41
35 40 42
36 38 39 40 41 42
37 39 42
38 39 41
39
40 41 42
41 42
42
