#kunkel.py
# GMT Sat Apr 13 23:15:58 2019
# 
0 3 8 9 10 12 13 14 15 16 17 20 22 23 24 25 26 27 28 29 30 31 33 34 35 38 40
1 2 4 5 9 10 11 12 13 14 16 17 18 19 20 21 24 25 27 28 29 30 33 34 35 36 37 38 40 41 42
2 4 6 8 9 11 13 14 15 16 18 19 20 21 22 23 24 26 29 31 32 35 36 37 38 39 40 41 42
3 4 8 9 10 11 14 17 18 19 21 22 23 24 25 26 27 28 29 30 31 32 33 34 35 36 37 40 41 42
4 5 6 8 9 10 13 15 17 18 20 21 22 23 24 25 26 27 28 30 32 33 34 35 36 37 38 40 41 42
5 5 7 8 9 11 12 13 14 15 16 17 19 20 21 22 23 25 27 28 29 30 31 32 33 34 35 37 38 39 40 41 42
6 7 8 10 11 12 13 15 16 17 18 19 20 21 22 26 27 28 29 30 31 32 33 35 36 37 38 39 40 41 42
7 9 10 11 12 13 14 15 17 18 19 20 21 22 23 24 26 27 29 30 31 32 33 34 35 36 37 38 40 41 42
8 10 11 12 13 14 15 16 17 18 20 21 22 23 24 25 27 28 30 31 32 33 34 35 36 37 38 39 40 41 42
9 13 14 15 21 22 24 25 26 27 30 34 36 37 39 40
10 11 12 13 15 16 23 25 26 28 30 31 34 35 36 39 40 41
11 14 15 16 17 18 20 21 22 27 28 29 32 37 39 41 42
12 13 14 16 18 19 20 21 23 24 25 27 30 32 34 35 40 42
13 14 17 19 24 25 27 29 30 32 33 35 37 38 39 41
14 15 18 19 23 24 25 27 28 31 32 33 35 39 42
15 19 20 21 22 23 24 25 26 29 30 32 34 39 41
16 16 19 20 23 24 26 28 30 31 32 36 37 38 39 40 42
17 18 20 23 24 25 26 28 29 36 37 38 39 40 42
18 19 21 22 23 28 33 36 37 39 41 42
19 19 21 22 23 25 26 31 32 33 34 36 37 38 39 40 42
20 24 27 28 29 32 34 37 38 39 41
21 22 23 24 28 30 31 33 36 39 40
22 26 27 29 32 35 37 38 40 41
23 24 25 28 29 33 35 36 38 39 40
24 26 29 30 31 32 35 36 39 42
25 27 28 29 30 32 36 40 41 42
26 28 29 31 33 34 35 36 37 38 39 40
27 28 30 32 35 36 38 39 42
28 29 30 32 33 34 35 36 41
29 31 34 37 38 40 42
30 32 34 35 37 38 40
31 32 33 35 37 39 40 41 42
32 37 38 41
33 34 35 38 40 41
34 36 38 40 41 42
35 36 37 38 40
36 37 38 41 42
37 39 41
38 39
39 41
40 41 42
41 41
42
