#kunkel.py
# GMT Sat Apr 13 23:16:03 2019
# 
0 2 3 5 8 9 10 11 12 16 18 19 21 22 24 25 26 27 28 29 30 31 32 34 35 36 37 38 39 40 42
1 3 4 7 8 10 12 13 15 16 18 19 20 21 22 23 24 25 26 28 29 30 31 32 34 36 38 39 40 41
2 4 6 10 11 14 15 17 18 19 20 21 22 23 24 25 26 27 28 31 33 34 35 36 37 38 39 40 41 42
3 4 6 8 10 12 13 15 17 19 20 22 23 25 27 28 30 31 32 33 34 36 38 40 41 42
4 5 7 11 14 15 16 17 18 19 21 23 24 26 27 28 31 32 34 35 36 37 38 40 41 42
5 7 9 10 11 12 13 14 15 16 18 22 23 24 25 27 29 30 32 34 35 37 38 39 40 42
6 10 14 16 18 19 20 21 22 25 26 27 28 29 30 31 33 34 36 37 38 40 41 42
7 10 12 15 16 17 18 19 22 23 24 26 27 28 29 30 31 32 33 34 35 37 38 39 40 41 42
8 10 11 13 14 15 17 18 19 20 22 23 24 26 27 28 29 30 31 32 34 35 36 37 38 39 40
9 12 14 15 16 17 18 19 20 21 23 24 25 26 27 29 30 32 33 35 36 37 38 39 40 41 42
10 11 14 15 17 18 19 20 22 23 25 26 28 30 31 32 33 34 35 36 39 41 42
11 14 15 16 17 18 19 20 21 22 25 26 27 29 33 34 37 38 39 40 41 42
12 15 16 17 18 19 20 21 22 24 28 30 31 32 33 34 35 37 38 39 40 41 42
13 14 15 16 17 18 19 20 21 22 23 24 25 27 29 31 32 33 34 35 37 38 39 40 41
14 15 16 19 20 21 22 24 25 26 27 29 30 31 32 33 34 38 40 41 42
15 16 17 18 20 21 24 30 31 33 34 37 40 41 42
16 21 24 25 26 28 29 30 31 32 33 37 38 40
17 18 19 22 23 24 26 31 32 33 35 36 38 41 42
18 20 21 22 25 27 32 34 36 40
19 22 23 24 25 26 28 33 38 39 41 42
20 22 23 25 26 27 28 30 31 35 37 40
21 22 23 25 27 29 30 31 32 33 36 37 39 41 42
22 23 24 25 26 31 36 41 42
23 24 25 27 29 30 34 35 37 39 41
24 26 27 28 29 30 32 36 37 38
25 27 28 29 30 33 35
26 28 30 31 35 36 37 38 39 40
27 29 31 36 37 38 40 41
28 29 30 32 37 38 39 41
29 31 33 35 39 40
30 33 35 36 37 39 40
31 32 34 37 39 40 41 42
32 32 33 34 35 36 41
33 34 35 36 38
34 35 37 38 39 41
35 35 36 38 39 40
36 37 38 39 40 42
37 37 38 42
38 40 41 42
39 41 42
40 42
41 42
42
