#kunkel.py
# GMT Sat Apr 13 23:16:18 2019
# 
0 0 2 6 7 9 10 11 12 13 15 16 17 18 24 25 28 29 30 31 32 34 35 37 38 39 40 42
1 1 2 3 4 5 6 7 10 12 13 16 18 19 20 21 22 25 29 31 32 33 34 35 36 37 41 42
2 3 4 7 8 10 12 14 15 18 19 20 21 24 25 27 28 31 36 37 38 39 40 41 42
3 6 9 10 14 15 16 19 20 22 26 27 29 30 31 33 34 35 36 37 38 41 42
4 5 6 7 10 11 12 13 15 16 17 18 20 22 23 25 26 28 30 31 32 33 37 39 41 42
5 6 9 13 19 22 23 24 25 26 27 28 29 30 31 32 34 35 36 37 38 39 40 41 42
6 7 8 9 10 12 20 21 24 25 27 29 30 31 32 33 35 36 37 39 40 41 42
7 8 10 11 13 18 19 20 21 27 28 30 31 32 33 34 35 36 37 38 41
8 9 11 12 13 14 15 16 17 18 19 21 22 24 27 31 33 34 35 37 38 39 40 41 42
9 10 16 18 21 23 26 29 31 32 33 34 35 36 37 39 40 41 42
10 12 15 17 22 24 25 27 28 30 32 34 35 36 38 40 41 42
11 12 14 15 17 21 22 25 26 28 29 30 31 32 34 35 36 39 40 41 42
12 13 15 16 19 20 21 26 30 32 33 34 37 38 39 40 41 42
13 14 20 21 22 23 24 25 26 29 30 31 34 35 37 38 40 42
14 16 17 20 21 23 24 25 27 28 31 32 33 34 35 36 37 38 39 40 42
15 16 17 18 19 20 23 24 26 29 31 32 34 36 38 39 40 41 42
16 18 21 22 24 25 26 28 29 30 31 33 34 35 36 37 38 39 41
17 18 19 20 23 24 25 26 27 32 33 34 35 36 37 38 39 40 41 42
18 19 20 21 23 25 26 29 32 35 37 38 39 40 42
19 21 23 24 26 27 30 31 32 33 36 37 39 40 41 42
20 22 24 26 31 32 33 34 35 36 37 38 40 42
21 22 23 27 30 31 32 33 34 35 37 40 41
22 23 24 25 27 28 29 31 32 33 34 35 37 38 39 40
23 24 26 27 28 29 30 31 32 33 34 35 36 38 40 41
24 25 30 31 33 34 35 36 37 39 40 41
25 27 28 29 31 32 33 35 36 37 38 39 40 41 42
26 28 29 31 32 33 34 36 37 39 42
27 28 29 30 31 32 33 35 38 39 40 41
28 29 32 33 34 35 36 38 39 40 42
29 31 32 33 34 35 36 37 38 39 41
30 31 32 33 34 36 38 39 40 42
31 34 35 36 38 39 40
32 34 37 38 39
33 36 37 38 39 40 41 42
34 36 37 41 42
35 36 37 38 39
36 37 38 39 41 42
37 39 40 41
38 40 41 42
39 40 42
40 41 42
41 42
42
