#kunkel.py
# GMT Sat Apr 13 23:16:20 2019
# 
0 2 3 7 8 9 10 11 12 13 14 15 16 17 18 19 20 21 22 23 24 25 27 28 29 30 31 32 33 34 35 40 42
1 2 6 7 9 10 11 12 13 15 16 19 20 21 22 23 24 25 27 29 30 31 32 34 35 36 37 38 40 41 42
2 4 5 6 8 9 11 13 14 15 16 17 18 19 20 22 24 25 26 27 28 30 31 32 33 34 37 39 42
3 3 4 5 7 9 10 11 12 13 14 15 16 17 19 20 21 22 23 24 26 27 28 29 30 32 34 36 37 38 39 40 41 42
4 5 7 8 9 10 11 12 13 14 15 16 17 18 21 24 25 27 28 30 31 32 33 35 36 37 38 39 40 41 42
5 7 8 10 12 13 14 15 16 18 19 22 23 25 26 27 28 29 30 31 32 33 34 35 37 39 40 41 42
6 7 9 10 11 13 14 15 16 17 18 20 21 22 23 24 25 26 28 29 30 32 33 34 35 36 37 38 39 40 41 42
7 8 9 11 12 13 15 17 19 23 25 26 28 31 32 33 38 39 41
8 9 11 12 14 15 16 17 18 20 23 24 27 30 31 36 38 39 41 42
9 13 14 15 17 20 22 23 27 29 31 32 33 36 37 40 41
10 12 13 14 17 18 20 21 22 23 27 30 31 32 33 35 36 38 41 42
11 13 16 18 21 24 25 26 27 31 32 33 34 36 37 41 42
12 14 17 18 19 23 24 25 26 28 29 32 33 37 42
13 22 23 24 25 26 29 30 32 35 36 39 42
14 15 17 19 21 22 24 26 29 31 32 34 36 37 39 40
15 17 21 23 26 27 29 31 35 36 39 40
16 17 18 22 23 24 25 26 28 33 34 35 36 38 41
17 19 20 22 26 29 33 34 37 38 41
18 19 20 22 23 24 25 26 27 28 32 35 36 38 39
19 19 20 23 24 27 29 30 31 32 34 35 36 37 38 39 41
20 37 40 41 23 25 26 38 42 29 31
21 22 24 26 27 29 30 31 32 33 35 37 40 42
22 24 28 29 30 33 34 35 38 39 40 42
23 24 26 27 28 30 34 35 40 42
24 24 25 31 32 37 39 40 42
25 27 28 30 32 34 35 37 38 39 40 41 42
26 27 28 29 34 38 40 42
27 28 30 31 32 33 36 37 39 42
28 29 31 32 33 34 40 42
29 30 34 36 37 38 39
30 31 34 35 38 39 41 42
31 34 35 38 40
32 32 33 34 36 37 38
33 35 36 37 38 39 40 41
34 36 39 40 41
35 36 37 39 40 41
36 37 39
37 38 42
38 39 40 41 42
39
40 41 42
41
42
