#kunkel.py
# GMT Sat Apr 13 23:16:21 2019
# 
0 2 3 5 6 7 8 9 11 12 13 16 17 18 19 20 21 23 24 25 26 27 28 29 30 31 32 35 36 37 39 40 41 42
1 1 3 4 5 7 8 9 10 11 12 14 15 16 17 19 20 21 23 25 26 30 31 32 33 35 36 38 39 40 41 42
2 3 4 5 7 8 9 10 12 13 14 15 16 17 18 21 22 23 24 26 30 31 32 33 34 35 37 39 40 42
3 3 4 5 8 9 10 11 14 16 19 22 23 24 26 28 29 31 33 38 42
4 5 6 9 10 11 13 14 15 16 34 18 35 20 22 41 24 27 37
5 9 11 12 14 15 16 17 18 20 21 25 26 28 29 31 32 34 35 39 41
6 34 39 40 41 10 12 14 15 17 18 19 22 23 24 36 26 27 42 31
7 8 9 10 11 13 14 16 17 18 19 21 23 25 27 28 29 30 33 34 38 39 40
8 33 38 40 9 10 39 12 14 20 21 24 28 29 30 37
9 9 10 11 12 15 17 19 20 22 25 27 29 30 32 33 35 37 41
10 14 15 18 21 22 23 25 29 30 31 32 35 36 40 41
11 34 40 36 13 14 17 18 20 22 24 25 28 29 31
12 16 17 19 20 23 24 26 27 28 30 31 35 36 39 40 42
13 14 15 16 20 21 22 25 26 27 28 29 31 32 33 36 40 41 42
14 21 24 26 27 28 29 31 32 34 35 39 42
15 19 20 21 23 26 27 28 29 33 35 36 37 38 39 41
16 17 18 22 23 24 27 29 32 33 34 35 37 38 39 41
17 33 42 21 22 39 25 26 28 29 30 37
18 20 21 24 26 28 31 34 35 36 37 38 40 41 42
19 19 21 23 24 26 27 30 31 32 33 34 35 37 38 40
20 38 32 41 21 23 24 25 27 37 36
21 22 25 26 32 35 36 37 40
22 33 37 39 42 23 25 38 36 29 31
23 24 25 27 28 30 31 32 33 36 37 40 41 42
24 27 29 30 35 37 39 40 41 42
25 26 28 30 31 32 34 37 38 39
26 27 29 30 31 32 33 36 42
27 32 35 38 28 29 30
28 30 31 32 34 37 38 41 42
29 30 35 38 39 41 42
30 31 33 34 35 38 39 41
31 34 36 38 39 40
32 33 34 35 40 42
33 35 38 39 40 41 42
34 35 36 37 38 39 40 42
35 37 40 41
36 37 39 41 38 42
37 38 39 42
38 40 41 42
39 41
40
41 42
42
