#kunkel.py
# GMT Sat Apr 13 23:16:31 2019
# 
38 40 19 25 4 30 29 3 1 21 0 5 34 33 42 8 2 32 23 35 18 39
17 42 40 30 29 3 37 20 16 8 2 32 18 11 13 19 39 35 7 1 4 24 23
33 11 15 20 7 3 37 10 12 41 4 5 9 40 27 8 32 18 31 30
15 42 40 30 3 21 27 22 16 32 26 23 11 13 19 39 28 7 10 4 34 24 14
42 37 27 5 8 2 18 31 14 39 20 7 28 1 41 35 36 34 24 23 22
40 3 6 20 22 9 16 2 32 18 14 11 19 0 10 35 34 24 23
30 19 25 20 7 29 3 22 41 4 5 36 39 32 23 31 18
29 29 3 26 0 22 35 2 39 6 14 19 25 18 27 7 28 1 12 41 4 34 24 23
3 5 26 22 9 8 32 6 13 39 7 1 12 41 31 34 24
23 13 19 37 21 12 1 31 22 10 16 32 14 6 34
37 11 13 19 39 4 1 10 20 0 5 9 16 8 6 28 21 41
4 27 16 2 11 13 19 39 28 31 21 20 35 36 24 14
21 11 36 25 20 31 1 6 26 5 9 12 32 14 28 18 34
0 5 8 2 6 18 11 13 19 25 28 7 1 12 31 36 34 24 14 22
5 27 10 20 22 6 11 13 19 25 28 7 41 35 34 24
9 11 39 18 27 7 10 12 20 36 16 8 2 6 31 14 22
16 1 22 8 39 32 26 11 13 25 28 10 12 35 36 24
8 27 2 18 11 19 25 28 7 41 36 34 24 14
2 13 19 28 10 26 41 34 27 32 18 24
32 19 25 27 28 1 12 41 20 6 26
18 22 6 26 11 13 25 31 10 36 1
26 10 27 39 11 41 25 28 31 1 12 20 35 34 14
35 27 39 6 11 13 25 35 31 10 12 36 34 24 14
6 1 6 14 11 28 31 41 36 34 22
11 27 20 13 19 31 12
13 20 31 19 25 28 7 10 41 22
19 28 31 12 41 27 14
25 36 28 12 41 34 24 14
28 20 31 12 34 24 22
7 20 1 12 10 34 24 39 31 36
10 27 20 41 31 36 34 24 14
1 20 22 14 39 12 41 36 34 24
12 27 20 31 24 39
41 27 20 31 36 39 14
20 39 36 14
31 22 27 36 34
36 22 39 24 14
34 27
24 27 14 22
27 39
39 22
14 22
22
