#kunkel.py
# GMT Sat Apr 13 23:16:31 2019
# 
38 17 42 30 29 3 37 21 27 9 39 6 26 23 11 40 25 0 31 10 35 36 1 14
11 15 30 29 3 21 20 16 8 2 32 26 17 19 25 7 10 12 41 36 34 39 23
33 17 40 36 15 25 35 7 1 12 21 41 4 22 9 24 8 32 18 31 30 34
15 17 25 20 7 3 28 1 12 10 4 5 34 35 2 14 26 19 6 30
42 13 19 25 28 30 42 3 1 12 21 20 22 34 16 24 40 39 6 31 36
5 30 29 37 21 27 5 16 8 2 39 31 23 13 25 20 7 10 12 41 4 34 24 14 22
40 30 29 26 20 22 8 17 13 39 28 31 1 41 34 0 24 27 23 21
30 37 21 27 9 32 18 26 13 39 28 10 20 35 1 23 22
29 3 10 20 9 16 8 2 32 6 35 14 19 28 1 12 4 24 23 22
3 17 37 1 20 8 18 26 13 19 25 28 31 10 41 4 34 24
23 25 35 1 6 20 9 12 27 8 2 32 14 31 18 24
37 37 26 20 9 16 32 6 17 25 28 1 12 41 4 36 0 27 39 14
4 21 27 9 35 6 31 26 13 19 20 7 10 41 4 24 22
26 0 22 16 35 18 31 6 25 27 7 10 36 34 24
20 0 9 16 35 39 6 31 25 28 7 21
22 27 9 16 8 2 39 32 6 19 25 18 0 12 34 35
9 21 0 8 2 39 18 31 25 7 28 10 12 41 34
16 17 32 39 18 6 13 19 25 0 7 21 41 35 14
39 8 39 32 6 19 25 41 36 34 24 14
35 10 32 6 31 14 17 13 19 18 27 7 28 1
2 13 19 27 10 1 0 36 34 8 32 6 28 18
32 17 10 27 32 6 14 18 28 1 36 24
6 10 0 6 14 13 31 28 1 36 34 21
18 21 27 8 19 25 7 1 12 41 36 24 14
17 1 27 19 25 0 21 12 41 36 10 24 14
13 10 27 8 31 25 7 28 1 12 41 0 24
19 7 28 1 21 0 34 8 14
25 27 8 12 24
28 0 7 31 36 8 34
7 41 21 0 24 27 14 36
10 21 12 27 31 24
8 41 36 24 14
21 31 0 12 36 34 14
12 0 31 41 36 34 1
41 31 1 36 34 24 14
31 27 14 0 34
36 1 27 34
34 1 14
0 27 14
24 27 14
27
1
14
