#kunkel.py
# GMT Sat Apr 13 23:16:32 2019
# 
27 38 17 33 15 30 29 37 0 5 35 2 18 6 11 13 19 39 28 10 41 4 14
17 38 15 42 10 20 5 9 35 2 32 18 17 13 39 0 1 12 41 4 36 24 22
14 13 33 42 35 30 3 28 1 20 4 5 34 16 40 8 2 25 23 31 19
15 11 38 33 39 20 31 3 28 1 12 10 0 5 34 16 8 32 18 23
42 33 42 30 37 26 0 22 9 8 39 32 6 11 40 19 25 7 12 4 24
40 38 30 29 3 20 22 16 32 2 39 18 23 11 13 25 31 12 41 36 34 24
30 38 37 10 5 9 8 32 26 11 13 19 25 7 1 12 35 36 34 39 21
29 33 10 20 5 9 16 32 2 39 6 26 11 25 0 7 1 31 36 23 21
3 38 19 39 28 7 37 1 12 21 31 5 34 24 2 25 23 22
37 38 19 25 7 28 10 12 26 4 22 36 33 24 39 32 18 6
19 11 36 35 28 1 12 41 4 5 9 24 8 32 31 18
26 33 10 0 22 9 16 2 32 18 31 11 39 35 7 1 12 4 24 21
20 38 20 22 9 16 6 13 0 31 28 10 12 41 35 36 24 23
22 33 10 9 8 2 18 11 25 0 31 1 41 36 34 23 21
9 33 1 16 8 2 13 25 28 21 12 41 4 36 24
16 13 33 41 18 7 1 12 10 4 5 16 31 6 36
39 38 8 2 32 6 34 7 21 41 36 10 24
8 11 13 33 28 7 35 1 0 34 24 2 32 6
2 13 33 7 1 12 10 35 32 18
32 6 13 28 31 10 12 41 4 36 34
6 38 11 35 7 25 4 21 41 0 34 24 23
31 33 5 35 18 11 28 1 12 4 0 24
18 33 5 11 25 28 7 21 41 34 0 24
11 38 33 23 36 41 0 5 34
13 38 33 25 28 7 12 41 35 34 0 24
35 38 33 21 25 0 10 12 34 24 23
25 38 1 5 28 10 12 4 24 23 21
0 4 7 28 5 34 24 23
7 5 1 12 41 4 36 24 23
10 33 5 28 21 12 41 4 36
38 36 28 21 12 1 5 34
28 33 21 41 4 36 23
5 21 12 4 36 34
12 33 1 12 21
41 21 4 34 24 23
4 1 34 23
36 33 21 34 24 1
34 33 21 23
33 24
24 21 24 23
1 23
23 21
21
