#kunkel.py
# GMT Sat Apr 13 23:16:33 2019
# 
38 38 17 15 42 29 3 37 1 20 5 32 18 26 11 25 28 31 21 35 10 0 27
11 13 33 40 29 3 37 19 26 41 27 5 34 17 8 2 32 14 35 6 24
33 13 36 15 39 27 30 42 28 21 10 20 22 9 16 8 2 32 23 31
15 42 30 3 10 0 9 35 2 39 32 26 6 13 25 28 21 12 4 24 14
42 40 29 3 37 21 0 16 8 32 18 6 13 35 31 1 12 4 36 34 23
5 39 13 30 25 3 23 37 1 26 27 36 17 8 2 32 6 18 24
40 13 25 20 29 28 37 1 12 10 41 0 34 16 35 2 18 26 14 21
30 17 19 25 7 3 36 1 12 26 41 0 9 16 8 2 14 23 22
29 27 29 3 37 20 35 32 14 13 19 25 0 7 21 41 4 34 39 23
3 17 27 22 16 2 39 6 18 19 25 0 28 35 34 24 23
4 4 37 21 27 22 8 2 18 31 17 39 28 7 10 41 35 36 34 24 14
37 17 26 20 22 9 16 8 13 19 25 28 31 12 41 24 27 23
21 10 20 16 8 2 32 18 26 17 39 0 7 1 34 27 14
20 0 9 16 2 32 18 6 17 13 28 7 10 41 31 36 34 24
22 10 0 16 8 35 31 26 23 17 13 19 27 7 1 34 24 14
9 1 16 8 2 32 18 6 17 25 28 10 12 36 34 24 39 23
16 10 16 32 6 18 17 19 39 28 7 1 41 31 14
8 17 35 23 1 10 24 27 39 32 18 31
2 26 13 27 31 1 12 41 36 34 24 14
39 19 25 28 10 1 34 24 14 35 6 36
6 41 19 35 23 12 0 24 27 32 14 28 18
26 17 1 0 32 18 25 28 31 41 35 36 10 23
14 27 17 0 35 32 28 7 1 12 36 24
17 17 35 19 0 7 10 12 24
13 27 32 19 25 28 7 10 41 36 0 24
19 7 1 12 41 0 36 34 18 31 24
25 36 7 1 12 10 35 18 23
18 27 18 31 7 28 41 36 24 23
0 10 31 12 41 35 36 34 23
31 10 27 32 7 1 12 41 36
28 27 7 1 12 24 23
10 35 7 12 41 36 34 23
12 27 1 41 36 34
41 23 34 24
35 23 1 36
36 32 7
34 27 32 7 1 23
24 32 1
27 1 23
1
7 23 32
23 32
32
