#kunkel.py
# GMT Sat Apr 13 23:16:34 2019
# 
38 17 30 29 3 37 21 22 9 8 32 18 26 14 11 39 28 31 1 12 41 4 34 24 23
11 17 19 15 25 18 20 7 23 37 10 12 41 4 9 40 27 32 14 31 6
33 13 19 15 25 4 31 29 3 37 10 21 0 5 9 16 39 8 2 42 18 23
15 17 35 30 29 37 10 26 20 4 5 9 24 2 6 31 19 23 22 34
42 27 13 19 41 18 4 7 37 40 1 12 10 20 0 16 24 2 14 26 6
40 27 30 10 20 22 9 16 8 39 6 26 14 40 19 25 18 0 1 36 23 21
30 25 28 31 29 3 37 10 12 21 41 36 34 24 8 2 39 14 6
29 17 41 19 4 7 37 3 20 0 22 36 16 24 35 2 32 14
3 3 1 27 5 9 8 6 14 13 39 20 28 10 12 35 24 23 22
23 26 20 5 9 8 39 13 19 25 27 31 1 12 41 4 36 24 23
37 17 26 0 5 16 8 2 32 18 35 28 31 1 12 4 34 14 22
19 13 7 10 12 26 20 36 17 27 39 6 22 24
21 21 27 5 9 35 39 18 31 13 25 0 7 10 12 4 36 34 24 1
0 0 9 8 6 18 13 35 25 20 31 28 1 12 41 4 36 14
5 10 20 16 2 32 6 14 25 18 28 7 1 12 41 35 34 24 39
9 26 22 9 8 32 18 6 35 27 7 28 41 4 34
16 7 25 36 1 41 27 16 24 31 2 32 14 26 18 22
8 1 27 2 32 18 26 28 7 10 41 35 36 34
2 26 20 39 32 6 13 25 7 10 12 31 36 24
32 20 22 39 18 6 13 25 28 7 12 35 36 34 14
6 17 26 27 13 25 28 1 12 41 34 14 22
26 20 39 17 25 28 7 1 41 4 24 35
18 17 20 31 7 10 12 41 35 36 34
34 17 36 25 20 28 10 41 4 27 22
17 27 10 20 31 25 28 7 1 12 4 36 24 14
13 1 27 22 39 25 20 7 28 12 31 36 10
35 25 20 7 1 12 24 14 22
25 10 20 39 31 22
20 39 14 28 41
31 22 39 7 41 4 36 24
28 36 39 22 24 27 14
1 14 4 10 12 24 22
12 27 4 24
41 14 39 7 10 4 22
4 27 10 39
36 27 22 14 10 24
10 24 14
24
27 7 22 39
39 7
7 14 22
14
22
