#kunkel.py
# GMT Sat Apr 13 23:16:39 2019
# 
27 11 13 33 15 25 28 7 1 12 21 41 0 22 16 39 2 42 14 26 23 30
38 33 42 3 37 10 20 22 16 18 26 14 17 13 19 0 31 28 21 36 34 24 23
33 15 40 30 29 3 37 5 9 16 8 2 32 13 39 0 28 12 41 20 35 36 23
15 17 30 29 21 0 5 16 8 2 39 6 31 11 40 25 7 1 41 4 36
42 30 10 20 5 9 8 2 18 6 11 19 39 0 1 12 35 24 23 21 22
40 17 39 20 7 3 23 21 26 4 22 9 24 2 32 18 28 6 30 34
30 0 7 23 21 12 26 20 36 9 8 2 39 14 28 18 34
29 11 13 19 25 7 3 22 12 26 41 0 5 9 16 35 39 14 31 6
3 37 20 8 39 6 14 11 35 25 18 0 7 28 1 12 4 23 32
37 11 17 25 35 31 36 10 26 41 20 5 9 39 8 32 14 18 22
6 26 20 5 16 32 39 18 17 13 19 25 28 7 21 41 35 36 34
21 17 0 22 8 32 31 14 11 39 7 5 41 4 36 23
20 26 0 22 8 2 32 17 13 19 39 31 1 35 34
5 22 9 8 2 32 26 11 13 39 10 35 36 34 1 23
9 26 0 22 9 8 32 31 14 28 7 10 12 41 4 24 23
16 17 25 35 23 19 12 26 4 22 14 24 2 18 36
17 11 13 19 25 28 10 1 35 22 34 24 8 14
39 25 10 12 34 1 2 31 35
8 8 32 26 11 13 19 25 1 41 4 24 14
2 35 32 31 13 19 0 7 10 41 4 24 14
32 10 18 25 28 7 1 12 4 36 14 22
18 19 28 7 1 12 10 4 22 36 24 35 23
31 10 35 11 19 28 1 12 41 4 36 34 0 24
26 11 13 4 28 12 41 35 36 34 0 24
23 13 19 7 1 41 24 14 22 34
11 10 0 19 28 7 1 12 41 4 14 22
13 10 19 28 1 12 4 36 34 0 22
19 10 14 25 7 1 12 41 34
25 7 1 12 41 22 34 24 14 36
28 10 0 22 1 41 4 34 14
7 14 0 1 12 41 36 34 24
10 36 41 0 14 24
12 22 35 36 24 14
41 22 36 34 24
4 1 0 36 24 14
36 35 34 14
34 1 0 35
0 24 14
24 35 14
1 22
35 22
14
22
