#kunkel.py
# GMT Sat Apr 13 23:16:43 2019
# 
27 17 15 40 29 37 20 5 9 32 6 11 13 39 28 7 1 12 31 34 0 23 22
11 40 30 29 37 10 20 22 35 39 18 26 14 11 13 25 7 1 12 4 36 34 23
33 38 40 30 37 21 20 22 9 8 6 26 18 17 13 19 25 0 7 10 31 36 34 14
15 17 13 19 39 18 40 30 3 23 10 26 41 35 36 34 31 32 14 28 6
42 38 13 25 28 37 1 10 41 4 5 9 16 24 39 8 2 32 6 26 34
5 38 13 36 39 30 3 37 21 12 26 4 22 9 16 17 8 2 6 34
40 38 17 37 21 20 16 8 2 39 6 26 19 25 28 1 0 24 23
30 17 30 3 37 26 0 22 16 8 32 6 18 25 31 36 34 24 14
29 3 37 26 20 16 8 2 32 18 13 39 28 31 21 12 4 36 0 24 14
3 13 25 20 28 37 1 0 36 10 31 8 2 32 6 26 18 22
4 37 21 9 35 39 32 26 18 13 19 25 28 7 1 12 4 24 14
37 26 9 8 2 6 13 19 25 28 1 34 23
21 19 39 7 23 1 10 0 9 24 8 32 18 35 14 34
20 13 25 7 10 41 0 36 9 24 8 32 14 18 22
22 38 17 26 9 8 2 31 39 7 1 12 41 35 36 24
9 38 16 8 18 35 6 19 0 7 10 36 24 23
16 38 26 32 18 14 17 13 25 28 7 10 12 41 31 34 24 23
8 26 23 17 39 31 10 41 35 34 14
2 38 0 32 39 6 13 25 31 1 12 41 35 36 34 24 23
32 13 19 0 10 41 34 24 31 23 28
6 39 35 25 1 12 0 24 23 31 19
26 38 17 26 0 18 13 19 39 35 1 41 24
18 38 10 35 39 25 28 31 34 0 14
34 17 19 39 28 7 10 36 23
17 25 35 7 28 36 12 41 0 14 31
13 38 19 0 7 31 12 14
19 0 14 25 28 10 41 36 24 1 23
25 38 35 39 0 7 10 41 24
28 38 0 35 39 7 1 12 41 36
7 35 39 23 31 38 1 36 0 14
38 12 41 31 39 35 14 23
1 0 14 10 12 41 36 23
12 35 31 23 10 41 14 24
41 10 24 14 23
35 0 31 10 36 24 23
36 31 39 24 14
10 31 14
0 14
23 31 14
39 24
31 14 24
14 14 24
24
