#kunkel.py
# GMT Sat Apr 13 23:16:45 2019
# 
38 38 33 42 5 30 29 3 27 22 8 2 32 6 40 21 12 41 35 36 34 24 14
11 33 15 42 30 29 3 4 37 27 22 9 2 6 17 13 28 31 12 35 34 24 23
33 17 33 42 40 30 29 3 37 5 39 23 13 25 22 12 41 36 34 24 14
15 39 6 0 31 25 1 12 10 4 22 16 8 2 42 18 26 14 30 21
42 29 3 37 1 20 8 2 35 13 39 27 31 10 12 41 4 36 21
5 25 6 28 31 29 10 12 1 41 14 36 9 16 8 18 26 19 23 34
40 29 3 23 1 20 22 9 8 32 6 14 13 25 28 31 10 7 0 24 35
30 17 30 29 37 26 27 16 6 13 19 39 28 7 21 12 4 36 23
29 17 0 9 16 8 2 32 6 39 28 10 20 36 24 27 23 22
3 17 14 26 20 22 8 32 6 18 19 27 31 10 12 4 36 34 7 35
4 17 19 0 37 10 26 41 35 9 1 2 25 6 31 14 34
37 27 26 20 9 32 18 19 25 28 31 10 12 7 36 34 0 24 21
1 13 26 27 16 8 6 19 39 0 28 10 12 20 34 24 14 22
20 17 19 18 0 7 10 41 27 9 16 8 2 23 31 14
22 13 16 8 2 32 18 19 39 31 10 7 34 14 21
9 25 35 7 10 6 27 16 17 32 2 39 23 28 14
16 27 10 2 18 26 25 28 7 35 36 34 0 23 21
8 13 21 2 32 18 26 17 39 0 12 41 34 24
2 17 26 2 32 6 13 25 0 7 12 36 24 27 39 35
32 28 7 10 12 21 41 27 36 0 24 14 18
18 27 26 6 13 25 28 31 12 41 35 36 34 23
31 6 23 19 28 21 41 35 36 0 24 14
26 25 6 17 39 7 21 12 41 36 34 24
6 13 27 19 7 10 41 24 23
23 17 10 19 25 7 21 12 41 34 24 14
17 27 14 13 19 28 12 35 36 34 0
13 35 28 12 41 7 0 39 24
19 14 39 25 21 41 27 34 7
39 35 10 41 27 36 25 7 21
27 0 7 21 41 14
7 25 41 36
25 28 12 35 24 0 34
28 0 21 12 35 36 34 14
10 12 41 35 36 0 24
21 0 14 35 36 34 24
12 0 41
41 35 34 0
35 0 35 34 24
36 36 24
34 14
0 24
24 14
14
