#kunkel.py
# GMT Sat Apr 13 23:16:51 2019
# 
38 38 11 33 15 3 37 21 20 5 9 16 32 17 13 19 25 27 7 10 35 36 34 24 14
11 33 30 3 26 0 5 9 16 8 2 32 6 40 39 28 31 21 35 36 24 27 23
33 19 15 25 13 31 28 10 12 21 4 22 36 0 35 2 39 6 26 23
15 42 29 3 37 10 20 5 16 8 2 32 18 13 25 28 31 21 41 35 24 14 22
42 29 3 26 27 22 9 8 2 32 18 6 17 40 25 4 28 10 41 35 36 23
40 19 28 30 29 3 37 21 41 20 5 36 0 27 2 16 18 14 22
30 17 25 18 13 37 10 12 21 41 35 34 16 24 8 32 6 26 14
29 20 5 9 8 2 39 18 14 17 25 27 7 21 41 35 36 34 23 22
3 13 20 37 27 22 9 8 32 19 39 28 7 1 12 41 36 34 24
4 17 19 35 7 37 1 26 20 22 9 24 39 8 2 25 23 31 32 14
37 20 22 35 2 32 17 19 25 28 31 21 12 24 27 39 14
21 26 20 9 8 25 6 18 17 19 39 0 7 41 31 35
20 10 27 35 2 6 19 39 28 31 12 41 34 24 1
5 1 27 9 16 8 2 32 17 19 39 28 7 10 41 31 36 34
9 26 27 9 39 18 6 17 19 25 7 12 41 34 23
16 19 25 28 1 12 41 27 10 6 8 2 7 18 26 14
8 26 0 32 18 17 13 19 25 31 41 34 24 1
2 18 23 17 35 31 10 12 36 34 7 14
32 17 13 28 19 26 41 34 0 39 25 35
6 10 18 17 13 19 28 7 12 41 36 34 0 1 23
26 17 35 14 12 1 39 23 19 18 34
23 27 22 35 17 13 19 28 31 1 12 34 0 14
17 27 14 39 28 31 10 36 0 24
13 1 0 22 18 19 25 27 7 10 12 41 35 14
19 22 28 7 36 14
25 27 12 41 22 24 35 34
18 10 7 22 1 31 35 36 34
27 0 39 31 1 12 41 27 22
7 39 0 28 12 1 41 14 36
28 28 1 41 31 36 0 24 14
10 22 1 0 34 24 39 31 41
12 0 36 41 22 35 34
41 31 36 24 14
35 39 0 36 1
36 0 22 31 34 24
34 1 22 39 0 24
0 22 39 24 14
24 22 1 14 31
39 22 1 14
31 1 14
14 14 1
1 22
22
