#kunkel.py
# GMT Sat Apr 13 23:16:52 2019
# 
38 38 33 42 30 3 4 37 26 0 5 9 16 8 6 11 13 19 39 28 31 10 7 27 1 35 22
17 33 15 0 5 9 16 8 2 25 11 13 39 27 7 10 12 35 36 34 24 14 22
33 11 25 5 0 7 6 28 1 12 41 4 36 9 16 14 39 18 23 30
15 40 39 35 31 29 3 37 1 26 41 20 5 16 24 27 8 25 32 23 22
42 13 30 3 37 21 0 22 16 25 6 18 40 39 27 7 10 12 31 34 24 14
40 30 37 10 27 5 9 16 8 2 6 26 18 13 28 7 1 35 0 24 14 22
30 3 37 10 0 5 9 8 2 39 18 23 11 19 25 21 12 36 14
29 3 4 1 20 22 16 8 2 32 18 6 11 19 39 28 10 12 41 35 36 34 0 14
3 20 4 1 12 21 35 36 34 6 27 8 32 23 26 14 28
4 37 0 5 9 16 2 32 18 13 19 20 7 1 12 41 24 27 22
37 37 20 9 8 2 11 19 28 7 31 12 41 35 36 34 24 23
26 11 39 0 31 10 21 41 20 5 34 16 24 27 32 6 18
0 35 21 11 20 5 34 16 8 2 18 22 41
5 39 18 10 7 9 14 32 16 23 31 21
9 21 20 9 8 2 32 31 19 25 27 7 10 41 35
16 20 8 2 32 6 34 19 28 21 41 10 23
8 21 20 22 13 19 25 28 1 35 24 23
2 11 20 22 6 13 25 35 31 21 12 36 34 24 23
25 13 35 31 27 10 20 22 39 32 23 19 34
6 13 28 21 12 11 41 20 36 35 39 23 22
14 13 28 31 12 10 41 35 34 27 1 7 18 22
23 27 39 32 18 28 7 21 12 36 34 22
11 22 18 39 28 31 10 12 41 35 36 24 1
13 1 20 22 32 18 19 28 31 21 12 35 24 27
19 1 20 32 18 39 7 10 12 41 36 24 21
39 20 28 7 1 35 34 24 22
18 32 31 7 10 41 35 36 34 1
28 1 20 22 32 28 7 10 36
31 27 20 7 21 12 41 36 34 1
10 20 32 27 41 35 36 24
12 21 32 7 41 34 24
20 20 27 22 41 36 34 24
41 35 34 21
7 1 27 21 34 22
36 27 1 22 35 24 21
34 27 32 35
24 1 32 22
27 22 32 21
1 32 21
35 21
32 21
21
22
