#kunkel.py
# GMT Sat Apr 13 23:16:52 2019
# 
38 40 39 5 0 29 37 10 12 26 41 35 22 36 6 24 8 2 32 23 18 21
11 13 4 26 0 22 9 32 6 18 17 40 19 27 31 10 41 35 36 23 1 7 14 21
33 42 30 10 27 22 16 8 2 39 6 18 17 40 19 25 28 7 21 12 41 34 0 14
15 13 25 4 30 29 37 10 12 26 41 20 5 34 0 24 16 7 14 31 6 22
42 29 37 1 20 16 32 2 25 18 13 19 39 28 31 21 41 35 34 0 24 14
13 29 8 37 21 0 22 16 35 32 6 23 17 40 19 39 27 10 4 24 14
30 17 25 28 31 3 37 21 12 1 27 36 9 16 35 2 39 26 22
29 3 37 20 5 2 18 6 17 19 39 35 31 22 4 36 34 7 23
3 17 40 25 28 7 1 21 41 36 9 16 24 35 2 14 31 23 22 34
4 27 37 20 5 9 8 2 18 23 17 19 25 28 7 41 35 36 0 14
37 9 8 2 39 32 6 25 28 31 10 12 41 36 34 24 23
26 17 39 28 19 12 10 20 36 34 0 24 27 8 1 32 18 14
0 20 5 9 32 18 23 40 19 25 28 10 12 41 35 34 1 14
5 1 20 22 9 16 8 6 18 17 39 28 31 10 12 36 34 14
9 17 28 21 12 16 35 34 27 8 2 7 6 32 18
16 27 22 8 2 6 31 18 39 7 12 41 35 36 34 24
8 20 32 18 23 17 25 27 7 21 41 34 1 14 22
2 1 27 22 32 6 25 20 7 21 41 36 14
32 40 20 18 17 19 25 28 21 36 24 27 14
6 1 20 23 19 28 31 10 27 14 21 22
18 40 39 28 7 1 41 35 34 24 23 22
34 35 7 28 22 20 12 25 23
17 19 25 28 31 10 41 1 7 14 22
40 39 7 28 21 1 41 20 22 36 24 27 31 23
19 35 7 1 12 41 20 24 27 39
39 28 10 12 35 36 24 25 14
28 27 35 21 12 36 23
31 1 20 25 27 10 35 36 24 21 22
25 35 10 27 21 20 14
10 22 27 12 41 35 36 14 21
12 27 1 7 23 21
20 20 27 21 41 7 36 35
41 7 36 24 23
35 21 35 24
36 23 1 14
14 1
24 7 1 22 27 21
27 22 23
1 23 7 21
7 21 23
23 21
21
22
