#kunkel.py
# GMT Sat Apr 13 23:16:53 2019
# 
38 11 30 3 37 26 22 8 2 32 6 17 40 25 28 7 5 12 41 36 34 24 23 21
11 15 30 3 8 37 26 5 35 25 14 13 19 39 28 7 10 41 4 34 23 22
33 27 15 30 3 23 26 0 5 8 32 18 6 17 40 19 39 28 7 21 31 36 10 14
15 40 23 25 35 31 29 28 1 12 10 27 5 9 17 39 4 19 14 22
42 27 10 20 9 8 2 32 18 26 6 19 25 4 31 1 41 35 36 34 24 7 23
40 30 29 1 0 5 9 16 2 32 6 17 28 31 10 41 35 36 34 24 14 21
30 17 4 10 20 5 32 6 13 25 28 31 21 12 41 35 36 0 24 39 14 22
29 17 13 19 5 7 28 37 1 12 41 35 36 34 24 8 2 18 31 22
3 37 27 5 9 16 2 32 18 6 25 10 12 41 4 36 34 24 14 22
37 26 20 9 8 18 23 17 13 19 28 31 1 4 34 24 27 7 14
14 26 20 9 16 32 25 6 13 39 0 1 35 34 24 23
1 26 27 22 16 8 2 6 23 13 39 18 28 31 10 41 34 0
27 13 19 39 28 7 6 10 4 5 34 24 8 23 18
5 13 39 20 25 12 36 0 8 16 23 35 24
9 26 20 22 2 32 18 23 13 19 28 31 21 12 35 34 0
16 20 8 2 32 6 19 25 4 7 10 41 35 36 34 0 24 21 22
8 20 32 6 26 17 39 10 12 4 36 34 21 22
2 20 32 6 18 17 13 39 0 7 10 12 41 24 21
32 20 22 6 23 13 19 25 28 21 12 41 4
6 28 7 26 0 36 39 18 19
26 20 22 13 19 25 7 10 12 35 34 24 21
35 17 19 28 21 41 7 39 23 36 34
18 17 4 7 28 21 41 0 24 25 23 34
17 10 21 41 20 36 34 24 7 23 22
13 19 39 4 41 0 25 20 22 34
19 4 22 39 0 31 21 41 36 23
39 10 12 0 24 7 21
28 4 20 22 28 31 12 7 0
7 20 22 31 10 4 36 24 21
25 4 10 31 36 24 23 22
10 4 0 31 12 41 34
12 36 41 20 24 31 22
20 20 31 41 4 36 0 23
41 31 23 21
4 0 36 31
36 31 22 23
34 0 22
0 21 31
24 21 31 24 23
31 22
23 21
21 22
22
