#kunkel.py
# GMT Sat Apr 13 23:16:55 2019
# 
38 30 3 37 1 20 22 16 2 18 26 6 11 13 19 25 31 21 41 35 36 34 7
17 11 19 15 39 28 30 29 3 1 10 41 4 5 34 24 8 2 25 32 14 36
33 11 13 39 20 7 8 28 21 1 0 36 10 27 35 2 42 14 26 23 30 34
15 42 29 3 20 8 39 32 35 6 40 19 25 27 7 1 12 4 36 34 0 23
42 30 29 3 37 26 27 22 32 6 11 39 20 31 10 1 4 34 24 23 21
5 11 13 30 3 27 16 35 2 6 40 19 25 20 31 28 12 41 4 24 7 23
40 29 3 26 20 16 32 39 18 11 13 19 25 28 31 21 12 36 34 24 14 22
30 3 37 26 0 9 32 23 25 28 31 12 41 4 36 34 24 14
29 18 13 31 3 8 21 41 20 36 14 0 24 27 35 16 23 6
3 20 9 39 6 19 25 35 1 41 4 0 24 27 14
4 37 26 9 16 39 2 32 6 13 19 25 28 31 10 4 1 21
37 20 22 9 35 2 39 18 6 11 13 25 0 7 10 12 34 14 32
1 11 26 0 8 35 13 25 28 31 10 7 36 34 24 21
20 13 0 9 16 2 32 14 19 39 7 21 12 35 23 22
22 19 13 31 28 7 26 27 9 24 39 2 25 18 32 23 34
9 8 2 32 6 31 23 11 13 19 7 10 35 34 0 24 14
16 19 39 18 7 28 10 11 35 36 41 8 2 6 31 23
8 11 26 27 18 14 19 25 28 7 10 41 31 24 23 21
2 11 0 32 39 14 41 25 28 21 12 24 27 23
39 10 12 21 0 34 24 18 19 14
18 19 28 10 12 21 0 36 14 24 25 6 23
26 27 6 23 25 28 7 10 12 41 0 24 14 21
6 11 19 35 7 28 27 32 14
23 13 19 25 31 21 35 24 23
11 27 32 7 21 12 41 36 34 14
13 13 35 14 19 25 28 31 34 27 7
19 21 32 19 27 7 10 12 41 14
25 27 7 12 35 36 34 14
35 0 28 10 27 24 34
31 0 32 7 21 41 36 34 24
10 21 41 36 0 24 27 32
28 27 32 7 28 12 36 0 14
21 32 0 12 41
12 36 7 0 34 24 32
41 32 27 34 7 14
7 27 32
36 0 34 24 14
34 0
0 27 14
24 27 32
27 32
14
32
