#kunkel.py
# GMT Sat Apr 13 23:16:56 2019
# 
38 11 15 13 30 37 26 20 9 8 6 14 17 40 19 39 7 10 31 36 1 23 21
11 19 33 15 18 20 7 3 10 12 1 4 22 16 35 2 0 6 32 23
33 17 15 39 13 31 29 8 28 1 21 27 5 9 0 23 35 16 32 14 22
15 17 25 18 20 7 29 3 19 6 30 36 9 32 2 39 23 21 22
42 13 19 39 5 4 7 3 28 37 22 6 41 0 36 34 16 35 23 31 14 30
40 13 19 25 20 31 10 12 1 27 5 9 0 14 35 2 32 6 23 36
30 29 3 26 20 5 9 18 13 19 27 7 10 12 41 36 34 0 24 1 21 22
29 25 4 28 21 10 20 5 36 24 39 8 2 7 18 26 35 6
3 37 10 27 9 16 8 2 39 32 17 19 25 28 31 1 20 41 35 24
4 21 22 9 16 8 32 6 26 18 19 39 35 31 10 12 41 7 34 14
37 26 20 16 8 32 6 23 17 13 19 28 31 10 12 41 35 36 34 24 27 14
26 20 5 16 35 2 25 32 6 17 19 39 18 0 41 36 34 24 23
20 27 22 8 2 6 17 25 28 7 5 31 34 0 23
5 17 35 25 10 41 22 16 24 27 8 39 6 23
9 0 9 16 35 32 14 17 19 25 27 31 21 36 34 7 23
16 10 0 8 2 32 6 23 17 28 21 24 14 22
8 1 18 6 17 13 25 27 31 28 21 36 0 24 7
2 27 22 32 18 19 28 31 10 12 35 24 1 14 21
32 27 25 31 14 39 7 1 12 41 36 24 23
6 13 22 1 36 39 35 14 34
23 1 22 17 19 31 10 12 41 35 36 34 24
17 39 18 35 28 41 36 24 27 14
13 35 31 25 28 10 1 27 36 34 39 19 18 21
19 39 25 7 1 12 35 34 24
39 1 0 22 31 21 41 7 24 14
18 27 28 10 41 36 34 24 7 14 31 21
35 22 25 10 12 14
7 25 27 31 28 10 0 24 14
25 22 25 28 12 41 34 0 24 1 21
28 0 1 12 21 22 34 14
10 0 27 21 12 41 34
12 27 1 0 22 31 41 36 34 24 21
41 14 0 34 27 1 31
31 22 27 34
36 22 1 36 24 14 21
34 27 1 21
0 22 24 1 14 21
24 27
27 27 14
1 22 1 14
14 21
21 22
22
