#kunkel.py
# GMT Sat Apr 13 23:16:57 2019
# 
38 11 13 19 25 5 0 7 29 37 22 12 1 27 36 9 33 35 39 18 23 30
11 13 15 42 30 25 23 21 6 1 0 36 34 16 12 39 2 32 14 18 24
33 15 42 29 3 26 20 5 2 32 18 17 13 25 27 7 28 10 12 4 1 21
15 25 20 7 29 37 21 12 41 4 34 0 24 35 2 39 6 31 23
42 17 28 3 19 12 26 4 5 10 16 8 2 32 6 35 18 36 34
13 13 29 3 37 1 20 22 9 32 6 40 19 27 7 5 4 36 24 23
30 29 3 1 27 5 16 8 25 18 23 40 39 31 21 41 4 36 34 24 14
29 3 26 20 5 16 18 6 34 40 19 28 7 21 41 36 10 24 27 23
3 37 26 20 22 9 8 32 17 19 25 27 7 1 12 41 4 36 34
4 20 22 16 8 2 6 18 40 19 25 4 31 1 12 41 35 36 34 24 23
37 21 20 9 16 8 25 6 26 40 19 39 28 10 12 41 36 34 24 27
6 26 22 9 16 39 18 17 25 7 28 10 31 34 24 1 21
26 27 9 2 39 14 40 25 20 28 41 35 36 34 0 24 23
0 20 22 16 8 32 18 23 34 19 28 31 21 41 35 36 10 24 27 14
5 20 7 28 21 41 27 22 9 16 17 39 32 14 31 24
9 14 39 35 31 28 21 10 27 36 17 1 2 23 34
16 40 19 8 28 21 10 27 34 17 35 31 18
8 1 22 35 2 32 17 40 25 28 7 10 20 41 36 24 14
2 1 27 32 14 17 40 39 35 31 10 41 34 24 23
32 27 22 14 40 19 39 28 21 12 20 34 24 23
18 27 22 39 40 19 25 31 28 1 36 24 14
31 40 14 39 1 7 10 41 20 12 35 24
23 19 20 28 10 12 22 1 14 34
17 21 27 19 25 7 10 12 41 36 34 24 14 22
40 27 22 35 40 19 25 28 10 12 7 14
19 10 25 28 1 12 41 36 24
39 21 27 28 7 10 41 35 36 1 22
27 21 35 34 14
7 1 20 25 28 10 41 35 14 22
25 12 22 14 36
28 22 21 41 14
10 22 20 1 12 41 36
21 35 12 41 24
12 35 1 24 34
41 24 1
20 1 36 24 14 22
35 36 22 14 34
36 34 14
34 22
24 1
1 22 14
14
22
