#kunkel.py
# GMT Sat Apr 13 23:16:59 2019
# 
38 33 29 37 26 20 16 8 2 25 18 6 17 40 39 31 1 41 4 14 23 32 21
11 17 40 33 15 42 28 31 29 4 37 21 12 26 20 35 5 9 24 32 25 22
33 17 40 30 29 3 21 27 22 9 16 8 2 32 26 13 19 39 28 1 36 34
15 17 19 42 40 31 29 28 37 21 6 41 35 5 9 27 32 25 18 14 34
42 27 17 30 3 37 26 20 22 16 8 18 19 25 28 1 4 10 24 14 21
13 35 30 29 23 10 14 12 26 41 27 22 9 0 24 8 2 18 28 6 34
30 29 37 1 5 9 16 8 18 23 17 40 25 28 7 10 12 34 24 14 21
29 25 3 28 37 31 41 4 36 34 0 17 39 35 16 23
3 37 10 27 5 9 8 17 40 39 20 7 21 35 36 34 0 24 1 14
23 37 26 0 5 16 2 32 39 28 7 10 20 41 31 34 24 1 22
37 18 40 28 21 12 26 20 14 0 32 2 39 6
26 40 1 27 5 8 2 6 18 19 25 28 7 10 12 41 4 24 22
20 5 0 22 35 32 18 40 4 7 1 12 31 36 34 24 14
5 27 9 16 35 2 18 19 39 28 31 21 12 4 36 1
9 10 0 16 35 2 40 19 28 7 21 12 41 4 34 24
16 1 0 8 18 31 40 19 25 4 7 10 35 36 22
8 27 8 32 6 31 17 7 21 41 35 36 24 1 14
2 18 21 10 12 41 17 22 32 19 14 36 34
25 17 27 32 6 19 39 0 7 21 12 41 4 34 1 14
18 0 32 17 19 28 1 41 4 36 24 22
6 27 22 32 35 34 19 0 31 28 21 4 36 10 24 7
17 22 39 19 4 31 10 12 7 36 34 24
40 4 19 28 7 12 41 35 34 24 27 14
19 4 7 0 27 24 39 32
39 1 0 31 10 12 41 4 34 24 14 21 22
35 31 36 12 10 1 0 21 22 34
31 27 21 41 4 36 34 0 24 14
10 21 4 36 7 14 28 22 34
28 27 32 0 7 12 4 34 22
1 41 27 7 4 32
12 21 4 0 7 14 22
41 0 7 36 34 24 14 21
4 4 7 21
36 21 34 32 14 22
34 27 32
0 27 32 7 24 14
24 27 21 7 24
27 32 14 21 22
7 22 14
14 22 32
32 22
21 22
22
