#kunkel.py
# GMT Sat Apr 13 23:17:02 2019
# 
38 3 37 26 27 5 9 16 8 2 32 18 31 17 7 10 12 35 36 34 24 14 21
11 17 33 15 42 30 29 3 37 26 27 5 9 6 11 19 35 10 12 41 4 34 24 23
33 27 17 14 15 30 37 26 20 5 16 8 18 6 40 19 28 35 36 34 0 24 23
15 40 30 37 10 0 22 16 8 6 13 19 39 35 7 28 1 41 4 23 21
42 27 29 20 5 9 16 8 32 6 23 40 19 18 28 10 41 36 34 24 14 22
13 29 3 37 26 27 22 35 2 39 18 6 17 40 19 25 28 31 21 12 4 24 7
30 17 29 3 37 26 0 8 2 32 6 18 39 28 31 12 4 36 24 23
29 17 3 6 1 20 5 35 18 14 28 31 10 4 36 34 23 21 22
3 17 37 26 27 22 16 8 2 39 25 10 1 12 41 36 34 24
23 17 35 1 12 21 27 5 9 16 8 7 18 31 22
37 25 4 22 12 26 7 5 36 9 35 2 14 18 34
26 40 20 5 8 2 32 31 19 28 7 1 12 4 24 14
27 40 20 22 9 16 2 6 18 19 25 0 7 21 12 41 34
5 17 20 9 16 35 32 18 14 40 28 7 21 41 4 34 0 1
9 19 4 7 28 1 20 16 24 8 25 31 32 14 22
16 1 16 8 2 18 14 17 40 28 10 12 41 35 0 24
8 20 2 39 18 40 19 25 1 35 34 14 21
2 19 39 4 28 21 12 41 22 25 6 32 18
32 17 19 28 36 10 12 41 7 0 24 35 6 31 22
18 0 17 19 31 10 12 41 36 14 22
31 7 25 34 28 21 41 20 36 14 17 22 24
6 40 10 39 25 1 12 35 36 34 24 14 21
17 40 20 39 25 28 10 4 34 22
40 4 7 25 28 10 12 20 36 39 19
19 10 35 28 1 4 36 34 0 14 21
39 35 25 10 1 41 4 20 34 0 24 14 22
4 28 21 20 0 7 36 34
7 36 25 10 20 0 1 21
25 10 1 20 36 24 21 34
28 0 35 20 21 41 1 22
10 21 20 22 0 1 12 41 34
12 0 14 20 36 1 21
20 0 41 36 24 21
41 35 0 1 24 21 22
35 0 21 36 24 22
36 22 0 34 24
34 21 34 14
0 1 24
24 1 14
1 14 1 22
14 21
21
22
