#kunkel.py
# GMT Sat Apr 13 23:17:06 2019
# 
38 17 40 11 42 28 29 21 12 1 41 27 5 36 6 14 8 2 25 18 23 22
11 33 15 42 29 37 10 27 22 9 16 8 13 19 25 28 31 1 41 35 0 7
33 15 42 30 37 21 20 5 9 16 39 6 14 40 19 25 0 7 10 4 36 23
15 42 3 26 20 5 2 32 6 14 13 25 0 31 10 4 36 34 1 23 22
42 40 30 29 10 20 16 2 32 18 17 13 39 27 31 21 41 4 36
13 3 26 22 9 16 35 18 40 25 28 21 12 41 4 36 34 24 1 14
20 17 40 28 7 3 19 21 27 36 10 0 9 1 2 16 32 31 23
29 14 30 37 26 27 5 9 8 6 18 17 40 21 4 36 34 24 1 23 22
3 19 39 18 35 30 28 10 26 5 9 23 8 2 7 6 14 22 34
23 30 1 8 31 17 19 39 0 7 21 12 41 4 36 34 24 27
37 30 10 0 5 16 2 18 26 17 40 28 7 1 12 41 35 36 34 14 21
4 30 26 27 22 9 16 8 2 39 32 25 7 1 12 31 24
21 17 30 28 1 35 5 9 40 2 39 14 24
27 0 5 16 35 32 18 6 40 19 25 7 28 31 12 41 24
5 26 9 8 2 32 19 25 0 12 41 35 36 10 24 1
9 17 39 30 8 1 25 41 40 35 16 18 32
16 30 19 12 41 22 0 40 8 25 36 34
8 26 0 32 39 18 14 40 19 25 12 41 35 34
2 30 1 18 6 34 17 19 28 7 12 41 36 10 22
32 26 32 35 6 17 40 7 28 12 41 31 36 34 0 14
6 30 22 39 18 17 40 19 25 0 31 1 35 34 14
26 40 30 26 39 18 19 25 28 7 10 24 14 22
35 19 25 28 30 7 40 31 36 34
18 40 30 39 17 25 28 7 10 41 31 34 24
34 40 30 0 17 19 7 31 12 14
17 40 28 31 10 41 0 22 24
40 40 19 25 7 0 24 39
19 30 25 31 10 41 36 24 14
25 28 7 10 36 24 14
28 22 31 7 12 41 24 14
31 30 22 39 10 12 36 24
1 30 12 10 0 14 22
12 0 39 7 10 36 14 22
41 0 14 39 7 10 24
30 0 39
36 39 10 24 14
10 39 22
0 0 14 22
24 7 39 14 22
39 7 14
7 22
14 22 14
22
