#kunkel.py
# GMT Sat Apr 13 23:17:06 2019
# 
38 27 42 29 37 26 20 5 9 16 39 2 32 6 18 25 4 7 10 35 36 24 1 14
17 33 15 42 29 26 0 5 9 16 8 39 6 23 19 25 20 7 28 1 31 36 24 35
33 11 19 25 4 7 29 37 10 26 41 0 22 9 8 42 18 31 35 6 30
15 30 29 3 37 26 0 22 16 2 32 18 31 11 25 27 7 28 5 41 4 24 39
42 13 7 37 10 12 1 41 20 36 9 24 27 32 18 31 14 22 30
13 11 36 28 7 29 3 37 21 12 27 22 9 24 8 2 25 14 31 34
30 29 37 0 16 2 32 6 23 19 25 20 31 21 12 41 35 36 34 24 39 14
29 11 39 19 12 1 4 5 16 27 2 0 7 14 22
3 21 20 22 9 16 8 2 32 35 23 40 19 39 28 31 10 12 4 36 14
23 11 40 19 39 27 28 37 31 1 20 5 34 35 2 7 6 32 24
37 20 5 16 8 32 18 11 19 39 28 7 21 36 34 24
26 20 22 9 8 32 6 40 19 39 0 31 28 21 12 41 4 34 7
20 27 8 39 32 19 25 10 12 41 4 34 24 1 21
5 11 14 4 10 1 35 22 34 0 8 2 16 18 32 24
9 0 2 32 6 18 11 19 28 21 41 35 34 24 1 14
16 11 39 18 28 21 4 27 35 25 14 31 32 6
39 7 27 10 12 1 22 2 32 6
2 40 27 18 6 11 19 25 7 10 41 35 24 14
32 40 0 10 12 41 8 14 6
6 27 8 25 40 28 31 10 12 34 24 14
31 27 22 18 11 40 21 41 35 36 34 24
18 21 0 8 35 11 28 10 12 41 4 24 7 14 22
11 21 0 11 40 19 28 1 12 41 4 36 34 24 22
40 19 25 28 7 4 1 12 22 36 24 35 21
19 22 25 27 7 10 4 36 1 21
25 1 8 0 10 12 4 36 34 27 21
4 8 28 7 10 12 35 34 1
7 41 22 36 8 24
8 0 28 10 36 34 24 1 14
28 27 0 21 35 36 34 1 14
10 35 21 1 41 36 27
12 22 21 41 35 0 24 14
41 27 0 41 36 34 14 21
35 0 22 14 36 34 27
36 21 0 24 27 1
34 27 22 14 34 24 1
0 21 27 14
24
27 21 22
1 14 22
14 21
21 22
22
