#kunkel.py
# GMT Sat Apr 13 23:17:08 2019
# 
27 15 30 3 26 0 22 2 39 18 6 11 19 25 28 31 1 12 4 36 34 24 23
17 33 15 42 29 26 20 5 16 8 2 32 6 18 11 19 39 28 7 41 35 36 0
33 38 19 28 7 29 3 10 1 20 22 34 14 24 8 2 32 18 6 30 21
15 38 11 15 42 30 10 20 22 9 35 32 18 19 25 7 1 4 36 0 39 14
42 13 25 28 30 38 23 37 1 6 21 20 0 9 16 35 14 26 18
5 40 19 39 20 30 29 37 1 12 26 35 36 9 32 2 25 7 31 21 22
13 29 3 37 10 20 9 8 32 18 6 11 19 0 7 1 12 41 31 36 24 14 21
30 38 29 3 37 26 20 16 8 11 19 25 28 31 10 34 0 24
29 38 40 3 37 26 20 9 8 32 23 25 28 10 12 35 36 0 14 22
3 37 26 0 22 9 16 32 18 39 7 10 12 4 34 24 1 14 21
37 37 26 0 16 8 2 39 11 25 31 21 41 35 36 24 22
14 38 40 26 9 32 6 19 25 28 7 10 4 36 34 23 21
26 4 26 0 9 16 2 18 19 12 35 36 34 23
0 11 20 9 16 8 2 19 25 7 10 41 23
22 38 10 20 8 39 32 6 25 31 1 12 41 4 23 21
9 38 40 20 2 32 6 39 28 7 31 4 36 34
16 38 20 2 32 6 18 40 19 25 28 31 1 12 41 4 36
8 38 40 10 2 6 18 19 39 20 21 35 36 34 24 1
2 38 11 39 32 40 25 31 10 4 24 1 7 21
39 38 40 25 28 31 41 35 36 34 24 7 23
18 38 11 40 32 35 28 31 21 12 7 36 24 1
35 20 31 28 10 6 41 4 24 32 23 21
6 38 11 32 23 25 28 31 12 41 34 24
11 19 41 38 4 31 10 20 34 24 32 7
41 31 38 28 1 20 4 32 7 23 34
19 40 32 23 28 31 1 7 36 34 24 21
25 38 10 40 7 1 12 4 34
28 38 20 40 31 1 12 36 23
31 4 21 20 1 12
10 4 21 12 20 34 40 32
38 20 40 7 4 32
1 40 12 4 7 23
12 36 4 24 7 32 34
20 40 4 21 20 36 23
4 24 21
36 40 36 34 23
34 40 23 24 7
24 21 23 7
40 21 23 32
7 23
23 32 21
32
21
