#kunkel.py
# GMT Sat Apr 13 23:14:09 2019
# 
0 32 2 3 4 37 6 7 10 11 13 16 17 18 19 20 22 25 27 39 36
1 1 3 4 5 8 9 10 14 15 17 18 25 26 28 30 31 34 35 36 37 38 39 42
2 4 5 6 10 11 16 19 20 22 23 25 26 28 30 32 34 35 37 38 39 40 42
3 35 32 5 38 7 9 39 12 15 18 20 41 24 36 27 28 29 30 31
4 7 8 11 14 16 17 18 20 24 26 27 28 29 33 34 36 38 39 40 41
5 32 39 6 7 40 9 42 11 14 16 18 35 20 23 25 27 30 31
6 34 36 7 40 9 10 11 12 13 15 17 18 22 41 25 27 37 31
7 33 34 41 14 16 17 21 22 23 24 36 27 28 29 30 31
8 35 38 33 9 42 39 13 15 16 19 20 22 41 25 26 28 29 31
9 10 11 13 14 15 16 17 20 22 23 27 31 33 34 38 40 41
10 11 13 14 16 17 18 20 21 24 25 26 28 29 33 34 36 40 41 42
11 32 35 33 38 14 17 20 22 23 25 26 27 28 30
12 33 37 39 42 13 14 16 17 18 19 22 24 26 38 28 29 30 35
13 14 17 20 22 23 28 30 33 34 35 36 37 39 40 41 42
14 15 16 18 21 22 23 26 27 29 30 32 38 39 40
15 16 17 21 22 23 24 27 32 33 34 35 37 38 40 41 42
16 17 18 19 20 22 23 24 27 28 34 35 42
17 18 21 26 27 28 31 32 37 38 42
18 19 20 22 24 25 26 32 35 36 38 42
19 19 20 21 23 24 25 27 29 30 31 32 34 37 39 41 42
20 32 35 39 40 21 24 27 30
21 32 34 35 37 40 41 39 23 24 25 26 28 30 31
22 24 26 29 30 31 33 36 38 39
23 25 26 27 30 31 33 34 35 38 39 40 41 42
24 25 28 29 30 32 33 35 36 37 39
25 27 29 31 33 35 36 38 41 42
26 29 32 33 34 35 37 39 41 42
27 28 29 30 36 37 41 42
28 29 30 31 32 33 36 40
29 31 32 33 34 35 38 40 41 42
30 31 35 36 37 38
31 32 36 37 38 40 42
32 36 37 38 40 41 42
33 34 35 36 37 38 39 40
34 34 35 36 37 40 41
35 35 38 39 40 42
36 37 41 42
37 38 39 40
38 40
39 41
40
41 41 42
42
