#kunkel.py
# GMT Sat Apr 13 23:17:09 2019
# 
38 27 15 29 3 37 10 20 22 16 8 2 32 18 6 40 25 4 1 41 35 34 0 21
17 15 42 30 29 3 26 0 5 16 8 39 32 19 25 20 31 28 1 41 35 36 24 14 21 22
33 42 40 29 26 27 22 16 8 32 6 11 13 28 7 10 12 41 31 36 0 24 14
15 42 30 26 0 22 9 16 8 2 32 18 11 19 25 35 31 12 4 34 39 7
42 40 30 29 26 27 22 16 8 39 13 19 25 28 31 10 35 34 0 24 23 21
5 11 19 39 28 31 3 1 12 41 20 22 34 24 27 35 2 25 18 6
13 30 29 37 20 9 16 8 2 39 6 18 11 25 27 31 10 41 4 34 23 32
30 40 3 37 10 20 22 16 8 11 25 28 7 1 4 36 34 14 21
29 26 0 22 6 18 11 25 28 31 1 12 41 36 10 27 14 21
3 3 37 27 9 8 6 11 25 4 31 1 12 41 35 36 34 7 22
37 40 26 9 2 39 18 11 25 28 7 10 12 41 4 36 24 1 23
14 40 25 28 19 12 10 20 22 9 24 35 2 32 31 36 34
10 11 19 7 26 41 20 9 24 21 35 25 23 34
20 40 1 27 9 2 26 25 28 7 12 41 35 34 0 23 22
22 9 16 18 6 40 39 28 12 41 36 0 27
9 27 1 16 35 2 32 6 26 19 28 31 4 36 0 23
16 11 28 7 12 4 27 8 2 39 35 32 6
8 11 25 36 41 31 0 27 40 39 23 19 32
2 40 21 6 39 28 7 1 41 31 36 0 24 23
32 39 34 0 7 1 21 41 4 31 19 24
18 40 26 0 35 6 11 19 39 28 1 4 36 34 24 21
26 11 28 7 21 36 0 24 35 23 31 34
6 40 11 25 35 31 21 4 36 24 7 23
11 4 12 0 40 7 23 24
40 0 39 19 25 21 12 41 36 34 23
19 4 27 28 1 12 41 35 36 34 24 21
25 25 31 35 36 34 24 7
4 34 31 41 7 12 23 24
7 27 0 35 28 31 1 36 24 21
28 28 1 12 35 0 24 23
1 39 21 12 41 31 34 23
12 27 35 39 31 24 23
41 39 23 36
35 36 27 21
36 27 39 36
34 39 31 21
0 21 27 24
24 27 39
27 21 39 31 23
39 21 23
31 23
23 21
21
