#kunkel.py
# GMT Sat Apr 13 23:17:11 2019
# 
38 33 15 40 30 29 26 27 5 16 2 18 13 39 28 31 1 12 4 36 34 0 7
11 29 37 26 27 5 8 2 18 23 40 19 39 28 31 10 1 12 35 34 24 14 22
33 15 40 30 29 37 26 20 22 9 16 8 32 18 17 13 0 5 12 41 35 14
15 42 40 30 37 22 9 2 39 6 18 17 13 19 25 35 7 21 41 4 34 23
42 27 40 30 29 37 26 20 16 6 17 13 25 4 10 41 35 36 0 24 14 21
40 13 4 20 28 37 41 35 22 14 16 8 2 0 6 23
30 29 26 20 16 2 6 18 39 28 7 10 31 34 0 24 1 14 21
29 3 37 26 20 22 9 8 2 39 17 13 25 27 7 1 41 36 34
3 17 13 19 39 28 7 25 37 21 20 35 5 36 0 27 32 14 31 23 34
8 1 5 9 16 6 13 19 25 28 7 10 12 41 4 36 24 14 21
37 21 27 5 9 2 32 26 13 28 10 12 20 36 24 14
26 26 0 22 9 16 1 32 17 19 25 31 21 35 36 24 39
27 17 0 31 19 12 21 41 20 34 24 9 2 32 18 23
5 10 0 32 17 25 35 31 1 12 41 4 36 34 24 7 14 21
9 22 2 23 17 19 39 28 31 10 12 41 4 36 34 14
16 13 10 12 20 36 0 24 2 39 6 31 35 19 22
35 32 18 6 17 19 28 7 1 12 41 4 36 24 23
2 28 1 12 10 20 23 32 7 6 18 34
32 32 6 18 13 25 28 31 21 41 7 34 0 24 14
18 13 25 20 1 41 22 34 0 24 7 14 21
6 10 0 39 17 19 25 28 31 1 12 41 34 23 21
17 20 7 28 10 12 41 4 0 1 14 22
13 0 10 21 41 4 14 39 25 28
19 20 21 0 39 25 4 7 10 41 36 34 24 14
39 25 28 41 4 22 23 31 20 34
28 20 31 4 36 34 0 24 23
31 1 14 7 10 12 4 36 34 24 23 21 22
10 12 24 22 7 14 36
25 0 14 21 4 36 34 1 23 22
1 23 36 14 24 7 21
12 21 20 41 0 7 23 22
41 7 22 34
20 22 7 21 4 36 24 23
4 36 0 24 23 34
36 34 7 21 22
34 21 24 14
0 7 14 24 23
23 22 14
7 24 22
14
21 22
22
24
