#kunkel.py
# GMT Sat Apr 13 23:17:14 2019
# 
38 13 15 25 0 31 3 4 37 1 10 20 36 9 16 24 35 2 23 21 34
17 13 29 3 26 27 16 8 6 18 40 19 39 35 31 28 10 12 41 4 36 1 7 14
33 33 42 13 29 26 20 5 8 2 32 18 6 40 19 25 0 31 28 1 12 4 23 22
15 42 40 30 29 3 37 26 20 22 32 6 13 19 25 35 7 28 10 41 4 36 34
42 40 20 30 29 37 1 21 27 5 34 16 24 8 2 32 6 31 35 36
40 30 3 26 20 22 9 16 8 6 25 0 7 1 12 4 36 34 14
30 29 3 27 5 9 8 2 32 6 18 11 39 28 1 12 35 36 34 24 14 22
29 20 5 9 16 35 2 32 18 11 13 27 7 10 12 4 36 24 22
3 11 28 37 1 26 41 20 5 36 16 8 2 7 14 23 34
8 26 27 5 16 32 18 11 19 25 0 31 1 35 10 23 21
37 11 13 31 36 26 41 4 5 9 16 24 27 2 32 6 34
10 26 20 5 9 2 32 18 39 0 7 21 12 41 35 34 24 22
20 13 1 20 16 6 18 25 0 31 12 41 4 7 21
5 0 9 6 31 18 11 19 7 41 35 36 34 24 23
9 21 27 32 2 39 6 26 14 19 25 0 7 28 4 23
16 22 18 14 11 19 25 27 31 12 41 34 0 24 23
35 11 25 13 28 21 41 0 36 39 14 31 19
2 11 13 23 12 26 41 7 39 14 31 6 34
32 26 27 22 39 18 25 28 31 4 36 24 14 21
6 26 27 18 6 11 39 28 7 1 12 41 31 34 24 22
26 39 13 12 1 22 14 19 18
14 11 0 13 4 1 12 36 31 21 22 28
11 19 25 4 1 12 41 27 23 28 22
13 25 18 19 39 28 12 41 36 34 0 24 27
19 27 0 25 39 7 31 41 4 36 34 24
25 22 18 7 21 12 4 36 24 23
18 39 27 7 31 34 24 1 23 22
0 1 23 39 4 31 28 41 36 21
31 7 41 36 22
28 27 22 39 28 21 12 4 34 23
1 39 21 41 4 36 34 24
12 39 7 4 34 24 23
41 39 4 7 23 22
4 21 39 4 34 24 27
36 21 23 24 22
34 27 24 23 21
24 21 39
27 21 22 23 39
39 22 7 23
7 23 7 21
23 21 22
21 22
22
