#kunkel.py
# GMT Sat Apr 13 23:17:15 2019
# 
38 17 33 15 37 26 0 5 9 8 2 32 18 11 13 28 31 21 12 41 36 34 1
17 33 42 0 30 29 25 19 12 10 41 20 22 9 39 8 32 6 31 23 28
33 33 20 3 26 0 5 16 8 39 32 6 13 19 25 28 10 41 35 36 23
15 42 29 3 10 20 22 9 16 2 26 14 13 25 28 7 1 35 0 27 23 21
42 14 40 4 37 27 5 39 6 18 13 19 25 28 7 1 12 35 34 24 23 22
40 30 3 21 27 5 9 2 32 26 23 11 13 39 20 1 41 35 36 34 24 14 22
20 13 29 3 37 26 27 9 16 18 19 28 31 10 35 34 24 1 7 23
29 30 37 10 27 5 16 8 2 32 6 18 39 28 1 12 41 4 34 23 22
3 30 3 5 9 2 19 39 28 31 1 12 41 4 36 34 0 24 14 22
4 13 35 30 10 12 41 27 36 34 16 24 8 2 32 14 31 18 22
37 11 30 8 28 10 1 0 5 16 24 27 35 18 31 6 22
6 7 25 21 12 35 5 9 16 24 14 2 32 18 31 23 30
26 30 10 5 9 32 11 13 19 39 28 7 21 41 31 36 0 27 23
0 30 27 16 8 18 13 19 25 28 7 1 12 41 35 34 0 24 23
5 13 8 2 39 14 19 25 28 31 21 7 1 35
9 11 19 39 18 30 23 31 12 41 36 16 14
16 10 35 32 18 11 39 7 1 12 41 36 34 24 21
8 11 39 13 30 10 1 41 27 35 14 28 21 24
2 10 27 32 18 11 25 35 7 28 21 36 34 14 22
32 13 30 27 39 19 25 35 31 10 12 41 36 34 14
18 13 7 36 41 22 27 35 25 31
35 27 13 30 11 19 31 12 36
23 13 30 22 11 19 7 10 12 36 34 14 21
30 27 25 7 28 12 36 24 14
11 21 27 19 39 28 7 10 41 31 34 24 14
13 25 36 41 34 39 14
19 27 25 31 21 12 36 34 24 1
39 25 7 1 12 41 36 34 22
28 7 10 12 24 14 22
31 25 7 21 36 34 14 22
10 25 7 1 22 34 14
25 1 7 14 36 34
21 1 12 7 36 24 21 22 34
12 1 14 36 24
41 22 27 1 34 14
7 36 24 22
36 27 22 36 24
34 24 27
24 1 22 24
27 1
1 14
14 22
22
