#kunkel.py
# GMT Sat Apr 13 23:17:16 2019
# 
38 11 13 15 25 20 7 3 1 12 21 41 0 5 9 16 40 2 6 31 26 34
17 15 40 29 3 37 26 20 5 9 39 11 13 25 28 10 12 34 0 24 1 21 22
33 11 40 14 42 27 31 3 1 12 10 0 5 9 24 35 2 32 18 23 22 21
15 30 29 37 26 0 22 9 16 2 32 18 19 28 7 12 41 34 24 27 14
42 42 30 4 37 21 0 5 9 8 2 32 18 26 6 13 19 28 7 10 12 41 35 36 14
40 11 30 29 37 20 5 9 8 2 32 6 39 0 1 12 41 4 24 27 35 22
30 29 26 27 9 16 35 32 11 19 39 20 31 10 12 4 36 34 1 7 21
29 14 25 28 1 12 10 7 5 36 35 2 39 18 31 26 6 22
3 26 20 5 9 2 23 13 39 28 7 22 41 35 36 34 0 24 27 14
8 13 37 26 20 5 9 16 2 18 6 11 19 39 28 7 1 4 24 14 22
37 11 7 1 12 10 41 31 36 9 24 2 39 23 32 14 21
14 27 7 28 19 1 35 22 9 0 39 6 32 36 34
4 13 27 22 9 16 18 6 11 19 39 28 1 20 41 36 34 0 23
21 26 20 1 11 0 5 9 16 39 25 7 31 32 23
0 11 10 16 35 2 32 6 28 7 12 36 34
5 12 10 11 20 36 41 27 23 26 35 6 22
9 11 10 20 31 35 7 41 24 1 23
16 11 18 13 10 41 22 24 27 2 32 20 31 6
35 11 13 28 31 41 20 27 2 32 18 6
2 26 2 32 18 11 28 31 10 41 34 24 27
39 27 10 20 32 6 31 18 25 28 7 12 36 1
6 31 41 20 25 23 27 28 32 18
26 11 10 20 18 19 25 28 31 34 27 23
18 20 22 11 25 31 10 12 41 34 24 23
11 27 13 19 25 41 34 24 1
13 1 27 22 32 13 19 25 31 28 10 12 41 36 24
19 20 23 19 25 28 31 1 12 41 36 34 24 7
25 23 7 28 27 22 10 24 1 32 34
20 23 7 22 34
7 36 31 28 23
10 22 28 31 36 34 23
28 22 31 23
1 32 12 22 23
12 32 27 31 41 34 24 23
41 31 36 34 23
31 36 24
36 27 32 23 34 24 22
34 24
24 27 22 32 23
27 32 23
23 22
32 22
22
