#kunkel.py
# GMT Sat Apr 13 23:17:17 2019
# 
38 33 15 42 3 21 27 5 9 8 2 39 6 26 14 11 19 25 0 10 35 36 34 23 22
17 13 33 15 40 7 29 3 1 6 10 41 4 5 9 24 2 32 18 31 23 30
33 11 15 42 27 30 3 7 37 19 12 26 41 20 22 16 8 25 6 18
15 11 3 20 9 16 8 2 32 18 13 19 39 28 7 10 41 4 36 34 24
42 11 39 20 30 29 3 37 22 26 4 5 34 8 1 32 14 31 6 36
40 27 29 3 26 20 5 9 8 2 32 6 40 25 28 31 10 12 4 36 24 39 23
30 27 29 3 37 0 5 9 16 2 18 19 39 28 31 21 12 41 24 23 22
29 11 28 25 37 10 26 41 7 36 34 16 27 2 39 18 31 23
3 11 37 20 5 2 32 6 19 39 27 7 10 31 24 14
4 11 4 37 26 20 5 9 16 8 18 19 28 31 21 41 35 34 0 24 23
37 37 21 27 5 9 8 32 6 23 11 13 28 7 10 41 20 34 35
21 19 39 28 10 12 1 36 9 16 27 8 2 32 14 35 23 22
27 13 26 20 22 2 6 25 28 31 12 36 34 24 1 23
5 26 20 22 9 8 32 35 13 19 0 7 10 12 24
9 11 26 0 32 2 39 14 13 25 7 36 34 23 22
16 11 25 18 0 10 41 22 36 2 32 20 26 19 14
8 35 31 12 10 36 39 1 32 14 19 22 34
2 11 25 10 0 36 1 6 26 19 34
39 13 20 22 11 10 12 41 35 36 24 1 23
6 11 10 20 22 32 18 6 19 0 31 1 41 35 23
26 13 20 35 18 19 7 10 12 41 14 22
14 20 32 18 13 25 28 7 10 12 35 36 24 1 31
11 0 18 25 28 31 1 12 36 34 24
13 20 25 18 19 0 31 1 41 35 36 34 7 23
19 0 32 18 25 28 12 10 1 23
25 0 22 28 31 10 12 41 7 34 23
18 0 12 34 24 1 32 31
0 28 10 1 24 35 32 23 36
7 28 10 12 41 35 24 1 23
28 20 22 35 32 31 41 34 24
10 20 41 35 23 22
12 1 31 23 41 35 24 22
20 36 35 23
41 22 35 31 34 32
35 32 31 34 36 23
36 1 32 36 24 23
34 31 1 22 24
24 32 23 1 22
1 31 32
31 32
23
32 22
22
