#kunkel.py
# GMT Sat Apr 13 23:14:10 2019
# 
0 1 3 6 11 12 13 14 15 17 18 19 20 21 23 24 25 27 28 31 32 34 35 38
1 3 5 9 12 13 14 16 17 20 21 23 24 26 28 29 30 31 36 37 38 42
2 5 6 7 10 13 14 15 16 17 19 21 23 24 25 27 28 31 32 34 36 37 39 42
3 7 8 11 12 13 14 15 16 18 22 24 26 28 30 34 35 36 38 39 40 41
4 5 6 9 10 11 13 14 15 16 17 19 21 23 25 26 27 28 31 32 34 38 40 41 42
5 32 34 38 33 40 9 10 39 12 13 16 20 21 22 23 26 28 42
6 6 8 14 15 21 22 23 24 25 26 27 30 31 33 35 37 40 41 42
7 32 33 36 8 9 10 11 12 34 15 16 40 20 21 41 24 27 42
8 9 10 13 17 19 20 21 23 24 25 26 29 30 31 34 36 39 40 42
9 11 13 14 15 22 25 26 27 28 29 30 31 32 33 36 40 42
10 10 11 12 14 15 17 19 20 22 23 25 27 29 31 33 35 37 39 40
11 12 13 14 16 19 20 21 22 23 29 32 33 34 35 37 41
12 34 32 38 41 17 37 19 22 23 36 27 29 30 31
13 15 16 17 18 19 26 30 31 32 37 39 41 42
14 15 16 19 20 21 24 26 29 31 37 38 39 40
15 16 17 18 23 28 29 30 34 37 38 39 42
16 16 18 19 20 21 24 25 30 33 35 36 40 41
17 18 19 20 27 29 30 33 34 36 38 39 41 42
18 32 34 36 37 35 33 40 39 19 20 24 27 29 30 31
19 33 35 41 21 24 25 26 29 31
20 22 24 25 26 28 32 33 37 38 40 42
21 22 23 25 29 32 33 34 36 38 42
22 23 24 25 28 30 32 33 35 36 37 38 39 40 41 42
23 24 26 27 28 30 31 33 35 36 41
24 25 28 29 30 33 34 40 41 42
25 28 29 30 34 35 36 37 38 39 40
26 32 35 39 40 37 41 28 29 31
27 33 35 37 40 36 38 28 30 31
28 38 33 40 42 34 35
29 34 36 33 42 30
30 33 35 37 38 39
31 37 39 41 36
32 34 38 40 41 36 39 37
33 34 35 36 38 41 42
34 37 39 41 42
35 36 37 39 40 41
36 38 42
37 39 40 41
38 41 39
39 42
40 42
41 42
42
