#kunkel.py
# GMT Sat Apr 13 23:17:21 2019
# 
27 17 14 3 37 26 20 22 9 2 32 6 18 11 19 28 7 1 31 34 0 24 23
17 11 38 19 25 30 29 1 22 12 26 5 10 16 8 2 32 23 18 36 34
14 11 40 19 15 13 4 30 29 1 26 41 5 0 24 35 2 23 31 6 21
15 38 13 25 40 7 42 3 10 12 21 20 4 5 36 2 32 6 18 30 34
42 38 33 40 30 3 37 10 9 16 8 32 18 6 13 25 7 1 35 36 34 23
5 33 39 20 30 21 12 1 41 4 10 0 16 2 25 7 26 34
13 28 7 29 1 12 26 41 20 22 9 16 24 8 25 23 31 18 34
30 38 33 29 10 0 9 8 2 18 6 11 40 39 28 7 21 12 35 34 23
29 38 3 37 26 22 9 8 32 18 6 11 39 7 21 41 36 34 1
3 38 33 21 0 22 35 26 11 40 39 31 10 12 4 36 24 7 23
4 33 39 28 31 37 10 12 1 41 35 16 24 32 25 20 22
37 33 26 22 9 16 32 6 11 40 19 25 35 1 12 41 34 24 39
33 11 38 19 25 28 1 10 41 36 0 16 2 18 26 22
26 38 22 16 8 2 6 18 11 39 7 12 41 36
0 21 20 2 32 18 6 11 40 19 31 10 12 41 36 34 24
22 35 31 10 12 41 16 40 8 2 32 28 24
9 40 10 16 2 18 31 6 39 28 7 1 12 20 41 35 23
16 38 21 8 6 19 39 28 31 10 12 35 36 34 23
35 11 40 36 20 25 28 21 1 2 39 31 6
2 39 10 28 6 41 24 1 18 36
32 38 21 20 8 6 11 40 31 10 12 41 34 1
6 8 6 11 19 25 31 28 36 7
18 38 20 8 11 39 28 10 12 41 36 34 24
11 38 40 25 7 28 10 36 1 23
40 38 19 20 21 12 39 23 36
19 38 10 39 25 7 21 12 41 31 34 24 1 23
25 38 21 8 39 31 10 41 36 24 7 23
28 38 21 20 31 7 10 41 34 23
7 20 38 12 39 23
10 1 20 8 39
38 8 21 12 31 24 23
1 21 20 31 36 34 23
12 8 31 12 36
41 20 39 31 36 24 23
20 39 21 8 23 34
31 21 8 24
36 39 36 34 24 23
34 21 24 8
8 8 39 24 23
24 21 39 23
39 21
23 21
21
