#kunkel.py
# GMT Sat Apr 13 23:17:24 2019
# 
38 27 33 15 30 3 37 26 20 32 6 17 13 19 25 28 31 10 12 34 0 14 21
11 40 29 1 27 22 9 16 32 2 39 6 26 13 19 25 35 31 10 41 4 36 24 14 21
33 17 15 42 28 7 37 10 12 26 41 4 22 36 16 24 8 2 32 14 30
15 42 30 29 21 0 22 9 16 8 2 39 17 13 19 25 28 7 10 41 35 23
42 27 39 0 30 29 28 37 1 12 20 5 9 16 8 2 18 35 36 34
5 30 3 37 26 27 9 8 2 32 18 6 17 25 28 31 10 41 4 24 35 21
40 17 40 20 22 35 32 6 18 13 19 39 27 31 28 21 12 41 4 36 34 23
30 37 26 20 32 6 17 13 39 28 7 1 41 36 34 24 27 23
29 27 17 3 37 10 20 22 16 39 28 31 1 12 41 35 36 0 14 21
3 17 39 4 7 1 12 10 41 35 36 24 27 2 6 31 22 34
4 20 9 16 2 18 6 19 25 27 7 10 12 41 31 0 14 22
37 17 0 31 6 26 27 9 24 35 2 39 23 18 36
26 21 9 16 32 2 25 23 13 39 28 7 10 12 31 36 14
20 13 1 27 22 9 8 6 18 17 19 25 28 31 21 12 0 7 35
22 17 13 22 35 32 18 39 28 31 1 41 34 24 14
9 17 27 16 35 2 32 13 19 25 31 12 41 34 24 14
16 27 7 25 10 1 12 36 24 32 14 19 18 21
39 17 13 27 8 14 39 7 1 10 24 23 21
2 17 0 6 19 25 10 12 41 36 34 1 23 21
32 18 13 28 10 27 17 8 0 14 6 34
6 17 35 19 25 28 31 1 41 36 34 24 23
23 13 0 8 18 19 28 31 10 12 41 35 24 14 21
17 1 19 10 35 36 34 14
13 19 10 7 41 0 24 1 35 36
19 18 7 10 41 36 21 31 34
25 36 18 7 8 1 21 35 0 14 34
18 31 8 28 1 0 10 41 14 21
28 14 8 31 10 12 34 1
31 8 0 7 36 24
8 27 21 7 1 34 0 24 14
10 0 1 12
12 1 35 12 41 36 34 0 24
41 0 27 36 14
35 0 21 36 34 24
36 27 21 36 24 1 7
34 27 7 21 0 24 14
0 14 27
24 21 7
27 7 21 14
1 21 14
7 14 21
14
21
