#kunkel.py
# GMT Sat Apr 13 23:17:25 2019
# 
38 13 33 15 39 4 7 29 3 1 21 41 0 5 36 14 24 32 18 26 23 22
17 11 13 33 15 42 10 25 21 12 26 27 36 34 24 9 39 32 6 19 23 22
33 15 42 40 30 29 26 20 5 8 18 11 13 19 39 28 31 22 12 35 0
15 13 29 37 10 5 16 2 32 18 14 40 25 7 1 4 36 24 23 21 22
42 11 25 40 30 29 10 12 26 41 27 5 16 39 18 31 14 22 21
40 30 3 21 20 16 2 32 14 13 19 39 0 7 10 12 41 35 36 24 23
30 27 18 13 7 29 21 12 1 41 4 22 10 16 8 39 6 32 23
29 37 26 20 5 39 6 19 25 28 31 21 41 4 0 24 27 1 23
3 13 10 0 5 9 16 8 39 32 18 25 20 31 1 41 35 36 14 24 27 23
37 11 25 18 28 7 4 21 26 20 36 34 0 24 39 2 32 14 31 23
6 27 1 20 5 16 8 2 32 6 23 19 25 0 7 28 21 41 39 14 22
1 21 9 16 8 32 26 18 13 19 28 7 10 12 31 34 24
0 26 20 9 2 32 18 11 19 39 28 7 41 36 24 27
5 21 27 8 39 11 25 28 10 12 35 36 34 24 14 32
9 11 19 18 4 7 10 20 22 34 16 24 27 8 2 35 31 23
16 20 22 8 32 31 11 19 28 7 10 41 4 24 21
8 4 26 27 2 18 11 13 25 28 7 12 35 14 23
2 11 25 35 7 23 21 10 20 22 24 31 18 26 34
32 39 28 4 21 36 27 35 18 24
18 11 13 25 28 7 20 41 35
26 26 20 22 23 11 19 25 31 21 12 35 24 7 14
35 23 39 13 31 28 12 41 27 24 14 34
23 13 22 19 39 31 12 41 36 14
34 36 25 20 7 28 21 12 10 41 24 39 14 22 4
11 39 13 19 25 7 21 41 36 24 14
13 25 4 10 41 36 27 7
19 10 31 21 20 22 14 28 36
39 20 22 31 4 24 7
20 27 25 21 12 41 4 24
7 22 31 12 41 36 14
25 22 28 10 12 41 4
28 10 27 4 31 41 24 14
21 27 31 22 12 36 24
12 27 10 4 36 31 14
41 4 22 14
4 22 31 10 36 27 14
36 10 27
10 24 31
24 22
27 31 14
31 22 14
14
22
