#kunkel.py
# GMT Sat Apr 13 23:17:25 2019
# 
38 15 42 40 30 29 3 37 27 16 8 32 6 13 19 39 28 31 10 41 4 36 0 35
17 15 42 29 3 27 22 9 16 32 6 14 17 40 19 25 28 7 10 12 41 4 36 34 24 39 23
33 40 37 21 20 22 9 16 8 2 18 6 11 13 25 0 31 1 41 35 34 24 23
15 11 25 18 13 7 40 37 10 12 26 41 4 36 9 27 32 20 14 24
42 42 13 30 29 3 37 20 22 9 16 8 2 39 6 40 19 25 7 5 4 36 14
5 40 30 29 10 27 8 2 18 6 13 39 28 31 1 20 41 35 36 34 0 21
40 40 30 29 20 22 16 2 32 6 13 25 27 7 21 35 34 23
30 29 3 37 0 9 32 2 39 11 25 4 7 28 1 12 41 35 23
29 3 37 10 20 9 8 11 25 28 7 1 4 34 0 24 23
3 13 19 20 8 1 12 10 41 4 9 35 2 32 23 14 21
37 27 9 16 2 6 18 19 39 28 7 1 41 31 36 24 14
14 27 26 20 22 16 8 32 18 13 39 4 28 21 12 35 34 1 23
1 11 39 18 20 22 41 31 36 0 35 2 32 6 23
27 20 9 8 6 11 13 19 39 35 7 10 4 36 34 23
22 0 9 2 32 18 26 6 11 19 39 35 7 10 4 34 24
9 20 35 31 13 19 39 7 21 41 4 36 24 23
16 10 20 2 32 26 25 0 31 21 12 41 4 36 24 39
8 21 20 2 32 18 26 6 11 19 25 10 12 34 24 39
2 10 20 32 31 26 19 25 7 21 4 34
32 25 28 12 4 34 39 0 31 6
6 13 25 28 36 24 35 26 18 34
26 11 19 18 28 7 23 36 12 10 20 4 34 24 0
23 20 35 23 11 13 19 28 31 10 41 4
11 13 25 4 41 10 0 35 7 31 19 34
13 0 18 19 39 28 7 21 12 31 24
19 25 0 31 21 35 36 34 24 7
39 4 0 21 12 35 18
18 28 31 12 41 35 0 25 20
28 0 31 35 7 21 12 4 36 34 24
31 25 21 0 10 4 24
25 21 12 0 36 24
10 35 4 21 12 20 24
12 35 41 7 0 24
20 0 41 36 24
41 35 7 21 4 36 34
4 34 0
36 34 21 24
34 7 35 0
0 21
24 21 35
7 21
35 21
21
