#kunkel.py
# GMT Thu Mar 28 20:06:02 2019
# 
0 32 38 6 7 8 10 12 13 15 18 19 21 22 23 24 25 26 27 28 29 31
1 3 5 6 10 11 12 13 14 15 16 17 18 21 22 24 27 31 33 37 39 41 42
2 3 5 6 7 8 10 11 12 14 18 20 23 27 29 31 32 34 35 36 39 40 41
3 32 35 5 6 7 40 9 41 34 16 17 18 19 21 22 23 25 28 30
4 5 6 8 9 10 12 15 17 21 23 25 28 31 32 33 35 36 38 39 40 41 42
5 6 7 8 13 16 18 20 25 27 28 29 31 32 33 34 35 38 41 42
6 7 8 12 16 17 19 20 22 23 26 28 30 31 32 33 35 39
7 39 38 10 12 40 18 35 21 22 24 25 26 27 29 30 31
8 32 33 9 11 12 13 16 20 41 23 24 25 38 36 37 31
9 35 40 38 39 41 11 13 15 16 17 19 20 21 23 24 27 28 30
10 11 14 15 17 19 20 21 22 26 28 29 32 33 34 38 40 42
11 32 34 36 38 39 12 13 16 19 41 26 29 30 42
12 13 15 17 22 23 24 26 27 28 33 35 36 37 38 39 40 41 42
13 15 17 19 21 22 23 26 29 30 31 33 34 35 36 38 39 42
14 35 37 33 40 34 15 17 18 20 21 23 24 25 26 28 29 30 31
15 16 17 20 21 22 25 28 29 32 33 34 35 38 39 41
16 18 19 22 23 24 25 26 28 29 30 32 34 36 39
17 32 33 40 19 22 24 36 27 28 29 30
18 36 38 40 42 39 19 21 23 25 28 29 30
19 20 24 25 26 29 31 33 34 35 36 40 41
20 23 26 27 28 31 33 34 35 37 39 40 41 42
21 24 27 29 32 34 35 36 38 39 41 42
22 23 25 27 31 33 34 35 36 39 40 41
23 37 39 42 34 35 40 25
24 27 28 29 31 33 34 35 37 38 40 41
25 26 27 28 29 31 33 35 37 39
26 28 30 32 33 35 36 37 39 41 42
27 30 31 34 35 36 37 38 39 41
28 32 34 37 40 42
29 30 31 33 34 36 41
30 32 33 36 37 38 42 41 40
31 33 34 35 37 38 39 42
32 33 36 38 37
33 35 36 37 41 42
34 35 36 37 42
35 36 38 42
36 37 38 39 40
37 38 41 42 40
38 41 42
39 42
40 41
41
42
