#kunkel.py
# GMT Thu Mar 28 20:06:03 2019
# 
0 32 1 2 3 37 33 8 41 42 39 34 14 15 40 22 24 25 28 29 31
1 3 4 5 6 7 8 9 12 19 21 22 24 25 26 31 33 34 38 39 40 41 42
2 3 4 10 11 12 14 17 18 19 20 21 24 28 31 32 33 34 36 37 38 39 41 42
3 5 8 11 15 16 17 19 20 21 22 23 24 25 26 27 31 34 37 38
4 5 7 8 10 12 13 14 15 16 18 26 31 32 33 34 35 36 37 38 39 40 41 42
5 6 13 14 15 16 18 20 21 22 25 28 29 30 33 35 36 37 38 41
6 6 7 9 11 12 14 16 17 18 19 21 23 25 30 31 32 33 35 36 38 39 40 42
7 32 34 38 40 10 12 16 17 42 20 21 22 23 24 25 28 29 36
8 9 10 11 14 15 16 20 22 23 25 27 29 30 34 35 39 40 41
9 10 11 12 13 14 15 19 21 25 26 27 29 30 31 33 34 35 36 42
10 38 42 39 13 14 16 19 20 22 41 24 26 27 29 30
11 12 14 15 16 17 18 19 22 25 26 28 29 30 35 36 37 38 42
12 15 16 18 19 22 23 25 26 27 28 30 32 33 34 35 36 38 39 42
13 14 15 16 17 19 22 24 25 27 28 31 32 33 34 36 37 38 39 42
14 32 34 33 16 35 23 24 36 26 30 31
15 17 18 21 23 27 28 29 30 32 33 38 39 40 41
16 17 19 27 28 30 31 32 33 36 40 41
17 18 19 20 23 24 25 28 29 30 33 37 40 41 42
18 19 21 24 25 26 27 28 31 32 33 34 35 37 38 40 41
19 20 22 23 27 29 33 34 37 40 41
20 32 35 40 21 22 23 24 25 26 28 42 30
21 36 38 42 39 34 35 23 26 27 28 37
22 38 41 23 24 25 26 27 28 42
23 25 26 30 31 33 34 36 38 39 40
24 32 33 41 34 35 36 27 30 37
25 31 32 33 35 36 39 42
26 38 39 40 35 27 42 30 31
27 27 28 31 32 36 37 39 41
28 29 30 32 35 36 39 40
29 30 32 33 34 35 37 38 39 40 41 42
30 33 34 42 41
31 33 32 40 42 39 37
32 35 36 37 39 40
33 34 35 38 39 41
34 35 37 40
35 39 37
36 36 38 40 41 42
37 42
38 38 40 41
39 41
40
41
42
