#kunkel.py
# GMT Thu Mar 28 20:06:03 2019
# 
0 1 2 5 9 11 12 13 15 17 19 23 25 27 28 29 30 33 35 36 37 39 42
1 4 5 8 9 13 17 18 20 22 24 26 27 28 29 31 32 35 36 39 40 41
2 33 3 4 5 38 8 9 10 13 14 15 35 41 22 23 26 28 29 30 31
3 32 33 5 38 40 9 10 12 13 14 15 16 17 20 21 22 41 26 28 30
4 6 9 10 11 14 15 18 19 20 21 22 23 24 25 26 29 30 31 34 36 42
5 6 8 12 13 17 18 19 20 21 25 26 29 30 31 32 33 35 40 42
6 32 34 38 8 42 14 16 40 18 19 22 23 36 26 27 28 29 30 31
7 32 33 35 37 39 41 10 13 14 15 17 18 19 20 21 23 24 25 42 30 31
8 9 11 13 14 16 19 21 22 23 24 25 27 28 33 36 39 40 41
9 13 17 19 20 21 22 26 31 33 34 35 37 38 40 41 42
10 11 14 15 18 20 21 22 23 24 27 28 29 34 36 38 40 41 42
11 12 13 15 16 17 18 19 22 25 26 28 30 32 36 37 38 39 40 42
12 14 16 17 20 21 22 24 25 27 29 30 33 34 35 38 39 40 41
13 14 19 20 21 23 25 27 29 30 31 32 34 37 39
14 15 16 18 19 22 24 25 26 29 31 34 39 42
15 17 21 23 27 28 29 30 32 33 36 37 38 39 41 42
16 32 34 36 37 41 42 40 35 25 26 27 28 30 31
17 18 19 21 22 23 24 25 29 31 33 38 40 41 42
18 19 20 23 26 28 30 33 34 37 38 39 40 41
19 21 22 23 25 26 27 28 29 30 32 33 34 37 42
20 38 39 33 35 41 23 25 26 27 42 36
21 23 24 25 26 27 28 30 33 34 35 36 38 40 42
22 23 24 27 28 32 33 34 39 41
23 24 26 27 30 32 33 35 36 39
24 25 26 27 28 31 33 34 35 37 38 39 40
25 31 33 34 35 36 37 38
26 26 27 30 33 35 38 40
27 29 30 32 37 38 39 41 42
28 30 31 33 34 36 37 38
29 32 40 39 42 37 31
30 31 35 37 38 39 42
31 34 36 37 40 41 42
32 34 36 38 41 40 39 37
33 33 34 37 38 42
34 35 37 41
35 36 40 41 42 37
36 38 40 42 39
37 38
38 38
39
40 41
41
42
