#kunkel.py
# GMT Thu Mar 28 20:06:05 2019
# 
0 32 1 2 3 6 33 8 10 13 14 15 16 40 18 21 24 25 26 27 42
1 2 3 5 6 7 8 9 10 11 12 13 14 15 16 19 21 22 23 30 31 35 38 40 41
2 3 5 6 33 8 41 42 11 12 13 18 35 21 24 25 26 28 29 30
3 4 5 7 9 11 12 13 15 16 17 18 20 24 30 35 36 37 40 41
4 5 6 8 12 13 16 17 18 20 22 23 25 27 28 29 31 33 34 36 41 42
5 7 8 9 11 12 15 17 19 20 21 24 26 28 29 30 32 36 39 42
6 7 8 9 10 12 15 19 23 25 26 28 30 35 36 37 39 40 42
7 39 8 41 11 35 16 17 37 19 40 23 24 25 27 28 29 31
8 10 17 18 21 24 26 27 29 31 32 34 36 38 41 42
9 9 11 13 14 16 17 18 19 21 25 26 30 31 32 34 35 36 37 38 39 40 41 42
10 35 36 33 32 12 13 15 16 17 37 19 23 26 38 29 30 31
11 12 13 16 19 20 22 23 25 28 30 31 33 34 36 37 38 39 42
12 15 18 20 22 24 26 27 30 34 35 37 38 39 41
13 14 19 20 21 22 23 25 27 28 29 30 31 33 35 36 39
14 15 16 18 20 22 23 24 26 27 28 29 32 34 35 36 37 40 41
15 18 19 21 22 23 25 28 30 31 32 33 34 35 39 42
16 38 17 18 32 20 21 23 36 26 27 42 41
17 18 20 21 23 25 26 27 28 30 31 34 35 37 40
18 33 39 42 34 41 40 25 27 29 36
19 21 22 23 24 27 29 33 34 35 37 38 39 40 42
20 32 38 39 40 41 42 35 21 22 27 37 31
21 23 24 29 30 34 37 38 39 41 42
22 36 38 33 40 42 23 24 25 28 29 31
23 32 34 37 41 29 30 42
24 25 26 28 29 30 31 32 36 38 39 40
25 27 28 30 31 32 36 37 41 42
26 32 36 33 39 27 28 37 30 31
27 33 34 38 39 40 28
28 30 33 34 36 37 39 40
29 33 34 41 39 30 31
30 31 32 33 34 37 38 41
31 31 32 33 38 40 41
32 34 35 36 37 38 41 42
33 42 35 38 40 41
34 35 36 37 38 40 41
35 36 37 39 40 42
36 37 38 39
37 38 40 41
38 38 39
39 39 40 42
40 41
41
42
