#kunkel.py
# GMT Thu Mar 28 20:06:07 2019
# 
0 0 1 2 3 5 7 10 11 13 14 18 19 20 22 25 26 28 30 36 37 39 40 41
1 33 3 4 37 38 7 8 9 10 11 13 15 40 19 22 39 25 27 30
2 3 7 8 10 11 14 15 16 19 20 23 26 29 30 32 33 34 35 36 39 41 42
3 4 6 10 11 12 15 17 19 20 22 23 24 28 31 32 34 35 36 38
4 6 7 12 14 15 18 19 21 22 25 27 28 31 32 35 36 37 39 40 42
5 33 35 37 38 8 41 11 12 13 14 16 17 18 19 24 25 26 27 28 30
6 6 8 9 10 12 13 17 18 20 21 22 25 27 29 30 31 34 36 37 38 40
7 8 9 10 12 16 19 21 23 27 28 30 31 32 33 34 37 39 41
8 10 11 12 13 14 17 18 21 22 23 25 31 32 34 35 40 42
9 42 34 33 40 41 10 39 12 16 17 19 20 21 24 25 26 38 29
10 37 13 15 16 17 35 40 21 23 26 28 29 31
11 12 13 14 15 16 17 20 21 23 24 25 29 33 36 37 38 40 41 42
12 14 17 18 20 24 25 27 33 35 36 38 39 41 42
13 13 14 16 19 20 22 26 27 29 31 32 35 38 40 41
14 18 19 20 21 22 23 25 26 28 29 30 32 33 35 37 39 40 42
15 16 17 18 20 22 24 25 26 27 30 31 32 33 34 35 37
16 33 34 36 40 18 20 23 24 26 27 28 29 31
17 19 20 23 25 26 27 28 32 35 36 37 38 42
18 35 41 42 19 20 21 22 24 26 27 28 31
19 38 40 42 34 24 25 37 30 31
20 20 21 23 26 27 28 29 32 34 35 37 38 39 40
21 22 23 25 26 27 28 29 30 36 38 40 41 42
22 23 24 26 27 29 30 36 38 39 41 42
23 24 25 27 28 34 35 36 37 40 42
24 34 39 42 41 25 26 37 29 31
25 26 29 32 33 34 38 39
26 27 32 33 35 39 41
27 32 34 35 37 39 40 41
28 29 31 32 33 34 35 36 39 41
29 30 32 33 35 37 38 41 42
30 32 41 42 34 36 33 38 37
31 32 34 37 41 39 36 38
32 33 34 35 38 40 41
33 35 36 38 40 37
34 42 39 41
35 36 38 39 40
36 38 39 40 41
37 38 39 40 42
38 40
39 40 42
40 40 42
41 42
42
