#kunkel.py
# GMT Thu Mar 28 20:06:08 2019
# 
0 32 1 3 4 38 35 7 40 9 12 14 16 18 19 20 22 24 25 28 30 36
1 32 2 35 4 5 38 7 8 10 39 12 34 14 40 18 24 28 42 30 37
2 4 8 9 10 11 14 15 18 20 21 22 23 25 26 28 29 32 33 34 35 37 39 40 42
3 4 6 7 9 10 11 12 15 16 17 18 19 20 21 22 29 30 31 36 38 42
4 8 10 12 15 16 17 18 21 22 25 27 28 31 32 34 37 38 40
5 36 37 6 33 8 9 42 11 14 15 16 40 18 20 22 41 26 30 31
6 7 8 10 12 18 19 20 21 24 25 26 29 31 32 33 34 37 38 39 40 41
7 9 12 13 14 15 17 18 19 21 23 25 31 33 34 35 37 40 41
8 8 9 10 11 12 15 16 19 21 25 27 29 30 33 34 36 37 39 42
9 10 13 15 16 18 22 23 24 25 27 29 31 32 33 36 38 40
10 11 14 16 17 18 20 23 24 27 28 30 32 33 34 37 41
11 32 36 38 39 13 14 17 37 42 20 27 29 30 31
12 13 15 17 18 20 21 23 24 25 26 29 32 33 34 37 38 39
13 32 33 34 35 42 14 16 19 20 21 23 24 39 26 27 29 31
14 15 17 18 21 24 25 26 29 30 31 36 39 40 42
15 35 34 16 17 19 40 21 23 36 26 29 37
16 19 21 25 27 29 32 33 34 36 38 39 41 42
17 18 19 22 24 25 26 27 28 29 31 36 38 41 42
18 22 23 24 25 26 29 30 32 33 36 37 39 42
19 32 41 42 39 35 20 21 40 28 30 31
20 21 24 25 26 28 34 35 36 37 38 41 42
21 41 34 23 25 26 28 30 36
22 32 33 40 42 34 41 23 36 26 27 28 29 30
23 25 26 28 29 31 32 34 35 36 38 41 42
24 25 26 27 28 34 35 36 37 38 39 40
25 26 27 29 33 34 35 38 39 41 42
26 30 31 32 33 35 37 40 41
27 33 34 35 37 41 40 28 29 30 31
28 35 33 40 41 36 42 30
29 30 32 35 37 38 39 42
30 34 42 39 41 31
31 32 35 37 38 40 41 42
32 34 36 39 41
33 35 36 37 39 40 42
34 38 42
35 38 41 39 37
36 38 39 40
37 42
38 38 39 40 41 42
39 40
40 41
41
42
