#kunkel.py
# GMT Thu Mar 28 20:06:09 2019
# 
0 3 4 5 6 7 9 12 17 19 22 23 24 25 27 29 31 32 33 36 37 39 41
1 32 35 5 39 8 9 42 11 14 15 17 18 21 23 24 25 26 28 37 31
2 3 4 5 6 10 12 15 18 19 22 24 26 27 28 30 31 33 34 35 36 38 42
3 5 6 8 9 14 19 20 21 23 25 26 27 29 30 35 36 37 38 39 41
4 8 9 10 11 13 14 15 16 18 22 23 25 26 28 31 33 36 40 41 42
5 32 33 38 7 8 9 10 39 12 13 16 18 23 24 26 27 37
6 7 8 10 12 14 15 16 17 18 20 22 23 24 26 27 28 29 33 35 36 37 38 39
7 8 9 10 11 13 14 15 18 21 22 24 25 27 29 33 34 35 36 37 38 41
8 9 11 14 16 17 18 19 20 23 25 28 33 36 37 38 40
9 12 13 17 18 19 20 22 27 28 29 30 32 33 35 41
10 12 13 15 18 19 21 22 23 25 28 29 30 32 37 39 40 42
11 13 15 19 20 21 22 23 25 26 27 28 32 33 35 36 37 39 41
12 15 16 17 21 22 23 24 25 26 27 29 32 34 35 40 41 42
13 32 34 38 40 14 15 18 19 21 36 26 29 37
14 14 16 18 19 20 21 23 25 27 29 30 33 34 35 37 38 40
15 15 17 19 20 22 25 27 31 32 36 37 38 39 41
16 18 19 22 24 27 29 31 33 34 35 37 38 39 40 41 42
17 35 36 38 32 41 39 40 19 21 23 24 26 42 31
18 35 42 21 22 24 36 27 29 30
19 20 21 22 26 29 30 31 33 34 35 38
20 22 23 25 27 28 29 30 31 32 34 36 38 41 42
21 32 37 38 40 41 22 23 28 30 31
22 27 28 29 30 33 34 35 37 39 40 41
23 39 35 25 26 27 29 31
24 32 36 34 39 25 26 38 28 29 30 31
25 25 27 29 33 34 39 40 42
26 27 28 29 31 34 35 36 37 40
27 28 30 34 35 36 39
28 33 41 39 36 42 30 31
29 30 31 33 34 37 41 42
30 42 36 37 39 40 34 31
31 37 38 41 42
32 33 34 35 36 37 38 39 40 42
33 33 36 38 39 40 41 42
34 35 37 38 40 39
35 36 39 40 42
36 37 42
37 40 41
38 41 42
39 42
40 41 42
41 42
42
