#kunkel.py
# GMT Thu Mar 28 20:06:10 2019
# 
0 32 34 4 5 6 39 8 9 42 15 40 18 21 22 24 36 38 28 30 37
1 2 4 5 6 11 14 15 18 21 24 25 26 27 28 29 30 31 33 34 35 36 41
2 2 3 5 6 9 10 11 12 13 14 16 18 20 23 24 26 27 32 33 34 35 36 37 38 39 41
3 3 5 6 12 13 15 16 19 21 22 23 24 25 27 31 34 38 39 40 41 42
4 34 36 37 38 33 40 41 11 12 13 14 20 21 39 25 26 27 29 30
5 6 7 8 9 11 12 13 15 19 20 23 24 26 29 30 34 35 36 37 40 41 42
6 6 7 13 14 16 18 19 21 23 24 25 28 29 30 32 33 37 38 41
7 10 11 12 14 15 17 18 19 20 22 23 24 26 29 30 32 34 36 38 39 42
8 42 35 36 40 9 10 11 12 13 14 17 18 19 20 21 24 26 29 37
9 11 12 13 14 15 16 17 22 24 25 26 28 29 30 31 32 34 38 39 42
10 36 38 42 11 13 14 17 18 20 21 22 23 24 39 27 28 30 31
11 13 16 17 18 20 22 23 25 28 29 34 37 40 41
12 13 14 15 17 19 20 21 22 24 26 27 30 32 33 34 36 37 38
13 16 19 22 26 27 29 30 31 34 36 37 38 39 41 42
14 15 16 19 20 23 26 31 32 33 38 39 41 42
15 34 35 38 41 16 17 19 20 21 23 27 42 30
16 18 20 21 22 23 26 27 28 29 32 35 36 39 40 41
17 32 33 35 40 18 20 21 23 24 25 26 27 42
18 18 19 21 25 26 27 28 32 33 37 39 42
19 20 22 25 26 28 31 35 36 37 39 40 41
20 21 28 29 30 33 35 38 39 41
21 23 24 25 28 34 35 36 37 40
22 32 34 38 40 42 28 29 30 31
23 27 30 31 32 34 35 36 37 40 41
24 27 30 31 36 37 38 39 40 41
25 32 38 33 42 35 39 27 28 29 31
26 27 28 31 33 36 37 40 41
27 32 37 35 28 30 31
28 29 30 31 34 36 37 42
29 32 33 35 36 39 40 41 42
30 38 41 32 37
31 32 34 36 37 33 39 41
32 33 35 37 40 41
33 37 39 40 41 42 34 38
34 35 37 40 42
35 36 39 41 42 40
36 38 39 40
37 41 42
38 38 39 40 41 42
39 40
40
41
42
