#kunkel.py
# GMT Thu Mar 28 20:06:16 2019
# 
0 3 5 6 7 8 9 10 11 12 14 16 17 19 20 21 22 24 25 26 27 30 31 32 33 34 35 36 38 39 40 41 42
1 1 2 4 6 7 9 10 11 12 14 15 16 17 20 21 23 24 25 26 27 28 29 30 31 32 33 34 35 37 38 39 41 42
2 3 5 6 8 9 11 12 13 14 15 16 17 18 19 21 23 24 25 26 27 28 29 30 31 32 34 35 36 38 39 40 41
3 5 6 9 13 14 16 17 18 20 21 23 24 25 26 27 29 30 31 32 33 34 35 36 38 39 40 41 42
4 5 6 7 9 10 11 12 13 14 15 16 19 20 22 23 24 25 27 28 30 31 32 33 34 35 36 37 38 39 40 41
5 7 12 13 14 15 17 19 20 21 22 24 26 27 29 30 32 33 34 36 38 40
6 7 10 12 14 15 16 17 18 19 20 22 30 32 33 34 35 36 39 42
7 8 10 11 13 14 16 18 21 24 28 29 31 33 34 36 38 40
8 32 34 37 41 40 9 10 11 13 14 16 17 19 20 21 23 42 30
9 9 10 11 12 13 15 16 17 22 23 28 30 32 34 40 41 42
10 12 14 16 17 18 19 21 28 30 31 33 34 36 38 41 42
11 15 16 18 22 23 24 25 28 30 31 33 35 37 38 39 41
12 12 13 14 16 18 20 22 24 25 27 28 30 33 34 36 37 38 39 40 42
13 13 15 16 18 20 21 22 23 26 27 28 31 36 38 39 41
14 14 17 18 20 24 25 26 29 30 31 33 34 35 36
15 32 33 17 18 20 21 41 24 25 27 28 37 31
16 19 21 23 24 25 27 29 30 35 36 37 38 40
17 38 41 35 20 21 23 26 27 28 37
18 21 22 23 27 29 32 33 34 35 36 37 41
19 32 39 34 40 20 23 24 25 26 38 28 42 36
20 21 22 23 25 26 27 29 33 34 35 38 41 42
21 22 23 24 26 27 30 31 34 36 37 42
22 23 24 26 30 31 34 35 36 37 39 40 42
23 24 26 28 29 30 32 38 40
24 25 27 31 32 33 34 37 39
25 25 27 28 29 30 31 33 34 36 40 41
26 38 32 42 33 29 31
27 28 29 30 31 32 33 35 36 37 38 39
28 29 30 32 33 36 38 39 40 42
29 36 40 42 39 33 35 30
30 32 36 39 42
31 32 34 37 38 39 41 42
32 33 34 35 36 37
33 35 38 40 41 42
34 37
35 36 37 38 39 40 41
36 37 39 42
37 38 39 40 41 42
38 39
39 40 41 42
40 41 42
41 42
42
