#kunkel.py
# GMT Thu Mar 28 20:06:20 2019
# 
0 3 4 5 6 7 8 9 11 12 13 15 16 17 21 22 26 29 30 31 33 34 37 38 39 40 42
1 32 35 4 5 39 8 13 14 15 40 18 19 21 22 23 27 28 37 30 31
2 3 4 9 10 12 14 16 17 18 21 23 25 26 27 29 31 32 33 34 36 37 39 40 41 42
3 3 5 6 7 8 10 11 13 16 19 21 23 25 26 29 31 32 33 34 36 37 38 39 40 41 42
4 6 8 11 12 13 14 19 21 24 25 27 29 30 35 36 37 38 39 40 41 42
5 9 10 13 16 18 19 20 21 22 23 24 25 26 29 30 31 33 34 36 37 38 42
6 6 7 8 9 10 12 14 18 20 21 23 24 26 27 29 31 32 33 34 35 37 40 41 42
7 9 12 16 17 18 19 22 23 27 28 30 33 34 35 36 37 38 39 40 41 42
8 9 10 11 14 15 17 18 21 25 28 30 31 32 34 35 36 37 38 40 41 42
9 12 13 15 16 19 21 22 23 24 28 33 34 35 36 37 38 39 40 41
10 11 14 15 16 17 18 20 21 22 23 24 25 26 30 33 34 36 37 38 39 40 41
11 12 13 15 20 21 24 26 27 28 29 30 33 34 36 37 38 39 40 41
12 13 15 20 23 25 27 28 30 32 33 34 37 40 41 42
13 16 17 20 22 23 24 25 26 29 31 32 34 35 37 38 39 40 41 42
14 16 19 20 22 24 25 26 30 31 33 34 35 38 39 40 41 42
15 16 19 21 22 26 28 29 30 32 33 34 36 37 38 39 41 42
16 17 19 25 26 27 28 29 32 33 35 36 37 38 39 40 41 42
17 18 20 25 26 31 32 33 34 35 36 37 38 39 40 42
18 20 22 23 24 28 29 30 31 32 33 34 35 36 37 38 39 40 41 42
19 19 20 22 25 26 28 32 33 34 35 36 37 38 39 40 41 42
20 23 24 25 28 30 32 34 35 36 38 39 40 41 42
21 22 24 26 27 28 31 32 33 35 36 37 38 39 40 41 42
22 26 31 32 33 34 35 37 39 40 41 42
23 23 25 27 28 29 30 31 33 34 35 36 37 39 40 41
24 25 26 27 28 29 32 33 35 36 37 39 40 42
25 26 28 31 33 36 38 39 41 42
26 29 31 33 34 35 36 37 38 40 42
27 28 30 31 32 33 34 35 36 37 38 39 40 41 42
28 31 32 34 35 38 39 42
29 30 32 33 34 35 37 38 39 40 41 42
30 31 33 35 36 37 38 40 41
31 34 36 37 39 40 41 42
32 35 37 38 39 40 41 42
33 34 36 39 40
34 35 37 39 42
35 37 38 39 40 41
36 38 39
37 39 40 41 42
38
39 40
40 42
41
42
