#kunkel.py
# GMT Thu Mar 28 20:06:21 2019
# 
0 1 2 4 5 6 7 8 9 12 13 14 18 21 22 29 30 31 34 35 36 37 38 40 41
1 3 5 6 7 9 10 13 14 16 17 19 21 22 24 25 28 29 30 31 33 34 35 36 37 38 39 40 41 42
2 3 4 5 6 8 9 10 13 16 20 21 23 25 26 27 28 30 31 32 33 35 36 37 39 40 42
3 6 7 8 11 12 14 15 17 19 20 22 23 24 25 26 27 28 31 32 33 34 35 36 37 39 41 42
4 6 11 14 15 18 19 21 22 23 24 25 26 27 28 29 33 35 36 37 38 39 41 42
5 6 7 9 10 11 12 14 15 16 19 21 24 25 26 27 28 29 30 31 32 35 36 37 38 39 40 42
6 7 8 9 14 17 18 20 24 26 27 30 35 36 37 38 39 41 42
7 9 11 16 17 20 21 22 23 24 25 26 27 28 31 32 33 36 37 38 40 41 42
8 9 14 15 16 17 18 19 21 22 23 24 25 27 30 31 32 33 34 35 36 37 38 39
9 10 12 15 17 18 20 22 23 24 27 28 29 30 31 32 34 36 37 39 40 41 42
10 13 14 15 17 18 23 24 25 27 30 31 32 33 34 35 36 37 38 39 41 42
11 13 14 19 20 21 23 24 25 26 27 28 30 31 32 35 36 38 39 40 42
12 13 15 16 19 20 21 22 24 25 26 27 28 29 30 31 32 33 34 36 37 40 41 42
13 17 18 19 20 22 23 25 26 27 28 29 30 31 32 34 35 36 38 39 41 42
14 15 16 19 23 27 28 29 30 31 33 34 35 38 39 40 41 42
15 20 22 25 26 27 28 29 30 31 33 34 36 37 38 39 40 41
16 19 21 23 25 26 27 28 29 30 31 32 33 34 35 36 37 38 39 40 41 42
17 18 19 22 24 25 26 28 29 30 31 32 33 34 35 36 38 39 40 41 42
18 19 22 24 25 26 27 28 29 30 33 34 35 36 37 38 40 41 42
19 20 21 22 24 28 29 30 33 34 36 37 38 40 42
20 21 24 25 26 27 28 31 32 33 34 36 37 39 40 41 42
21 22 24 25 27 29 30 32 33 35 36 37 38 40 41 42
22 24 25 26 28 29 30 31 32 33 34 35 37 38 40 41 42
23 24 25 26 27 28 29 30 31 32 33 34 38 39 40 41
24 25 27 29 31 32 34 35 36 37 38
25 27 28 30 32 34 37 39 40 41 42
26 27 28 30 33 34 36 37 38 39 40
27 29 31 32 34 35 36 37 38 39 40 42
28 28 29 30 31 34 35 36 37 41 42
29 30 32 33 34 35 36 37 40 41 42
30 36 37 38 39 40
31 32 33 35 36 39 41
32 33 37 40
33 38 39 40 41 42
34 34 35 36 37 38 40
35 36 38 39 40 41
36 38
37 37 38 39
38 40
39 41 42
40 40 41
41 42
42
