#kunkel.py
# GMT Thu Mar 28 20:06:23 2019
# 
0 1 3 4 5 7 8 9 11 12 13 14 18 20 22 23 24 25 26 28 29 30 32 34 35 36 38 39 40 41 42
1 2 3 4 6 7 8 9 12 13 14 15 16 17 18 20 21 25 27 28 29 30 31 32 33 34 35 36 37 40 41 42
2 4 5 6 8 9 10 11 13 14 16 17 18 19 20 21 22 23 24 25 27 28 29 30 31 32 33 34 35 37 38 39 40 42
3 4 6 8 9 10 11 12 13 14 15 16 17 18 19 20 21 22 23 24 25 27 29 31 33 34 35 39 40 41 42
4 6 7 9 12 13 16 17 18 19 20 21 22 26 27 30 31 32 33 34 35 36 37 38 39 40 41 42
5 9 10 11 13 15 17 18 19 20 21 22 23 24 25 26 28 29 30 31 33 34 35 36 38 40 41 42
6 8 9 10 11 12 14 15 16 17 18 19 20 21 23 25 26 27 28 29 32 33 35 36 37 38 40 41 42
7 9 10 11 12 13 14 15 16 17 18 19 20 21 22 23 24 27 28 29 30 32 33 34 35 37 38 39 41
8 9 10 11 12 13 14 15 17 18 19 20 21 23 25 26 27 28 29 31 34 35 36 38 39 42
9 9 10 11 12 14 15 16 18 23 25 27 28 30 32 35 37 38 42
10 10 11 13 16 19 20 21 22 24 25 27 28 30 31 35 37 38 39 40
11 12 13 15 16 18 23 27 28 29 30 31 33 35 38 39 40 42
12 14 15 19 21 22 23 24 25 26 28 30 33 36 37 42
13 13 14 16 17 18 20 21 22 24 25 28 29 30 37 39 40 42
14 16 19 20 21 22 23 25 26 34 36 37 40
15 17 19 22 23 29 30 32 33 35 36 39 40 41
16 19 25 26 27 28 29 30 31 36 37 38 40 41
17 19 21 22 24 25 28 29 30 31 32 34 36 39 41
18 19 23 24 25 29 30 31 33 34 35 37 38 39 42
19 23 24 25 26 31 32 35 36 38
20 23 24 28 29 30 32 34 36 39 40 41
21 22 23 26 27 29 34 36 37 38 39 40 42
22 26 27 28 29 31 32 33 34 35 37 39
23 24 25 27 30 31 36 37 38 41
24 24 25 26 27 28 30 31 32 34 35 37 41
25 27 31 32 33 39 40 41 42
26 32 34 35 38 40 36 27 28 31
27 29 31 32 33 38 39 40
28 30 31 32 39
29 30 31 33 34 35 38 39 40 41
30 31 34 36
31 33 34 35 36 40 42
32 34 36 37 38 39 41
33 37 38 42 35 41
34 37 38 40 41 42
35 37 40 41
36 37 38 39 40 41 42
37 39 40 41 42
38 41
39 41 42
40 42
41
42
