#kunkel.py
# GMT Thu Mar 28 20:06:27 2019
# 
37 17 21 8 29 4 16 1 3 40 14 7 22 11 32 0 28 25 24 10 6 18 35 41
42 17 20 40 5 8 23 4 16 30 39 1 27 14 36 22 29 15 34 24 10 6 25
17 32 17 5 8 16 30 39 1 27 38 36 26 22 2 9 25 28 33 24 18 35 41
20 30 36 14 7 22 33 11 26 9 4 31 8 19 0 10 6 18 23 29 34
30 21 8 13 16 5 1 27 38 26 32 29 28 33 24 10 6 18 35 41
21 21 8 19 0 16 23 12 40 3 27 14 7 15 9 29 34 24 6 18 41
8 32 8 31 19 4 39 22 12 1 38 3 27 7 15 11 26 0 28 24 6 35
31 2 4 16 5 39 40 3 0 14 36 15 11 32 9 13 38 33 24 35 41
29 2 4 16 34 39 12 1 3 40 36 26 22 32 13 33 18 35
19 39 3 40 36 7 5 11 32 13 0 6 18 23 35 12 25 28 27
23 36 14 7 9 11 34 15 33 24 16 28 18 39 12 27 38
4 0 16 28 34 39 12 3 38 36 26 22 11 32 9 15 33 10 35 41 25
27 32 14 26 15 11 2 9 28 13 16 34 1 25 40
16 2 39 28 12 1 36 26 15 11 7 9 25 10
34 3 41 14 26 9 39 32 33 15 10 28 12 1 38
32 5 13 39 12 38 26 15 2 9 22 10 6 35 25
5 3 1 14 26 15 0 22 33 24 10 18 39 12 41 25
39 2 12 1 38 3 14 26 7 28 24 36 35 25
22 13 1 12 3 36 7 15 11 0 28 25 24 10 6 35
13 3 2 40 7 11 28 0 24 26 18 35 12 1 38
1 12 38 36 7 11 9 0 24 6
12 40 3 38 0 26 33 24 6
40 38 3 0 14 26 15 2 9 25 10 6 18 41
3 28 14 7 15 11 9 24 41 25
14 0 28 36 26 11 33 6 18 35 41
36 41 11 9 0 6 35 25 38
26 0 11 33 28 10 6 41
15 2 38 0 15 11 33 10 6 18
33 2 11 7 28 24 10 6 35 41
11 7 6 35 25
7 38 2 25 24 10 6 18 41
9 35 2 24 10 18 41 38
0 28 25 24 10 18
38 2 28 10 6 18 41 25
28 35 41 25
25 2 41
24 18 10
10 2 6 18
6 2 35
18 35
35 2 35
41 2
2
