#kunkel.py
# GMT Thu Mar 28 20:06:30 2019
# 
26 41 17 14 7 33 9 27 2 21 34 31 29 28 25 24 6 5 12 1 36 40
42 32 20 21 8 31 29 19 4 16 5 23 12 1 3 27 14 37 15 2 9 0 28 34 24 6 18
17 36 14 15 21 18 9 34 8 19 22 0 10 6 35 23 16 12 41 25
20 2 8 19 23 13 39 12 38 3 27 36 7 22 32 9 29 33 24 6 18 35
40 30 32 4 36 14 33 9 11 5 21 13 31 37 0 24 34 18 23 12 1
5 2 31 29 19 4 16 32 39 1 38 27 0 15 7 9 13 37 34 24 6 18
21 37 19 13 16 30 12 0 36 1 3 27 14 7 32 9 29 28 25 24 10 18
8 0 14 7 15 22 11 2 4 31 19 37 33 10 36 23 16 41 25
31 29 19 4 16 28 39 1 3 38 14 15 11 13 22 25 6 18
29 2 19 23 4 16 39 13 12 36 7 9 0 34 24 10 41
19 22 9 4 37 0 24 16 28 39 35 13 41 38
23 30 3 14 11 32 9 15 34 24 10 25 18 39 41 36
4 32 0 34 1 38 27 36 7 22 11 2 37 33 24 18 25
27 41 2 32 14 7 25 22 24 34 18 39 35 30 1 28
16 2 13 39 12 1 3 36 14 7 11 32 37 10 35
28 13 34 30 39 12 1 36 15 11 32 25 37 33 6 35 41
32 30 39 12 1 38 3 14 7 15 2 13 24 10 41
30 39 36 7 15 11 2 33 0 24 35 12 41 38
39 3 14 7 11 22 0 18 12 34 37
24 13 12 3 36 22 9 33 18 35 41
12 0 1 38 22 11 2 15 33 10 18 41
1 37 38 3 36 15 7 9 34 33 10 6 18 35 41
38 2 13 3 38 36 15 11 9 0 22 10 6 35 41
3 2 13 34 36 7 11 25 33 10 6 18 35
0 14 22 2 33 37 34 6 36 35
36 7 15 9 34 18 41
14 2 22 11 34 37 6 18 13
7 22 11 9 37 10 6 35
22 15 11 6 25 13 41
11 2 9 25 37 33 15 41
2 15 9 34 6 35 25
9 13 15 25 10 6
33 37 41 13 10 18 35 25
37 34 13 15 10 18 41 25
34 15 25 6 35
15 13 10 35
10 6 18 35 41 25
6 41 35 25
18 25 35
13 25 35
35 25
41
25 25
