#kunkel.py
# GMT Thu Mar 28 20:06:31 2019
# 
37 30 3 2 17 36 26 22 40 11 5 9 29 38 19 13 34 32 18 35 41 27
2 3 17 14 28 20 21 11 42 9 13 0 27 6 30 23 35 41 40 38
17 41 4 40 15 32 13 31 42 0 24 16 6 5 39 12 1 29 30 38
20 31 42 16 28 30 12 38 3 27 36 26 22 11 7 29 15 33 10 6 35 25
30 21 31 19 39 4 16 23 12 38 3 36 14 11 9 34 25 24 10 6
21 32 31 29 19 23 0 39 38 27 36 26 15 35 25 28 33 10 18 7 41
8 3 40 14 7 32 9 13 29 19 23 4 10 18 16 39 35 12 1 25 28 27
31 32 42 4 34 23 12 1 3 0 36 14 7 15 26 9 29 28 25 10 6 18 41
14 5 42 19 23 4 16 39 3 38 26 22 7 13 34 6 35 41 25
19 42 29 19 4 16 28 39 22 13 1 40 0 38 26 15 32 33 34 10
39 40 13 16 23 1 38 26 36 7 15 32 0 28 25 24 10 6
4 5 4 1 40 3 0 36 7 22 11 42 13 28 24 10 18 41
42 26 7 40 11 34 22 10 6 18 28 35 12 41 27
16 13 16 34 23 38 36 7 22 11 26 9 0 33 6 18 41
34 5 28 23 1 40 36 7 15 9 29 33 24 10 6 41
5 40 27 12 38 3 0 36 22 32 9 29 33 24 10 18 35 25
23 29 13 12 1 27 26 15 11 9 0 25 24 10 6 35 41
12 29 13 1 3 26 15 32 0 28 33 24 6 18 35
1 38 3 27 36 7 15 26 9 0 22 33 24 10 41 25
29 13 3 26 27 36 7 11 32 9 33 35 41 25
28 3 15 11 32 9 13 22 24 10 35 41
27 33 26 9 11 15 25 6 18 22 38 40
35 32 22 36 38 40 15 10 6 18 41
3 40 38 26 22 0 24 18 7 41
40 36 15 33 11 13 0 18
36 13 26 15 11 32 22 18 7 25
26 13 38 0 7 15 11 9 22 10 18
22 7 15 11 9 0 24 10 6
33 7 15 11 18 9 0 13 24 10 38
11 0 32 13 7 24 25
32 0 24 10 6 41 25
9 13 9 0 10 18 7 41
0 25 24 6 41
38 41 25 24 10
15 7 24 6
25 7 24 6 18
24
10 18 41
6 7 18
18 7 13
13 7
7 7
41
