#kunkel.py
# GMT Thu Mar 28 20:06:31 2019
# 
42 37 4 17 7 20 11 21 13 31 28 0 24 10 34 18 23 16 12 1 25 40
17 2 8 16 28 5 12 1 14 36 7 15 11 32 29 37 25 24 10 18 35 41
20 2 21 19 13 28 30 39 12 1 27 36 7 22 11 32 0 37 34 24 10 6
40 41 3 4 27 37 22 33 2 9 13 8 19 28 0 6 18 35 12 1 38
5 2 21 31 29 4 16 34 30 39 12 27 38 14 26 11 7 9 25 33 6 35 41
21 31 19 4 16 30 39 13 12 38 3 27 14 26 15 2 29 25 18 41
8 30 3 1 18 26 22 32 4 29 2 13 27 10 6 34 39 23 41 36
31 2 23 4 28 39 12 1 3 27 14 26 22 11 7 9 33 37 25 6
19 3 4 36 22 15 11 26 9 34 33 6 18 39 35 12 27
39 37 2 16 30 23 12 1 3 7 15 32 29 22 33 24 10 35
0 36 16 34 30 7 27 14 26 15 11 32 29 38 37 25 24 10 18 35 41
16 13 34 1 26 38 7 22 11 32 37 33 10 6 35 41 25
34 29 4 23 1 38 3 36 14 26 22 32 13 33 6 18 7 41 25
30 2 13 1 3 36 7 15 11 32 9 29 24 10 6 18 41
23 2 29 13 12 1 38 36 26 15 7 9 4 10 6 35 41 25
22 13 22 12 1 36 38 27 14 7 15 11 4 28 33 18 35 41
12 38 15 2 25 28 33 24 10 6 35 41
1 4 38 7 11 26 9 25 24 10 6
36 14 33 32 9 4 24 10 6 35 41 25 27
28 3 32 26 15 11 2 13 4 24 37 35 29 25
38 37 41 27 14 26 15 9 2 13 29 33
3 4 3 26 14 7 11 32 29 33 24 10 18 41
26 11 2 33 37 24 10 6 35 41
4 4 27 14 7 9 33 24 10 6 25
27 14 37 18 24 35 41 29 25
14 29 7 11 32 9 13 24 10 6 41
7 37 2 7 15 32 9 33 24 10 18 41
15 13 9 37 33 10 6 18 35 41 25
33 11 32 9 25 24 10 18 41
11 35 32 9 10 18
32 2 9 13 37 35 25
9 13 29 37 6 35
29 13 2 37 24 18 35 25
37 13 37 24 6 35
25 10 18
24 10 6 35 41
10 2 41
6 13 18 41
18 2 35 41
13 2
35
41 2
2
