#kunkel.py
# GMT Thu Mar 28 20:06:31 2019
# 
36 2 21 8 29 13 30 12 1 38 27 14 7 22 32 9 4 37 33 24 10 6 25
32 2 17 20 21 31 4 16 34 30 23 40 3 0 14 26 15 33 11 7 13 22 25 10 18 41
17 39 3 4 38 7 15 11 2 13 20 0 24 6 5 23 35 12 34 28 27
8 26 42 38 7 20 11 2 13 31 19 22 4 16 28 18 23 12 1 25 40
40 42 31 16 28 34 23 12 1 3 26 27 14 7 22 29 37 25 24 10 18 41
30 2 20 21 31 42 19 13 16 34 39 12 1 27 14 26 22 4 37 33 24 10 35 41 25
21 37 38 26 15 11 2 33 31 19 39 0 24 16 28 5 23 35 1
34 2 42 19 13 27 12 38 26 15 7 0 28 33 10 6 18 35 41 25
31 2 20 19 23 39 12 1 38 3 27 15 9 33 22 25 6 35 41
42 3 41 27 14 26 22 33 11 2 13 37 0 16 6 12 29 25
19 2 29 39 4 16 23 1 27 14 26 15 7 0 28 24 6 25
39 3 41 14 20 5 4 22 13 24 16 18 35 12 1 25 38
0 13 28 5 12 1 27 14 26 15 11 7 9 29 22 33 18
16 37 5 23 4 3 27 26 22 7 38 15 6 18 35
28 14 7 11 2 9 4 24 10 6 5 23 35 38
5 3 1 38 14 7 20 27 11 4 22 33 24 37 41
23 12 1 27 3 14 7 15 9 25 10 18 35 41
13 20 4 12 26 38 7 22 11 9 33 24 6 35 41
1 20 29 4 12 38 7 15 33 10 35 41
12 14 37 24 6 38 41 29
38 22 3 15 2 37 33 10 6 41
37 2 27 14 26 22 35 11 15 33 24 10 18
3 27 18 11 9 4 29 33 24 6 41 25
4 2 27 14 26 15 29 33 6 25
27 20 22 29 33 24 18 35 41
14 20 22 15 9 29 25 24 6 18 41
26 2 20 7 15 9 33 10 18 35 41 25
15 20 11 29 33 10 6 18 25
11 2 9 33 20 10 6 22 41 25
7 2 20 9 18 24 22
9 20 33 2 29 10 6 18 35 41 25
29 22 24 10 6 35 25
22 20 25 10 18 35 41
33 10 18
24 25 10 6 18
10 41 35 25
6 20 2 35
25 20 35
18 2 20 35
35 20
41 2
2 20
20
