#kunkel.py
# GMT Thu Mar 28 20:06:32 2019
# 
37 30 26 17 14 7 15 9 2 21 34 31 42 28 13 24 16 32 5 35 40 27
32 2 17 19 4 16 34 30 12 1 27 3 32 36 26 22 7 9 13 33 24 10 6 41
17 20 8 19 13 34 39 12 1 40 38 14 28 15 11 9 4 33 24 6 35
20 30 3 14 28 5 9 8 31 29 23 33 10 18 39 16 12 1 36 40
40 42 21 8 19 16 30 39 12 27 3 38 14 7 26 29 33 10 41 25
30 3 42 36 28 22 33 9 25 31 13 24 6 18 23 41 38
21 2 8 29 4 42 16 28 1 14 36 26 22 11 7 9 0 38 33 18 41
8 1 36 26 15 33 11 42 14 13 31 29 19 34 6 18 35 41
31 3 42 38 14 7 15 33 2 29 19 4 10 5 23 22 12 41
29 19 4 16 23 22 12 1 27 7 15 11 34 28 33 35 41 25
19 2 5 4 16 34 23 27 3 0 38 36 25 28 33 24 35 41
39 3 26 14 7 11 2 34 18 33 24 10 6 5 28 16 12 36 27
13 2 4 16 12 1 27 36 14 26 15 9 0 34 10 18 35 41 25
42 5 4 38 3 27 28 22 11 9 34 33 15 10 24 35 25
16 23 28 5 27 0 26 11 9 33 24 10 6 41
28 4 12 1 3 0 38 36 7 11 2 24 35
5 4 5 1 38 3 27 14 7 22 11 2 9 34 6 36 35
23 4 34 1 3 0 36 14 7 15 26 9 22 33 24 35 25
12 3 2 4 38 15 0 27 10 18 34 22 1
1 34 3 27 14 15 11 0 25 24 10 6 18
34 14 36 22 9 4 34 6 18 35 25
7 4 22 3 38 14 26 15 11 9 25 10 6 18 35
27 2 4 38 14 26 22 11 33 24 10 6
3 26 18 9 25 4 6 38
41 14 22 35 11 2 4 0 6 18 10 25
4 2 14 11 9 25 33 10 36 35
38 0 36 26 15 22 25 24 6 18
36 22 14 26 15 11 2 0 24 10 18
26 15 11 0 10 18 25
15 14 11 2 0 10 35 25
33 11 24 6 18 35
11 2 14 24 10 6 18 35 25
2 22 0 25 24 6 18 35 14
9 14 22 24 18 35 25
0 14 22 24 6 18
22 10 6 35
25 24 10 6 35
24 24 18 35
10 14 35
6 14 35
18
35 35
14
