#kunkel.py
# GMT Thu Mar 28 20:06:33 2019
# 
37 20 40 21 8 19 4 16 30 39 22 12 1 38 3 27 14 7 15 11 42 9 29 28 25 6 41
26 2 17 8 31 42 4 16 30 23 27 40 7 15 11 32 29 34 6 18 35 41 25
2 30 17 36 7 22 32 9 13 8 28 0 27 10 18 35 12 1 40
17 30 3 27 20 33 11 32 9 13 19 22 34 24 16 6 18 23 12 28
20 42 36 7 5 21 32 9 8 29 19 23 13 24 16 34 18 39 41 40
7 40 5 21 8 4 30 39 22 38 3 27 15 11 29 33 18 35 41 25
5 31 19 13 34 23 1 38 14 22 11 42 9 4 28 33 24 18 35 41 25
21 42 31 19 23 16 30 39 1 3 27 36 15 32 25 24 10 6 18 35
8 31 42 19 4 28 32 30 23 38 27 15 9 34 24 6 18 35
31 3 42 4 15 30 13 19 28 0 16 34 39 35 12 1 29 25
42 0 16 28 39 3 14 15 11 34 33 10 6 18 41 25
19 40 23 13 16 39 1 38 36 14 28 15 0 10 6 18 41
23 36 3 14 11 30 9 4 13 24 6 35 1 25 27
4 0 16 12 1 3 36 15 11 32 9 29 33 24 6 18
16 3 41 40 15 29 34 24 10 28 35 12 1
34 36 22 40 11 18 29 24 10 39 12 41 27
30 39 0 28 12 1 27 36 15 9 29 22 25 10 6 41
39 38 14 9 11 33 22 0 24 10 18 1 40
12 29 1 3 0 27 14 15 32 9 13 22 33 35 41 25
1 40 3 27 14 22 32 0 28 33 24 6 36 25
29 3 27 36 22 11 32 9 13 10 35 14 25
36 3 15 11 32 33 22 10 6 18 35 41 25
27 13 3 40 14 0 28 33 24 10 6 18
3 40 38 15 32 9 33 10 41
0 41 32 40 14 13 9 33 15 6 18 38
40 13 32 38 15 11 24 10 35 41
14 13 22 32 9 25 15 10 24 35 41 6
28 32 13 38 22 11 33 10 6 18 35
15 38 22 11 33 10 6 41
11 38 33 24 6 35 25
32 38 9 33 24 6 41 25
9 38 24 10 18 25
13 33 18 6 35 41 25
38 22 25 33 24 10 6 35 41
22 41 33 10 6 35
33 24 6
24 35
10 25 18
6 35 41 25
18 41 25
35 25
41
25
