#kunkel.py
# GMT Thu Mar 28 20:06:33 2019
# 
37 42 8 31 19 4 16 34 39 12 1 3 36 14 26 15 2 29 22 33 24 10 18 35 41 25
32 2 20 40 21 8 31 4 39 12 38 3 27 36 26 7 13 28 34 10 6 35 25
17 20 21 31 4 16 30 23 40 3 0 38 36 26 2 9 13 33 24 10 18 35 41 25
20 30 3 7 21 11 2 9 31 42 19 16 6 5 39 35 12 41 40
40 30 3 14 26 11 18 9 25 31 29 19 13 42 16 5 38 41 27
27 36 42 14 26 15 35 11 9 8 19 4 24 10 6 5 23 16 34 25
5 3 26 38 14 7 15 21 22 2 9 4 19 33 10 18 35 12 1
21 8 4 34 30 39 12 0 3 26 14 7 15 11 9 13 28 33 41
8 31 29 39 4 16 28 30 23 13 38 26 14 7 9 25 33 6 36 35
31 2 29 4 28 34 22 14 26 15 7 9 0 33 10 6 18
29 29 19 4 28 30 39 13 12 3 14 26 42 9 0 33 10 6 18 25
19 3 26 14 36 7 11 42 22 34 16 28 23 12 41
39 3 38 35 11 30 4 42 28 0 24 10 34 18 16 1
4 2 13 42 12 1 14 15 11 0 33 24 6 35 25
42 30 36 7 22 2 9 13 24 6 18 23 41 25
16 23 13 28 30 1 36 38 14 7 22 2 9 34 18
34 13 3 26 14 7 22 11 9 0 33 24 10 35 25
30 0 1 3 36 7 22 11 9 33 24 10 6 25
23 2 13 1 26 22 11 7 0 28 33 24 10 6 18 41 25
12 13 1 38 14 36 15 11 9 22 33 24 10 6 35 41 25
1 2 28 3 38 26 15 11 7 9 25 22 33 6 18
14 38 36 7 33 11 18 10 28
28 2 13 38 3 36 7 15 11 33 35 41
38 41 15 9 22 33 24 18 35 36
3 18 0 10 6 35 41 25
26 36 22 11 33 15 10 24 35 41
36 2 0 25 33 24 6 18 35
0 0 7 22 11 2 13 33 24 10 6 18 35 41 25
7 33 13 22 41 25
22 35 2 33 24 10 13
11 15 9 13 33 18 25
2 15 33 13 6 35 25
9 13 15 24 6 18
13 15 10 41 25
15 41 24 6 35
33 25 24 18
24 18 35 41
10 10 6 35 41 25
6 41 18
18 25 41
35 25
41 25
25
