#kunkel.py
# GMT Thu Mar 28 20:06:34 2019
# 
37 30 17 14 20 40 2 9 29 31 19 28 13 16 5 39 35 12 36 27
32 2 17 40 21 42 39 4 34 30 23 36 38 3 32 14 26 22 11 7 9 13 33 24 10 18 35 41
17 2 20 21 8 31 42 19 13 30 40 3 14 36 26 22 11 9 29 28 25 18 35
20 30 41 36 7 15 33 42 9 25 31 38 13 16 6 5 23 12 1 40
40 2 5 8 42 13 16 30 12 27 38 0 33 28 34 24 6 35 41
5 23 4 38 26 11 42 9 0 8 13 27 6 39 22 12 29 25
21 2 8 42 19 13 16 23 12 27 3 38 14 26 15 7 25 28 34 18 41
8 3 41 38 7 11 2 9 34 31 29 26 0 27 10 18 35 1
31 13 16 39 12 1 3 27 14 26 22 11 42 34 33 10 35 41 25
29 3 42 18 34 22 2 9 4 13 24 10 6 39 16 12 36 38
19 2 42 16 28 30 23 12 1 27 3 38 26 22 11 7 25 33 10 6
39 13 16 28 23 22 1 38 3 27 14 7 15 2 33 24 18 41
4 42 13 16 28 30 38 3 0 27 36 26 15 11 2 9 22 34 18 25
42 2 16 34 30 13 38 3 27 26 22 33 25 24 10 6 35
18 30 2 38 14 28 15 33 23 24 6 34 12 1 36
34 23 12 1 3 26 7 22 0 28 33 6 35 41
30 2 30 1 27 3 14 22 11 9 0 28 24 6
23 23 0 16 12 1 38 14 36 15 11 22 25 35 41
12 13 28 1 38 0 14 36 26 22 10 35
1 22 15 33 11 9 0 13 28 35 41
7 2 13 16 3 14 36 22 11 9 25 28 24 10 6 41
28 3 41 36 11 26 13 24 38
38 3 22 2 0 25 24 35 41
16 2 22 36 26 15 11 9 24 10 6 35
3 14 22 9 33 24 10 6 35 41
27 14 26 15 11 9 0 33 24 35 41 25
14 13 26 22 11 0 33 24 10 6 35
26 2 11 9 0 33 24 36 25
15 36 2 33 0 24 10 6 35 13 41 25
11 13 36 9 33 10 41
2 13 9 0 25 10 6 41
9 13 36 22 9 10 6 41
0 22 33 24 10 6 36 25
22 24 41
33 25 24 10 6
24 36 35 6
10 36 6 35 41 25
6 13
36 35 25
13 25 35
35 25 35
41
25
