#kunkel.py
# GMT Thu Mar 28 20:06:35 2019
# 
26 17 20 8 31 19 39 4 16 23 12 1 3 27 0 2 9 13 33 24 35 41 25
32 17 8 19 13 16 23 12 1 38 3 4 14 36 37 22 11 2 29 28 34 15 10 24 18 35 41
17 42 20 8 19 13 16 30 39 22 12 1 4 36 14 15 11 0 28 34 10 18
0 21 31 29 19 13 16 30 23 1 27 3 38 14 22 42 34 37 33 18 25
2 20 5 21 31 29 4 28 34 23 12 27 3 40 14 11 13 37 33 6 18 35
20 30 21 8 31 4 16 5 12 3 40 14 11 42 9 34 24 10 6 41
30 40 8 16 28 30 12 1 27 14 36 7 22 42 9 29 37 33 10 18 41
21 8 19 16 28 5 39 12 1 34 4 36 7 22 42 9 29 15 33 35
8 28 39 22 1 7 27 38 14 15 29 37 33 24 6 35 25
31 38 3 42 40 22 33 29 4 10 6 18 39 23 12 16 27
19 39 3 36 22 9 11 42 29 38 28 13 5 23 35 12 40
39 3 1 7 15 11 29 28 13 10 6 35 38 41 25 40
4 14 9 11 33 37 34 24 18 7 12 41 22 25 40
16 34 5 23 13 1 38 27 36 22 35 29 33 24 7 41
34 5 28 34 27 36 7 15 11 29 37 33 10 35 41 25
5 3 36 37 22 11 42 9 13 15 24 10 28 18 23 41
23 12 7 38 22 11 29 28 33 24 10 6 35 41 25
12 28 13 38 36 15 9 29 37 6 18 7 41
1 3 22 9 11 13 33 28 18 41 29 25 40
7 29 38 3 40 14 15 42 13 22 24 6 18 35 25
27 37 3 41 38 36 15 35 11 9 28 6 22 14
3 41 13 40 36 42 29 37 10 35 14
41 28 14 15 11 9 29 37 6
40 42 38 36 9 33 29 37 25 15 10 24
36 14 22 11 42 29 38 28 33 24 10 6 35
37 15 35 9 28 18 22 25 38
22 22 38 15 9 24 10
11 6 9 13 24 18 25 35
42 18 24 10 6 35 14 38
9 14 25 38 10 18
29 33 13 28 10 6 35 14
38 35 28 15 10 24 6
28 13 28 15 6 18 14
33 10 15 14 24 35 25
24 15 13 6 25 14
10 15 6 18 35 14 25
6 35 13 18
25 14 18 35 13
18 15 35 13
13 14 15
35 15
14
15 15
