#kunkel.py
# GMT Thu Mar 28 20:06:35 2019
# 
32 3 26 17 14 7 11 42 9 34 31 8 19 37 4 24 16 6 18 39 10 23
17 30 21 13 16 34 39 12 1 27 4 40 14 37 22 9 0 38 28 33 24 10 6 41
20 1 3 42 4 40 14 7 21 2 9 13 8 33 18 26 30 35 12 0 29 36
40 30 8 19 39 0 16 34 23 22 1 3 4 14 7 15 11 9 29 28 33 24 10 41 25
30 30 21 8 13 5 39 1 27 36 7 22 42 9 29 34 24 10 6 18 25
21 42 8 31 23 0 5 39 22 27 14 15 2 13 37 34 24 18 41 25
8 19 0 39 13 12 27 3 14 26 33 11 9 29 28 34 24 6 18 35
31 1 23 16 36 26 15 11 42 9 25 28 34 24 10 35 39 7 12 41
29 3 36 7 2 38 28 0 24 16 6 5 23 12 14 34 25 27
19 42 13 16 5 39 7 27 0 14 26 22 9 4 34 24 10 36 35 41
23 0 16 34 39 13 1 38 4 36 15 42 33 24 6 18 35 25
4 42 36 35 11 9 0 37 33 27 16 25 18 22 13 12
16 2 0 5 12 14 26 22 42 37 34 24 10 6 41 25
28 5 34 39 12 7 27 26 15 11 42 37 33 10 6 18 35 41
5 0 37 39 13 1 3 38 36 26 22 11 33 15 6 35 41
39 13 22 12 38 14 26 15 11 42 33 34 24 10 7 41
12 2 36 26 42 37 15 18 10 13 41 25 38
1 0 22 3 38 14 15 11 9 25 37 33 24 10 18 35 41
36 13 3 42 33 11 9 34 15 10 35 2
38 2 0 13 3 38 14 7 22 42 37 33 15 10 24 18 6
15 13 7 22 9 11 2 3 0 24 35
3 27 26 11 42 9 2 37 34 24 10 14 25
0 42 0 27 26 22 2 25 10 6 41
27 2 22 9 11 7 37 24 10 18 41 25
14 35 26 11 42 2 25 24 18 7 41
26 6 22 37 13 18 35 10
22 13 35 11 42 34 6 18 7
35 11 2 13 34 6 18 7 41
11 41 42 9 25 33 24
42 37 33 34 25
9 41 2 7 34 18 6
34 13 37 25 10 6 41
2 41 7 10 33 6 18
37 18 33 10 41
33 13 24 10 6 18 7
24 7 24 6 41 25
10 18 13 25
6 7 25
18 7
13 25
7 25
41
25 25
