#kunkel.py
# GMT Thu Mar 28 20:06:35 2019
# 
30 42 17 20 21 19 4 28 5 13 2 3 38 36 7 32 9 33 37 34 24 6 18 41
42 32 17 20 21 31 19 4 5 39 22 1 3 40 0 26 15 11 2 29 28 35
17 21 8 31 19 13 16 5 23 1 3 27 14 26 22 32 37 34 24 36 7 41
20 21 8 31 39 0 16 28 34 23 12 4 14 36 7 11 2 13 37 33 24 10 6 35
40 21 31 19 13 23 1 27 3 38 36 7 15 11 2 4 28 34 10 6 35 25
5 2 19 0 12 1 27 38 36 26 22 11 32 9 29 37 33 10 6 18
21 34 31 19 28 23 12 14 26 11 9 29 37 33 24 35 41 25
8 31 4 34 23 12 1 38 27 36 37 11 2 9 29 28 33 24 10 6 18 41 25
31 1 3 36 22 2 9 33 24 10 18 34 39 23 41 25
29 3 16 38 14 28 9 11 32 37 33 24 10 18 23 35 0 25
19 39 32 18 7 11 2 4 37 34 10 28 23 12 25
23 13 16 39 12 4 14 22 11 0 37 25 24 10 18 41
4 37 2 26 33 11 13 22 0 27 16 6 41 25 38
16 39 13 12 1 3 0 36 14 26 7 9 28 25 24 6 18 41
28 6 38 36 11 32 15 0 27 34 35 12 18
32 14 26 22 7 33 24 18 6 35 13 1 25 36 38
34 0 27 39 12 38 3 36 26 15 11 2 37 24 14 6 18 41
39 1 3 14 36 26 2 33 37 0 15 18 35 12 41
12 1 27 38 7 22 2 9 25 37 24 10 6 18 35
1 0 27 3 38 7 15 11 25 33 24 10 6 41
36 0 14 22 11 9 25 15 10 6 41
27 13 38 14 26 22 11 7 0 15 10 18 41 25
3 38 14 7 15 11 2 9 37 33 24 35 41
0 13 38 14 15 37 24 35 41 25
38 2 14 26 22 24 10 35 41
14 7 11 2 37 10 6 18 35 25
26 24 22 11 2 9 13 37 33 15 6 41
22 13 15 35 9 33 18 7 25
35 6 7 33 13 15 18
11 15 9 24 6 25
2 15 9 13 24 10 18
9 7 33 13 6 10 41 25
13 6 18 24 7 41 25
37 33 10 7 41
33 15 24 7 6
15 7 24 18 41 25
10 7 18
24 6 7 41 25
18
7 41
41 6
25
6
