#kunkel.py
# GMT Thu Mar 28 20:06:38 2019
# 
37 9 17 36 7 22 33 11 42 21 8 29 19 15 34 27 10 6 30 41 25 38
2 17 40 31 19 4 16 30 23 12 1 27 38 14 7 15 11 42 28 25 24 36 35
17 17 20 30 31 4 5 39 27 0 38 36 26 15 11 32 29 34 10 18 35
20 21 19 13 16 30 12 40 4 38 36 7 15 33 11 32 9 29 28 34 6 18 35 41
5 42 8 31 19 0 34 23 12 1 3 27 36 7 22 32 29 15 33 10 41 25
21 8 31 19 16 30 1 38 3 40 14 22 11 25 33 15 10 24 18 35 41
8 3 36 14 26 42 9 29 31 34 24 10 12 7 13 16 25 27
31 19 39 4 16 23 1 3 0 36 7 15 9 13 28 34 18 35
19 30 41 4 40 28 0 33 10 6 23 16 13 1 12 27
23 3 36 14 26 22 33 32 9 29 4 18 39 0 1 25 6
0 30 39 13 16 34 38 14 26 22 11 7 29 33 24 10 18 41
16 38 40 26 9 11 32 28 4 10 33 12 41 25 27
34 42 29 13 1 40 38 7 15 11 32 9 33 24 6 18
32 4 27 30 38 40 36 22 9 33 28 24 6 25 18 35 41 15
30 42 28 39 13 1 3 38 14 26 15 11 4 10 6 18 35
39 4 14 26 15 11 42 9 13 22 24 10 6 35 28
12 4 13 38 3 40 7 22 42 29 28 24 10 6 18 35 15
1 42 4 28 3 38 36 7 22 11 15 24 10 18 35 41
36 42 4 38 3 36 14 11 33 24 10 6 18 41
40 42 4 3 38 14 26 15 11 9 29 24 10 35 41
15 13 38 14 7 22 9 29 28 25
3 42 14 26 13 28 33 10 18 25 35 7
4 42 4 27 38 14 26 29 24 10 6
27 14 26 22 11 9 28 25 35 13 41 7
14 28 13 38 26 22 11 9 29 10 6 18
26 7 22 42 29 28 33 24 18 25
22 13 28 11 42 33 6 35 41 25
35 7 11 29 33 24 10 18 25
11 9 41 33 42
42 13 24 6 25 38
9 38 28 33 24 10 6 7 25
29 7 18 24 10 6 41
38 18 13 38 7 33 10 41 25
28 13 24 18 7 41
33 13 10 6 18 25
24 13 10 6 18 25
10 18 6
6 18 41
18 13 7 41
13 13 41 25
7 41
41 25
25 25
