#kunkel.py
# GMT Thu Mar 28 20:06:39 2019
# 
2 6 10 40 18 7 20 33 11 42 8 31 29 37 0 15 16 24 30 35 27 17
17 3 40 36 26 22 21 8 31 29 37 25 10 28 30 39 35 1 23
20 42 8 19 4 16 32 5 39 40 3 27 36 22 11 29 15 34 10 6 18 41
27 30 8 31 4 16 5 39 13 1 14 26 15 32 34 28 33 10 18 7 41 25
5 42 38 36 26 21 11 32 9 8 29 19 4 33 39 35 13 1 25 40
21 31 29 4 16 40 3 38 36 26 22 11 9 0 34 24 10 6 18 14 25
8 32 42 4 39 12 3 0 38 36 11 9 29 37 24 10 18 14
31 32 42 19 0 16 28 39 1 3 40 36 7 22 9 15 14 18 41
29 37 30 39 4 23 22 40 14 26 15 11 25 28 34 24 18 35 41
19 3 32 38 36 26 15 7 9 33 13 16 39 35 12 0 25 40
39 40 30 4 16 34 23 13 12 3 38 37 15 11 42 28 33 41
4 30 12 1 3 40 36 37 11 26 9 38 28 33 14 6 18 7 41 25
42 23 16 12 40 3 38 14 26 22 7 34 24 6 18 35 41
16 6 32 14 36 26 34 0 24 18 30 23 41 38
28 38 3 14 7 15 40 18 33 10 6 34 23 35 12 1
32 41 3 10 14 26 35 15 0 24 6 22 13 1 25
30 13 1 12 40 3 36 26 9 37 34 10 6 7 41 25
23 18 23 0 34 12 1 38 3 40 14 26 11 37 33 24 36 35 41
13 0 12 1 38 14 7 22 11 9 34 37 33 10 6 36 35
1 14 26 40 11 33 24 10 34 12 36
34 0 38 36 15 11 34 24 6 18 25
12 3 26 40 22 9 38 37 15 18 7 6
40 0 26 22 33 24 10 41 25
3 38 14 26 11 7 25 33 24 35
36 7 22 11 9 37 33 24 25
14 0 37 22 33 10 6 18 7 41
26 35 9 37 0 10
22 38 7 15 11 9 37 25 24 10 18 41
11 7 11 9 33 24 10 6 35 41
7 37 9 25 15 18 35 41
9 38 15 0 24 18 41 6
0 15 37 24 6 10 25
38 38 24 10 18 35 41 25
37 15 33 24 18 41
33 15 24 6 18 35 41
15 10 6 35 41
10 25 6 35
24 35 41
18 6 41 25
35 41 25
41 6 25
25 6
6
