#kunkel.py
# GMT Thu Mar 28 20:06:40 2019
# 
32 17 30 31 19 4 27 5 23 13 1 12 40 3 38 14 7 33 2 9 29 37 34 10 41
17 2 40 14 8 31 13 12 38 27 36 26 22 11 9 34 28 33 10 18 7 41
0 42 27 14 7 15 33 11 26 21 8 29 19 23 13 24 10 37 39 35 12 25
20 30 3 40 22 15 39 2 21 29 28 25 24 16 5 23 35 12 1 27
40 4 14 28 33 11 29 31 19 22 13 15 18 5 23 35 1 36 6
5 31 42 19 4 16 39 12 3 38 36 26 2 13 25 24 10 18 35 41
12 21 31 16 28 27 3 38 7 11 9 29 37 25 10 6 18 35
8 19 4 28 34 39 1 3 38 26 22 11 42 9 37 33 15 10 24 18 25
31 37 42 14 26 22 21 9 25 38 19 13 18 6 30 39 41
14 42 19 23 16 39 29 3 36 26 11 7 9 13 28 25 35 41
19 21 23 4 39 38 27 26 22 2 9 28 33 24 36 7 41
23 13 16 37 39 1 38 26 11 29 28 34 10 6 18 7 25
4 42 13 16 1 3 27 36 7 22 11 2 25 38 15 34 10 41
42 35 27 36 26 15 33 18 21 37 34 16 39 10 25
16 30 21 34 39 22 38 27 26 15 11 2 13 37 33 6 7
34 3 36 7 22 39 2 21 37 13 24 30 35 1 10
30 2 21 13 39 1 38 15 33 11 9 29 37 24 6 18 35 41 25
39 13 1 36 7 22 11 2 9 29 37 33 35 41
22 21 1 27 7 9 29 28 24 10 35 41 25
13 21 38 3 15 9 37 6 35 41
1 3 36 7 33 21 29 18 38 41 25 6
7 21 27 38 11 2 29 37 33 24 10 35 41 25
27 28 3 26 15 9 29 37 25 18 35 41
3 29 28 38 26 11 37 10 6 36 35 41 25
26 15 21 38 28 24 6 18 41 36
38 2 29 28 33 24 18 41
36 41 15 33 2 9 29 28 10 18
37 15 2 9 28 10 6 41
15 33 11 2 21 28 6 41 29
11 9 29 28 33 24 10 6 41 25
2 24 28 9 33 29 35
9 6 29 24 18 25
29 21 6 35 41
28 21 24 18 35
33 25 24 6 35 41
24 35 21 6 25
10 21 18 25 41 6
6 18 35 41 25
21 18 35
18 35
35 41
41
25
