#kunkel.py
# GMT Thu Mar 28 20:06:40 2019
# 
37 17 21 31 29 19 4 16 5 23 12 40 36 14 26 22 33 11 42 9 0 28 34 10 35 41 25
32 5 14 19 4 30 39 1 40 3 27 36 26 22 42 9 13 33 24 6 18 35 41
17 4 38 14 7 15 11 21 0 8 19 33 24 16 6 34 23 35 12 41 27
20 42 21 19 13 16 12 1 40 27 36 7 11 2 9 0 28 34 24 18 35 41 25
21 8 31 19 0 16 28 30 23 22 1 3 27 26 15 7 29 34 10 35 25
30 3 36 14 7 15 40 8 31 23 22 33 24 16 28 39 35 13 12 38
14 34 31 19 13 28 5 39 38 26 15 35 11 2 29 33 10 6 18 7 25
8 2 26 15 9 11 13 31 33 34 24 16 40 18 35 12 1 7 27
31 42 31 23 4 39 12 1 3 27 36 26 22 2 34 33 18 7 25
29 2 42 13 16 28 5 23 12 1 38 27 26 7 4 33 24 18 41 25
19 7 27 11 42 25 0 15 10 6 36 28 35 1 38
23 23 0 16 5 39 12 27 3 40 26 22 11 9 33 15 6 18 35 41
4 0 16 5 39 22 1 38 36 28 15 11 2 34 24 10 6 35 41
16 42 39 28 40 36 26 15 11 2 9 0 24 18
34 28 39 22 40 3 27 26 15 11 2 25 38 33 6 36 35 41
5 41 42 13 12 38 3 0 27 36 7 15 9 33 10 18 25
39 39 12 3 27 26 15 11 0 22 24 10 6 18 41 25
12 0 28 13 1 3 27 36 7 11 26 9 35
1 3 2 7 15 0 24 10 26 18 13 22 25
7 0 13 38 36 22 28 24 10 18 41
28 40 38 3 27 26 33 11 42 9 10
40 42 38 26 33 11 0 10 18 35 13 22 6
3 41 2 27 26 0 42 15 13 6 10
0 22 26 15 13 33 6 18 35
27 41 42 36 33 13 6
36 42 26 22 35 9 33 24 6 18 25
26 18 15 9 33 24 6 35 41
22 13 38 11 42 9 33 41 25
11 10 2 9 6 18 41
42 38 15 2 9 25 6 18 35
9 2 15 13 18 41 25 10
13 2 15 10 6
38 15 33 24 10 6 18
15 2 18
33 18 24 10 6 25
24 41 2 10 6 35 25
10 2 6 25
6 41 35
25 41 2 35
18 41
35 2
41 2
2
