#kunkel.py
# GMT Thu Mar 28 20:06:41 2019
# 
37 3 1 27 14 28 22 11 2 8 42 19 39 0 15 24 32 18 23 41 29 25
32 2 17 14 26 22 33 5 8 42 19 4 24 16 6 30 35 18 7 38
17 42 21 8 31 19 4 23 12 1 40 0 27 14 9 13 2 33 24 6 18 35
20 30 21 8 0 16 5 39 12 1 3 38 36 26 15 2 29 28 34 24 6 18 35 41
5 23 40 14 7 15 22 9 8 29 19 13 10 30 39 35 12 38
21 2 21 19 39 4 16 30 23 13 1 12 3 27 36 28 15 42 0 22 34 24 6 35 41 25
8 30 31 19 4 34 22 12 36 28 15 2 29 33 24 10 18 25
31 41 36 26 15 11 7 9 28 33 16 18 30 23 35 13 1 34 25
19 2 39 0 23 12 7 3 14 26 11 9 13 25 24 6 35 41
39 29 0 23 22 13 1 12 7 40 14 15 2 4 28 33 24 10 6 35
0 4 14 28 30 12 40 3 27 36 26 15 42 29 34 10 6 41 25
16 30 42 38 7 15 9 11 33 13 24 10 6 18 28 1 25 27
18 2 13 23 12 38 27 36 26 22 11 42 34 33 6 41
30 42 23 1 3 40 14 11 9 29 34 6 36 35 25
23 2 4 12 1 3 14 26 22 42 9 33 28 25 10 35 41
12 12 1 40 36 26 22 11 7 4 24 10 6
1 40 36 26 11 42 13 38 34 27 28 14
7 3 38 26 22 33 11 42 9 13 29 4 34 35 25
28 42 27 3 40 2 9 4 38 33 10 35 25
27 38 3 4 40 14 26 22 11 2 29 34 15 6 25
15 13 4 38 36 22 11 42 9 29 33 35 41
3 13 40 36 26 9 33 24 10 6 35 41 25
4 2 14 26 33 42 9 29 22 34 10 6 36 35 41
40 2 36 22 11 42 13 38 24 10 35 25
14 42 26 9 13 6 35 41 36 38
26 9 22 10 34 35 41 36
22 42 38 36 22 9 25 34 35
33 42 35 2 34 13 41 29 10
11 35 29 38 34 24 6 10 25
42 36 38 10 6 25
9 13 36 2 29 24 10 6 41
29 38 2 34 24 6 35 41 25
38 2 13 10 6 35 41
2 2 13 36 34 24 10
34 36 24 10 41
24 13 10 35 41 25
10 6 41
6 36 25
36 13
13 41
35
41 25
25
