#kunkel.py
# GMT Thu Mar 28 20:06:41 2019
# 
30 2 30 21 8 23 4 18 32 5 39 1 38 3 40 14 7 15 42 29 33 24 10 36 35 25
32 42 20 5 21 31 0 16 39 12 1 38 14 26 11 32 29 28 34 10 35 41 2
17 2 31 19 23 4 16 34 5 39 1 3 26 38 37 15 42 9 29 28 33 7 41
12 2 20 21 39 4 16 23 12 38 40 26 22 11 9 29 34 24 10 6 18 7 25
20 21 19 0 16 23 1 40 38 36 7 22 42 9 29 37 34 15 24 25 41 2
40 8 31 23 4 16 34 37 39 38 14 26 22 11 9 29 28 33 10 18 25
5 42 21 0 16 23 1 38 3 27 26 22 11 29 28 34 15 10 6 41
21 2 14 19 13 16 23 38 36 26 15 4 28 33 10 6 18 35 41
8 3 41 14 26 15 35 42 9 29 37 33 10 28 34 22 13 1 25 38
31 41 3 26 22 33 11 2 9 4 38 28 0 27 6 18 39 1 34
29 3 42 36 11 9 38 19 37 13 16 18 39 10
19 42 4 16 22 3 0 27 14 15 11 2 9 37 33 10 6 41 25
39 3 42 14 7 11 37 27 10 6 18 23 35 16 36
4 14 7 15 11 33 38 37 13 24 16 28 23 1 25
16 2 1 0 27 36 15 9 28 25 24 35
28 7 22 9 26 38 37 34 24 35 41
34 18 22 1 27 14 37 15 25 33 24 10 6 36 35
23 2 18 22 1 3 38 14 26 15 42 13 37 25 10 6 36 35
22 7 27 18 0 15 10 6 25 13 41 38
13 3 2 38 36 7 33 11 42 37 15 6 35 41 25 27
1 42 2 38 3 0 36 14 26 15 9 37 33 24 10 25
7 3 36 26 35 11 42 15 18 24 41 25 38
38 26 0 14 37 24 36
3 0 36 14 15 9 37 25 24 6 35 41
41 42 14 26 11 9 24 10 6 36
27 35 36 26 33 11 2 37 0 15 10 6 25
36 0 26 36 42 37 24 6 18
26 0 11 9 25 37 33 18 35
15 14 2 33 18 35
11 42 14 2 24 6 35
42 2 14 33 6 18 25
9 14 33 0 6 35 25
0 2 37 25 24 10 6 18
2 35 33 24 10
37 33 24 10 18 35 25
33 10 18 24
24 14 10 6 18
10 18
6 14 35
18 18 14 35
35 14
14 25
25
