#kunkel.py
# GMT Thu Mar 28 20:06:42 2019
# 
42 37 3 17 36 7 20 11 26 21 4 23 0 15 16 18 30 39 35 13 34 40
17 21 8 39 4 5 23 12 1 40 0 27 36 26 22 11 2 9 29 28 33 35 14 25
20 32 31 19 0 16 34 12 1 3 40 26 22 11 2 29 28 33 15 6 35 41
30 40 21 8 29 19 13 12 1 38 3 27 14 26 22 11 4 37 33 24 7 25
21 4 16 18 5 23 13 1 12 27 38 14 15 2 9 0 22 33 6 36 41 25
8 31 4 5 23 3 38 0 37 22 11 32 9 29 28 34 15 24 35 25 6
31 41 2 27 14 7 40 32 9 29 19 37 33 15 16 5 35 0 1 38
19 39 13 28 23 1 3 38 26 15 11 32 9 29 37 33 24 18 7 41
39 1 3 32 36 7 40 29 37 25 10 6 5 23 35 13 14 12 38
0 13 37 23 12 1 27 3 32 14 7 15 11 2 9 29 28 34 18 35 25
16 32 13 34 23 40 3 38 14 22 11 2 4 33 24 10 6 35 41
28 32 40 4 5 23 1 38 27 36 22 11 2 28 33 15 18 35
32 29 13 5 12 1 14 36 9 4 33 10 18 41 25
5 13 34 38 36 14 26 22 2 29 37 33 24 10 6 18
23 4 1 3 40 36 15 2 9 29 37 34 10 6 18 41 25
12 4 34 12 1 7 3 38 14 26 2 9 37 33 24 35 41
1 13 22 3 27 7 15 2 4 34 10
34 18 4 27 14 26 15 11 29 37 25 24 6 36 41
7 2 40 38 14 22 11 29 15 25 24 10 6 18 35
27 3 36 26 15 9 4 24 14 6 10 13 41 38
15 37 41 36 33 6 35 13 40
3 2 13 40 22 11 9 25 24 10 18 35
41 26 9 25 38 24 18 37 10 40
4 13 36 26 22 14 33
40 26 2 33 25 18 22 24 38
36 13 26 38 36 11 2 29 37 10 6 18 35
26 2 37 9 29 22 18 6 24
22 18 35 29 6 10 38 25
11 2 13 38 14 33 24 10 6 18 35
2 2 29 37 33 24 10 6 18 35 25
9 14 13 29 37 24 6 18 25
29 14 13 33 18 25
38 14 24 10
37 14 33 10 6 35
33 14 25 24 6 35
24 13 24 10 25
10 14 25 6 35
6 35 25
18 13 18 35
13
35 14 25
14
25
