#kunkel.py
# GMT Thu Mar 28 20:06:43 2019
# 
37 42 20 31 0 34 39 1 36 40 38 14 7 22 2 9 13 15 33 10 6 18 25
42 2 20 30 21 8 0 14 28 5 13 40 38 36 26 32 9 4 33 10 18 41 25
17 30 23 4 27 14 26 15 7 21 13 31 19 22 0 24 6 5 39 35 41 20
12 21 31 19 0 39 1 40 3 38 36 22 11 2 34 28 33 15 24 18 35 25 6
20 41 3 36 7 15 40 32 9 25 29 33 24 14 28 23 22 2 38
5 41 4 7 9 11 21 34 29 19 0 10 6 30 39 35 1 38
21 30 8 19 4 28 23 1 40 14 7 22 11 9 13 15 34 24 10 35 41
8 31 13 16 30 1 40 3 4 27 36 26 15 11 2 29 38 22 25 24 6
31 30 19 16 34 1 40 27 26 22 11 2 9 29 33 24 10 18 7 25
19 35 14 26 22 9 34 28 33 24 16 18 30 7 36 38
23 35 3 41 26 30 9 29 33 15 0 10 28 18 16 1 25 27
4 2 0 16 39 1 40 36 7 22 11 29 28 34 24 10 18 35 41 25
27 41 3 32 26 15 35 11 2 9 28 13 16 18 7 1 40 38
14 3 7 22 33 11 32 0 29 13 15 34 35 2 25 6
32 32 29 13 16 30 39 2 40 22 11 34 28 33 24 10 6 35 41 15
30 34 39 1 3 36 26 29 33 10 18 7 41 25
39 6 36 26 15 33 28 13 24 10 34 35 1 25 40
22 0 40 3 38 36 7 11 2 29 34 24 10 6 18 41
13 16 1 40 3 11 9 29 28 24 6 18 35 2
1 3 36 7 9 29 28 0 2 25
36 16 40 3 38 36 28 11 29 33 24 6 35 41
40 2 7 3 26 11 9 0 28 25 10 18 35
3 16 26 2 34 33 10 18 7 41 25
16 2 16 34 38 7 11 28 33 10 35 41 25
38 0 7 28 15 9 29 33 24 10 35 41
0 7 11 29 28 33 25 18 35 2
26 15 9 29 28 33 24 10 6 18 25
15 6 9 11 33 10 24 25
33 11 24 18 7
11 29 34 7 9 24 6 35 25
7 10 6
9 2 34 25 6 18 41
29 2 28 24 6 18
2 34 10 18 35 41
28 6 35 41
34 25 18 35 6
24 10 41
10 6 41
6 35 18 41
18 35 41
35 35
41
25
