#kunkel.py
# GMT Thu Mar 28 20:06:43 2019
# 
37 17 20 5 8 29 13 30 12 40 38 36 26 22 11 32 4 37 33 15 10 6 18 41 25
42 20 30 21 8 23 0 16 5 39 1 4 36 14 26 22 2 9 29 28 34 35 25
41 20 8 31 29 0 16 28 30 39 22 13 4 40 36 26 15 34 33 24 10 6
17 21 31 19 4 5 39 3 0 38 14 26 22 11 32 9 13 25 24 10 6 36
20 23 2 40 15 11 21 34 38 19 28 0 24 16 6 18 5 35 10
5 21 8 19 23 12 1 27 3 36 14 26 22 9 29 34 24 10 35
21 19 23 4 39 13 1 12 40 27 14 7 11 32 29 28 25 6 18 35
8 30 31 19 34 39 12 1 40 3 27 14 7 2 9 25 33 10 6 18
31 30 13 34 12 1 27 3 40 36 22 11 32 9 29 28 33 10 35 25
29 14 19 39 16 34 23 12 38 27 36 28 22 25 33 15 10 24 18 35 6
19 13 16 28 12 38 3 27 26 15 11 2 4 22 25 24 7
23 3 38 36 15 11 9 0 24 10 18 39 22 13 1 25 6
4 1 3 32 14 26 11 13 2 33 16 6 39 7 12
16 30 0 34 12 1 3 27 36 7 15 11 32 9 2 33 6 18 25
28 35 0 38 14 26 9 13 34 18 33 30 39 7 25
32 9 26 22 40 18 34 15 6 25 30 39 10 12 7 27
30 0 35 12 2 38 27 14 26 22 11 13 15 36 7
39 14 7 9 11 0 10 40 18 38 36 27
13 0 34 1 27 38 26 15 13 33 18 35 25
1 3 2 38 14 15 33 11 6 35 12 25 10
34 14 40 3 38 36 7 33 10 18 35 25
12 40 7 38 3 27 14 26 22 25 15 24 18 35 6
27 0 38 36 26 15 11 2 9 10 35
3 36 7 22 33 9 38 24 35 25 40
0 14 40 11 9 33 38 24 22 7
40 14 26 22 11 2 25 15 24 18 35
36 2 14 26 22 11 24 18 35 15
26 22 2 9 33 24 6 18
15 2 7 33 24 10 18 35 14 25
35 38 22 33 24 18 14 6
11 38 7 2 10 18 14
2 33 7 24 10 25
9 18 22 25 6 10 7
25 33 24 6 18
38 14 22 6 18
22 7
33 7 14 33 24 10 6
24 6 14 7
10 6 7
6 14
18
7
14
