#kunkel.py
# GMT Thu Mar 28 20:05:57 2019
# 
0 1 2 4 9 10 14 15 19 21 22 23 24 25 26 27 29 30 31 33 39 40 42
1 32 2 3 4 5 38 33 8 42 12 16 40 20 21 22 23 24 29 31
2 34 4 33 38 7 40 10 11 12 13 15 17 18 19 32 24 36 42 30
3 4 7 12 13 17 19 20 21 22 23 25 26 27 28 29 33 34 35 37 38 41
4 5 7 8 9 10 11 13 14 16 17 23 25 29 31 33 35 36 37 38
5 7 9 10 16 19 20 21 22 25 26 28 30 32 33 34 35 37 39 41 42
6 41 35 37 39 8 9 10 11 13 16 17 18 19 20 21 22 23 24 40 30 31
7 8 11 12 14 16 17 18 19 20 23 25 26 30 31 32 34 35 37 38 39 41 42
8 9 10 11 12 13 14 15 16 22 23 26 27 33 35 38 40 41 42
9 9 10 11 12 13 14 18 19 20 24 26 27 28 30 32 33 34 37 40
10 13 16 18 20 24 25 26 30 32 33 34 35 36 37 38 40 41
11 11 12 15 18 20 23 24 25 27 29 32 36 37 39 40 41 42
12 37 38 42 14 17 20 21 22 41 24 39 26 27 29
13 13 14 16 25 26 27 28 29 31 32 33 38 39 40 41 42
14 15 16 18 19 20 24 25 28 31 34 36 37 38 41 42
15 17 19 21 22 23 24 25 27 28 30 31 32 33 35 36 37 39
16 17 18 19 21 22 26 29 31 32 34 35 36 37 38 40 42
17 18 19 20 22 23 26 28 30 32 34 36 38 39 40
18 21 23 25 26 27 28 31 32 33 34 35 36 37 41 42
19 21 22 23 25 26 28 29 30 31 35 40 41 42
20 22 23 27 29 30 31 34 36 37 40 42
21 34 33 38 39 35 24 26 27 28 29 31
22 24 25 27 30 33 34 37 38 39 42
23 24 26 27 32 33 36 39 41 42
24 32 40 34 25 28 29 39
25 26 27 29 30 34 35 39 40 41
26 27 29 31 32 33 34 37 39 40 41
27 29 31 32 34 36 37 38 41
28 32 33 34 36 39 40 41 37 29 31
29 30 32 35 36 40 41
30 32 35 36 38 42 37
31 31 32 37 39 40 41 42
32 35 36 38 42
33 35 36 42 37
34 36 38 41
35 41 39 38 36
36
37 39 42
38 41 39
39 40 41
40 41
41 41
42
