#kunkel.py
# GMT Thu Mar 28 20:06:44 2019
# 
42 1 10 17 14 28 2 9 33 31 19 37 34 16 6 30 39 35 18 41 12 27
17 8 39 4 16 5 23 12 38 3 40 36 26 22 11 2 13 28 33 18 35 25
0 21 19 28 30 23 12 3 38 36 7 22 11 26 29 37 34 24 10 6 18 41 25
20 2 30 8 31 13 16 5 23 22 1 38 3 26 40 7 15 32 9 29 37 33 24 18 35 41 25
7 21 8 31 29 19 23 4 16 30 39 1 27 38 36 7 11 2 9 33 24 25
5 19 1 27 36 26 11 32 9 34 38 13 24 14 6 18 23 35 41 40
21 3 40 14 26 15 27 11 2 9 4 8 28 24 10 6 23 12 41 38
8 31 4 37 39 13 38 40 15 11 33 28 34 24 10 6 35 41 25
31 19 39 4 16 30 23 12 1 3 40 36 11 2 29 28 24 18 41
29 19 13 16 39 22 12 1 27 40 14 15 11 26 9 37 10 6 36 35 41
19 39 40 14 26 22 9 37 6 32 30 23 1 36
23 4 16 12 40 27 36 15 32 22 33 18 35 14 25
13 37 2 36 26 32 9 34 24 10 18 30 22 12 14 25 40
16 3 32 9 2 33 15 10 26 35 22 12 1 25 28
32 30 39 1 27 3 38 26 15 11 2 25 28 33 24 10 6
30 27 37 12 2 38 40 14 26 15 35 9 28 33 10 18
39 2 34 22 38 3 40 36 28 15 11 9 37 33 6
12 18 26 15 9 11 2 28 34 35 25
1 4 27 34 38 40 14 26 15 9 37 33 24 6 36 41
36 38 27 15 33 2 28 34 24 10 18 41 25
40 4 3 26 22 9 25 6 18 41
15 4 34 3 26 15 28 33 24 10 6 41
3 4 37 38 26 22 9 28 34 24 6 18 35 41
26 4 34 14 2 37 33 10 35 41
4 27 14 11 2 37 33 24 10 34 22
27 14 27 22 11 2 28 33 10 6 35 41 25
14 2 38 22 11 9 37 33 24 10 35 41
37 2 38 22 24 18 35 34
22 28 9 33 35 38
11 34 9 28 6 25 38
2 25 24 10 41
9 28 25 10
34 41 28 18 35 25 6
38 28 24 10 18 35 41
28 41
33 35 25 6 18 41
24 25 24 10 6 18 35 41
10 41 10 6 18
6 18 35
18 41 25
35 41
41 25
25
