#kunkel.py
# GMT Thu Mar 28 20:06:44 2019
# 
26 41 14 7 20 9 11 32 21 0 31 29 19 22 4 15 28 5 23 35 12 1
42 2 17 20 21 31 23 16 5 39 12 38 40 7 15 11 32 29 34 24 6 35 41
17 2 20 5 31 29 19 0 16 30 13 12 27 3 38 7 15 34 37 33 24 6 41 25
20 40 14 31 19 16 30 12 27 38 36 22 11 9 29 37 25 10 6 18 41
40 8 31 19 39 4 16 23 13 1 3 27 11 32 9 29 2 28 33 24 18 41 25
30 3 41 36 7 22 11 32 8 29 4 10 28 5 23 16 38 14 25 6
21 8 31 19 23 13 16 39 12 7 3 38 11 29 28 33 24 10 6 18 35 25
8 5 19 39 0 16 23 1 3 27 36 22 2 9 37 34 15 6 18 41
31 2 0 14 32 5 39 27 3 36 15 9 28 34 10 7 41
29 2 0 39 12 1 36 14 15 4 28 33 6 18 41 25
19 4 5 27 3 38 36 32 9 0 28 34 6 18 35 41 25
23 3 27 0 15 9 32 37 4 24 16 28 18 35 1 25
4 14 22 11 2 9 37 34 15 28 25 5 24 12 7
16 3 14 7 22 5 37 33 24 6 39 1 28 38
28 14 22 32 39 15 6 35 13 36 38
32 3 27 36 7 22 13 38 39 0 10 35 1 25
5 13 34 12 3 14 15 2 9 22 33 10 41 25
39 0 13 27 3 38 14 37 22 34 33 15 10 24 18 7 41
12 0 13 1 3 27 22 9 37 33 24 6 25 7 41 15
1 3 0 36 22 33 11 9 13 24 34 18 10
27 3 14 7 11 2 34 37 33 24 10 18 35 41 25
3 13 38 36 7 0 37 33 10 6 41 25
0 13 34 14 22 7 9 15 33 6 41 2
36 13 22 7 15 11 37 34 24 10 6 18 25
14 33 2 9 37 35 13 41 34 6
7 2 38 11 9 37 10 18
22 37 13 38 9 34 10 6 35
33 35 34 9 13 38 6 18 24
11 13 15 38 37 34 24 10 25 35 41 2
2 15 9 37 10 6 18 35 13
9 38 10 18 35 25
13 37 24 10 35 41
38 38 15 34 24 35 41 25
37 24 6 18 41
34 34 15 24 10 25
24 15 24 10 18 35 41
10 25 10 6 35 41
6 35 41
25 15 18
18 35
35 41
41 15
15
