#kunkel.py
# GMT Thu Mar 28 20:05:58 2019
# 
0 32 35 4 5 38 40 9 10 11 36 14 15 16 17 20 22 24 25 27 28 31
1 2 3 5 7 8 9 12 13 14 16 17 21 22 23 27 28 29 30 33 34 35 36 38 39 41 42
2 6 8 9 10 12 13 14 15 16 17 18 20 25 26 29 31 38 39 40 41 42
3 6 9 12 13 14 16 18 19 20 21 23 24 26 27 29 30 31 32 33 35 36 38 41
4 5 6 9 11 12 13 14 15 17 19 21 22 24 27 30 31 32 34 35 38 41
5 7 9 10 11 12 13 15 19 21 26 32 33 35 36 37 38 39 41 42
6 38 12 13 14 17 18 19 21 23 24 25 27 28 29 30 31
7 32 34 33 8 37 39 12 14 15 17 18 40 21 23 27 28 29 30 31
8 12 15 19 21 22 24 25 28 29 31 32 33 35 36 37 38 39 40 41
9 9 10 14 16 19 22 23 26 28 30 31 32 33 36 37 40 41
10 10 11 12 13 18 19 20 22 23 25 26 27 33 34 35 36 37 40
11 32 35 38 39 40 13 14 15 18 19 20 25 26 27 29 30
12 15 17 19 22 23 26 27 28 29 30 36 38 39
13 16 20 25 26 27 28 30 31 33 34 35 38 39 41
14 16 19 20 22 23 28 29 33 34 35 37 39 41
15 16 17 22 23 24 26 29 31 34 35 39 40 41 42
16 37 38 39 40 42 34 17 41 22 23 24 27 30
17 35 41 42 18 20 21 22 25 26 27 30
18 20 21 23 24 26 27 28 29 30 33 34 35 36 37 41 42
19 32 33 42 20 22 41 24 25 29 30 37
20 24 26 28 29 30 31 34 36 37 39 41 42
21 32 34 42 33 35 22 23 24 25 26 28 30
22 23 25 26 27 32 33 35 36 38 42
23 25 26 28 29 30 32 34 36 37 40 41 42
24 32 34 37 38 42 40 41 36 27 28
25 28 30 31 32 33 35 36 37 39 40
26 32 33 38 34 41 37
27 37 40 39 28 29 30
28 34 35 37 38 40 41 42
29 32 36 33 42 35 31
30 31 36 37 38 40 42
31 32 33 34 35 36 37 38 39 41
32 42 40 36 39
33 33 34 35 36 37 38 39 42
34 36 37 38 39 40
35 36 37 42
36 37 38 39 41 42
37 37
38 40
39 41 40
40 42
41 42
42
