#kunkel.py
# GMT Thu Mar 28 20:05:59 2019
# 
0 3 6 9 10 13 14 18 19 20 21 26 28 29 30 31 33 35 36 37 39 40 42
1 4 5 6 7 8 9 11 12 13 15 16 18 20 22 23 24 25 29 30 33 35 36 37 39 40 41
2 42 33 35 4 8 41 10 12 13 14 40 18 19 20 22 23 25 26 27 29 36
3 33 35 4 39 8 11 12 13 14 15 16 40 22 23 24 36 28 29 30 31
4 5 6 8 10 11 14 16 17 20 22 23 25 27 30 31 33 37 39 42
5 32 34 35 33 38 7 10 12 13 14 15 20 21 24 36 26 27 37 31
6 34 37 38 40 9 42 13 14 17 18 21 23 24 36 26 29 30 31
7 9 10 11 12 13 15 16 17 18 19 20 21 22 27 29 31 32 33 35 38 39 40 41 42
8 9 12 13 15 17 20 21 23 24 25 29 30 31 32 37 38 39 41
9 10 11 12 13 14 15 16 17 19 22 23 24 25 26 31 37 40 42
10 12 13 14 17 18 20 21 22 23 24 27 28 33 37 38 39
11 12 13 16 17 19 25 26 27 30 33 34 36 38 39 40 41 42
12 13 15 16 18 19 20 22 23 24 25 29 31 32 37 40
13 14 18 19 23 26 29 32 33 35 36
14 39 16 34 18 21 23 24 25 26 36 31
15 16 17 18 19 24 26 27 30 32 33 34 35 36 37 40
16 32 37 36 35 21 22 41 25 26 27 28 31
17 18 19 20 21 24 25 28 29 30 31 32 33 34 35 41
18 20 22 27 28 30 34 35 37 38 39 40
19 32 36 40 42 20 41 22 39 24 25 28 30
20 23 25 26 30 31 32 34 37 38 41
21 32 34 35 39 40 22 23 25 38 28 42 30
22 25 28 29 30 31 33 35 36 37 38 39 41
23 34 40 35 41 24 25 27 29
24 27 28 34 36 37 39 40 41 42
25 27 28 30 32 33 39 41 42
26 27 30 32 33 34 35 37 38 40 41 42
27 28 29 31 33 34 35 37 38 42
28 35 37 39 41 42 30 31
29 31 33 34 36 37 38 39 40 41
30 34 38 33 36
31 32 33 38 40 41
32 34 35 36 41 42 39 37
33 37 38 41 42
34 36 39 38 41
35 39 40 41 42
36 40 41 37
37 39
38 41 40 42 39
39 41 42
40 41 42
41
42
