#kunkel.py
# GMT Thu Mar 28 20:05:59 2019
# 
0 1 2 3 36 33 6 7 8 42 39 12 13 16 34 37 35 22 38 28 29 31
1 33 36 5 6 7 8 41 10 39 14 16 17 19 22 23 24 26 27
2 3 4 6 8 9 10 11 12 13 15 20 22 23 24 27 28 35 36 38 40 42
3 4 6 7 10 11 13 14 15 16 18 19 20 25 26 29 34 35 36 38 40 41
4 32 5 6 39 8 9 10 11 12 34 15 18 19 22 41 24 26 28 30
5 7 8 11 13 20 22 23 24 25 26 27 28 30 31 32 36 37 38 41 42
6 8 10 11 12 15 21 23 24 25 28 30 31 32 33 36 37 38
7 9 10 12 13 14 15 19 22 23 24 25 27 29 30 31 35 38 40
8 10 11 14 16 17 20 22 25 26 27 28 33 35 37 38 39 40 41
9 32 34 41 10 39 13 15 18 35 21 22 23 24 26 29 30 31
10 11 12 13 14 16 17 18 20 21 22 23 28 32 33 34 35 40
11 14 16 19 21 22 23 24 25 26 28 29 30 32 33 34 38 40 41 42
12 13 17 20 21 22 23 25 26 27 29 32 37 38 39 40 42
13 32 38 40 15 16 17 42 20 24 25 26 37 31
14 32 34 36 38 35 17 19 20 21 22 23 25 29 39 42
15 35 37 40 42 39 18 19 41 23 25 26 27 36 31
16 18 19 20 21 22 23 24 26 29 30 33 36 40 41 42
17 17 19 20 21 22 23 24 25 26 28 31 32 33 34 37 38 39 40
18 19 20 21 24 25 27 28 29 30 31 32 33 34 36 39 42
19 34 37 20 21 22 24 25 26 28 36
20 20 24 28 31 32 35 37 38 41 42
21 32 33 35 38 22 23 26 27 29 30 42
22 26 27 31 34 36 37 40 41
23 25 26 28 29 32 34 37 39 41
24 27 28 29 30 33 34 37 41
25 27 29 31 33 34 36 38 40 42
26 33 39 36 30 31
27 28 29 30 32 33 35 36 37 38 40 41
28 28 29 30 34 36 37 39 40 42
29 30 33 35 38 39 40 41
30 32 35 37 42 38 40 31
31 33 35 36 42 41 37
32 32 36 37 38 39 40 41
33 34 35 37 38 40
34 35 37 38 39 40 42
35 36 39 40 42
36 39 41 42
37 39 40
38 40 41 42
39 40 41
40 41 42
41 42
42
