#kunkel.py
# GMT Thu Mar 28 20:06:02 2019
# 
0 0 2 3 5 6 7 10 11 12 14 19 21 22 23 25 33 35 36 38 39 40 41 42
1 3 4 5 6 7 8 12 14 15 16 20 21 24 26 30 32 33 36 37 40 41 42
2 4 5 6 8 11 15 17 19 20 21 22 24 27 29 30 31 33 34 38 39 40 42
3 34 4 5 38 7 40 9 11 13 14 15 16 21 23 25 26 28 39 37
4 37 6 39 40 41 12 13 34 18 19 21 22 23 24 25 28 31
5 6 8 10 12 13 15 16 17 18 20 25 26 27 28 31 34 36 39 41
6 7 9 10 11 14 15 16 19 20 22 23 29 30 31 33 34 38
7 34 36 38 32 40 9 42 12 14 19 20 41 23 24 26 29
8 11 14 16 17 19 20 21 22 23 26 29 30 32 33 35 37 39 40 42
9 32 33 34 11 12 13 17 35 20 22 39 24 25 27 28 29 30 31
10 10 13 14 15 16 17 18 19 20 21 24 26 30 33 34 35 36 38 39 40
11 12 15 17 18 19 20 21 23 25 28 29 30 32 33 34 35 36 39
12 14 16 18 20 24 27 30 31 33 34 35 37 39 40 41 42
13 32 33 34 38 39 16 17 18 35 20 23 24 26 27 28 42
14 34 37 41 42 16 17 19 22 26 28 29 30 35
15 32 36 40 34 16 18 21 24 25 26 27 29 30 31
16 17 19 20 21 23 27 29 30 33 34 35 41 42
17 18 19 20 21 23 24 25 26 28 30 31 32 34 37 39 41
18 32 42 34 35 39 40 41 19 23 25 27 37 31
19 32 35 37 34 22 24 36 28 42
20 20 21 22 25 29 35 37 38 39 40
21 37 38 39 22 23 24 36 26 31
22 24 25 26 27 28 31 33 34 36 38 39 41
23 25 26 28 29 30 31 33 34 36 39 40 41
24 26 27 28 31 33 37 38 40 42
25 33 34 40 41 36 28 29
26 32 36 38 41 27 31
27 28 29 30 32 33 35 36 37 38 39 41
28 29 30 36 37 38 39 40 42
29 32 35 37 42 40 41 31
30 31 32 33 34 35 36 37 38 39 41 42
31 32 34 35 37 39 42
32 33 38 42 37 41 40
33 35 36 38 40 41
34 35
35 36 37 38 39 41 42
36 37 39 40 42
37 39 40 41
38 41 39 42
39 42
40 42
41
42
