#refine.py
# GMT Mon Apr 29 00:32:13 2019
# 
29 16 0 21 9 34 7 22 6 10 15 13 2 33 5 25 27 31 17 3 14
8 42 28 11 2 9 41 1 12 6 35 21 23 38 25 27 33 31 17 37 24 39
11 16 2 30 12 18 1 7 22 15 6 21 40 3 37 36 27 39 24 19 14
36 16 26 21 12 18 41 39 6 13 4 40 38 7 0 27 31 28 37 24 17
4 26 30 9 18 1 28 15 35 25 23 40 5 7 27 31 32 37 3 2
12 1 22 10 23 40 7 32 41 17 34 9 28 35 5 14 31 20 24 3
1 16 21 30 34 39 22 35 13 23 0 33 5 25 27 32 41 19
37 28 22 6 23 0 32 41 17 34 30 26 24 40 5 25 20 19 14
22 34 0 21 18 25 6 35 20 40 33 5 7 27 14 24 2
6 6 23 0 33 32 17 16 2 9 18 28 35 13 21 31 19 14
10 0 33 7 27 35 20 34 32 2 30 39 28 15 19 42 13 25 31 17 24
23 7 0 26 35 20 34 32 21 39 9 15 42 13 14 24 3
40 26 9 18 17 15 42 13 21 33 3 25 27 32 19 20
33 16 21 30 18 26 35 13 38 5 25 42 32 24 17
7 16 30 18 34 15 35 38 25 42 31 3 41 14
27 16 39 28 15 42 2 14 13 31 17 21 20
28 16 2 30 18 24 13 20 38 31 32 41 3
41 0 17 32 2 16 21 30 9 34 15 42 38 5 25 20
3 34 2 18 13 31 26 19 9 38 16 5 24 20
20 34 21 18 26 35 13 38 25 42 19 14
34 0 21 2 30 18 24 42 9 19 17
32 0 30 24 15 42 13 5 38 19 14
2 16 9 30 39 18 26 15 42 25 24
30 14 9 26 15 25 38 31 19
9 18 39 5 0 38 31 19 17
18 0 39 15 42 25 38 19
39 0 17 35 39 19 42 13 38 5 25 31 24 14
26 16 14 0 25 15 35 21 5 42 31 24
15 21 42 5 24 14
14 16 42 13 38 5 31
19 0 21 13 16 31 19 17
35 16 42 25 0 31 24
13 16 21 25 38
21 17 38 31 24
38 25 42 5 31 24
16 0 17 16 42 5
25 17 5
0 42 5 31
42 17
31
17 5 24
24 5
5
