#refine.py
# GMT Mon Apr 29 00:39:42 2019
# 
42 10 5 9 25 23 7 29 11 27 41 39 36 15 4 32 31 34 21 26 37 14
5 22 12 25 10 8 29 27 41 4 38 16 36 40 17 21 26 37 18
33 10 39 12 25 23 7 8 29 20 4 38 16 13 30 24 2 0 35 37 14
18 10 14 23 7 8 29 27 41 39 36 16 13 1 34 2 32 22 21 17 35
23 35 39 10 8 20 4 38 15 6 13 9 36 28 2 32 22 21 25
8 7 35 11 4 38 34 32 9 24 3 6 0 16 21 37 25
17 17 11 27 41 36 0 28 2 13 22 35 9 20 30 24 37 6 32 26 40
11 39 11 32 31 22 35 10 25 19 38 15 30 1 24 40 0 21 37 14
27 39 16 10 19 20 7 41 38 15 30 1 3 22 26 37 35
41 25 12 19 20 4 39 15 32 24 3 0 40 26 34 14
39 39 12 7 1 29 4 38 15 30 9 24 13 37 35
28 10 9 12 7 19 29 38 34 13 32 1 24 3 6 0 22 26 40
34 3 2 31 10 9 12 25 7 29 4 15 30 6 0 21 40 14
32 4 36 13 15 7 19 29 20 16 1 6 0 37 3
36 9 10 19 29 38 16 2 30 6 0 31 13 21 40 14
2 20 35 19 4 30 1 24 6 29 31 22 21 25 40 14
13 10 12 7 20 16 30 9 22 31 15 40 14
31 9 15 22 29 20 4 0 35 24 3 16 21 26 37 14
22 20 22 25 7 29 38 15 30 1 21 26 40
35 10 29 15 19 6 24 3 26 37 14
10 19 4 30 1 38 6 25 14 26
9 12 25 7 20 16 30 24 6 26 37 3
12 4 21 25 15 19 20 16 24 38 29 40 1 37
25 7 16 19 30 24 15 21 26
7 29 20 19 30 3 14 26 37
19 15 3 4 16 1 24 40 6 37 14
29 15 4 6 1 0 26
20 1 4 38 37 0 26 40 14
4 0 30 1 6 21 37
38 40 15 1 6 0 21 37 3
16 1 15 30 3 0 21 37 14
30 3 15 1 24 0 37
1 0 24 21 26 14
24 3 0 21 26 40
37 6 40
6 3 15 26 40
15 0 40
0 14 3
14 3 26 40
21 3 40
26 3 26
40
3
