#kunkel.py
# GMT Wed Mar 27 00:13:01 2019
# 
0 2 3 36 5 6 7 8 9 42 11 34 13 14 15 16 17 35 38 22 23 27
1 2 3 4 9 11 12 13 14 15 16 19 20 21 24 25 27 32 33 37 38 40 41
2 2 4 5 6 10 12 13 15 16 17 18 19 20 21 23 25 26 31 32 35 36 37 38 41 42
3 7 9 10 13 15 16 17 20 21 23 24 25 26 27 29 31 32 35 37 38 39 40 42
4 4 5 6 9 10 13 14 15 16 17 19 20 22 23 28 31 33 35 36 38 39 41
5 7 8 9 10 13 15 16 18 19 21 24 26 29 30 33 37 38 40 41
6 32 37 38 39 8 10 12 34 14 16 17 21 22 24 25 28 42 31
7 7 8 9 11 13 18 20 21 22 23 24 26 31 32 33 34 35 36 37 41
8 11 12 16 17 18 20 21 23 24 25 26 27 30 31 32 34 37 38 39
9 10 14 15 17 18 19 20 27 28 29 30 32 34 36 39 42
10 10 11 20 23 24 27 30 31 34 36 37 38 39 40 41 42
11 12 14 15 16 19 22 25 26 29 31 33 34 35 36 37 39 40 41 42
12 13 14 18 21 22 27 29 30 31 33 34 35 36 37 39 40 42
13 13 14 16 18 20 22 26 30 31 33 36 39 40 41
14 18 21 22 23 24 25 26 27 28 31 37 39 40 41
15 16 17 18 25 27 28 29 30 32 35 36 37 40 41 42
16 17 20 21 24 28 30 31 37 38 40 41 42
17 17 18 21 22 26 28 30 32 33 34 35 37 38 39 40 41 42
18 18 19 20 22 23 24 28 29 32 33 34 36 37 40 42
19 32 38 33 40 42 21 22 23 25 26 37 29 39 31
20 22 23 24 27 28 30 31 33 34 36 38 39
21 22 23 25 26 27 35 36 39 40 41 42
22 34 35 38 41 23 26 28 30
23 27 28 29 30 31 34 37 38 40 41
24 25 27 28 29 33 35 37 38 39 40 41 42
25 27 28 30 31 32 33 35 36 38 40 41 42
26 26 27 28 29 30 31 32 33 36 37 38 39 42
27 27 28 29 31 33 35 36 41
28 32 35 39 42 29 30
29 32 33 36 35 39 40 30
30 31 32 33 34 35 40 41
31 33 39 40 42
32 32 34 36 39 40 41 42
33 34 35 37 38 41
34 35 36 38 39 40 42
35 35 36 38 39 42
36 37 38 39 40 41
37 42
38 40
39 41
40
41
42
