#kunkel.py
# GMT Wed Mar 27 00:13:04 2019
# 
0 2 4 5 8 10 12 13 16 23 24 25 27 28 29 30 31 32 34 35 36 37 39 40 41 42
1 3 5 9 10 13 15 18 19 23 24 26 28 30 33 34 35 36 37 38 39 40 41 42
2 3 5 6 8 9 10 13 15 16 19 21 26 27 29 30 32 33 34 35 37 38 39 40 41 42
3 3 5 6 8 9 13 15 17 18 21 24 28 30 31 33 34 36 37 38 39 42
4 4 5 7 10 11 13 14 16 17 19 21 23 28 29 32 33 34 35 37 38 39 40 41 42
5 5 9 15 19 20 21 22 23 24 25 26 27 29 34 35 36 37 40 41 42
6 8 10 11 12 13 15 17 20 23 25 29 32 33 34 35 36 37 38 39 40 41 42
7 8 13 14 18 21 22 23 24 25 26 27 28 29 30 31 32 34 35 38 39 40 41 42
8 8 9 11 14 15 16 17 18 20 24 26 29 30 31 32 33 34 35 37 39 40 41
9 9 13 14 15 17 18 19 21 22 23 24 25 28 29 31 34 35 36 39 40 41 42
10 14 17 18 20 21 25 26 27 28 29 30 33 34 35 36 37 38 39 40 41 42
11 12 13 15 16 17 19 21 22 23 24 25 26 27 28 29 30 31 33 34 36 37 40 41 42
12 12 13 14 15 16 19 20 21 27 29 30 33 35 36 37 38 39 40 41 42
13 17 18 19 20 21 24 25 26 29 34 35 36 37 38 39 41
14 16 20 22 23 26 27 28 29 31 32 33 34 35 36 37 38 39 40
15 16 17 18 22 23 27 34 35 36 38 39 40 41
16 17 18 19 20 21 22 23 24 30 31 32 33 34 35 36 37 38 40 41 42
17 22 23 26 29 31 32 34 35 36 37 39 40 41 42
18 19 20 21 22 24 25 28 29 31 32 33 36 37 38 39 40 42
19 20 25 27 28 30 31 32 33 34 35 36 37 38 39 40 41 42
20 24 25 26 28 29 31 32 36 37 38 39 40 41
21 22 23 28 31 33 34 35 36 37 38 40 42
22 25 27 29 30 32 33 34 35 36 37 38 39 40 41 42
23 23 24 25 26 27 28 32 34 36 37 38 39 40 41 42
24 24 26 28 29 30 31 32 33 34 35 36 37 39 40 41 42
25 26 27 30 31 32 33 34 36 37 38 40 42
26 27 28 31 33 34 35 36 37 39 41 42
27 35 36 38 40 41 39 37
28 30 34 35 37 38 39 40 42
29 30 32 34 35 36 38 39 40 41
30 30 31 33 34 35 36 37 38 39 40 41 42
31 34 35 36 37 38 39 42
32 32 33 34 35 37 38 41 42
33 35 36 37 42
34 34 36 39 40 42
35 38 39 40 41
36 37 38 39 42
37 41
38 39 41
39 39
40 40 41
41 42
42
