#kunkel.py
# GMT Wed Mar 27 00:13:06 2019
# 
20 33 30 35 8 25 4 7 0 13 24 17 9 2 16 38 32 39 36 42 15 27 29 12
21 22 26 0 25 4 40 14 19 13 6 24 32 41 7 38 1 36 42 15 29 12 37
22 33 3 8 4 35 6 5 40 0 19 10 18 17 41 37 38 11 36 42 31 12 39
23 34 7 23 36 3 0 25 40 5 10 41 6 24 17 9 2 38 1 39 26 42 15 27 29 37
37 10 24 18 17 30 7 34 16 35 25 38 4 11 26 5 15 33 9
30 2 30 0 5 40 14 13 18 17 41 33 16 38 32 11 36 42 15 27 12
26 33 34 3 8 35 5 40 13 10 18 9 2 38 41 15 27 29 31 12
34 8 28 4 14 0 19 13 6 24 18 41 7 38 1 11 36 42 27 29 31
35 35 28 25 3 5 10 41 13 6 24 18 32 9 7 16 38 1 39 36 29 12
8 1 18 33 3 38 0 5 25 4 11 28 15 42 40 9 31 12
28 25 5 40 41 14 0 19 10 24 18 17 9 2 38 1 32 36 27 29
25 33 25 4 7 18 17 9 2 38 1 11 36 42 27 29
4 5 40 33 14 6 24 18 17 41 2 16 38 39 42 15 11
3 3 6 14 10 24 18 17 41 7 38 32 11 36 42 27 31 12 39
6 5 14 19 6 24 18 17 9 33 38 32 11 41 42 15 27 29 12 39
5 14 24 41 7 16 38 13 36 42 40 9
40 7 36 41 19 10 24 18 32 9 2 1 11 27 29 31
33 2 14 19 13 9 33 39 38 1 11 36 15 27 29 12
41 14 19 32 2 16 38 39 42 31 12
7 19 13 24 32 9 2 16 11 36 42 29 12
14 2 24 32 38 1 16 39 15 27 29 31
0 0 19 13 10 24 2 16 1 11 36 42 9 31 12 39
19 10 19 17 9 16 38 32 39 36 42 15 27 29 31
13 10 24 18 17 2 38 1 32 11 42 15 29 39
10 18 17 16 36 42 27 9 12 39
24 17 2 16 32 15 27 31
18 36 17 2 16 1 32 42 15 31
17 32 9 2 39 11 29 31 12
29 39 1 11 15 32
2 38 1 42 27 9 31
16 1 11 42 15 27 9 31 39
38 36 38 11 15 31
1 39 27 31 12 11
32 9 36 15 27 12
11 9 36 27 31
36 15 27 31 12
42 15 27 31 12
15 9 31
27 12 39
9 31
31 39
12 39
39
