#kunkel.py
# GMT Wed Mar 27 00:13:09 2019
# 
20 20 21 7 30 3 28 25 22 40 5 10 19 13 6 24 18 32 41 2 16 1 11 36 9 12 39
29 21 22 23 30 26 3 8 5 33 41 14 6 18 9 7 1 39 36 27 29 31 12 37
34 21 22 23 34 35 8 4 5 33 0 19 6 18 41 7 16 38 39 36 42 15 31 37
37 21 22 23 30 3 8 28 25 4 40 33 0 19 6 24 18 2 1 11 26 31
23 21 2 30 3 4 40 5 6 19 10 24 17 9 33 38 1 39 41 15 11
30 19 2 40 36 17 41 7 3 1 42 13 11 26 5 15 27 39
36 21 22 35 8 28 5 40 19 24 32 41 2 16 38 1 11 36 42 27 31
21 7 26 35 0 28 25 4 5 40 41 10 18 32 9 33 16 38 31 12
35 22 8 40 10 0 19 13 6 24 17 41 33 16 32 11 15 27 31 12 39
0 2 10 24 18 17 41 16 25 22 26 39 40 42 15 27 9 12
28 33 26 8 4 7 19 13 6 18 17 41 2 38 1 39 42 15 27 31 12
25 2 40 5 10 14 19 13 6 24 32 41 33 16 39 26 27 9 31 11
22 33 26 3 40 7 14 17 9 2 38 1 39 42 27 31 11
4 33 8 4 40 14 13 10 24 18 32 2 1 39 27 9 31 11
3 3 8 10 14 19 6 24 18 17 9 16 38 1 32 26 42 15 31 12
6 33 5 40 14 13 9 7 1 11 41 42 27 31 12
5 14 8 13 24 18 32 26 16 1 27 15 40
40 7 8 14 13 10 24 17 2 1 31
33 7 10 13 24 17 2 32 11 26 42 15 27
7 8 41 7 14 19 24 17 9 38 32 11 26 15 27 12
14 10 41 24 18 17 9 2 16 38 11 26 31 39
8 26 41 10 24 18 9 2 16 38 1 39 42 27 12
19 2 18 16 38 32 13 11 15 31 12
13 13 24 32 41 2 1 42 15 9 31 12
10 17 41 16 38 1 11 26 42 15 27 31 12
24 24 17 41 2 16 32 39 26 42 9 12
18 2 17 41 16 38 1 32 11 15 12
17 2 32 41 38 27 9 12
41 32 39 42 15
2 2 16 39 26 15
16 32 38 11 27 9 12 39
38 11 42 27 31 12
1 32 11 42 27 12
32 42 27 9 31 12
39 11 26 15 27 31 12
26 26 42 15 11
42 11 15 27 9
15 27 31
27 9
9 31
31
12 11 12
11
