#kunkel.py
# GMT Wed Mar 27 00:13:09 2019
# 
20 20 34 22 23 30 35 25 40 33 41 14 19 18 17 9 7 38 2 36 42 15 29 12 37
29 21 22 23 34 3 8 28 25 4 35 5 40 14 13 17 7 38 1 32 11 9 31
21 21 22 3 0 25 4 35 5 13 6 24 18 17 41 7 16 38 11 26 42 15 39
7 1 13 6 23 24 37 41 33 8 16 0 28 25 26 36 5 10 9
23 26 0 22 4 5 14 19 13 10 24 17 41 2 16 1 11 36 15 31 39
37 30 26 35 8 25 4 5 40 10 24 18 17 41 33 16 39 36 42 27 31 12
30 22 3 0 28 4 19 6 24 18 17 41 16 38 1 32 11 26 15 27 31 12 39
26 22 34 3 25 35 40 6 33 19 10 24 17 41 38 11 42 15 27
34 2 3 25 22 4 35 40 19 13 24 18 9 33 16 38 1 11 36 27 31
35 0 28 25 4 5 14 19 13 10 24 18 17 41 16 38 32 36 42 12
8 3 8 25 22 40 5 10 14 0 19 13 6 32 41 2 39 1 11 36 27 31 12
28 22 0 25 4 3 5 6 14 10 24 17 9 33 16 39 36 42 15 27 31
25 22 4 33 0 19 6 24 32 2 11 15 12
22 33 13 10 18 17 2 16 32 39 36 42 31 12
4 33 3 4 5 40 19 13 17 9 2 15 31 12
3 3 5 40 41 14 0 19 10 24 18 32 9 16 39 42 15 31 12
40 2 40 41 14 13 10 24 18 17 9 33 16 38 39 36 42 15 27 12
5 5 6 41 0 10 18 32 9 38 36 27 31
6 33 14 19 13 6 18 17 16 38 1 39 42 15 9
33 18 17 1 36 39 42 10 9 31 12
14 14 19 18 17 9 2 16 38 1 32 39 15 11
0 2 13 10 24 41 19 39 16 27 11
19 10 13 17 41 2 38 39 36 42 27 31
13 18 17 9 1 32 42 15 27 31 12
10 10 32 41 16 38 36 15 27 31
24 24 18 32 41 1 11 36 42 9 31 39
18 2 32 41 1 36 31
32 17 2 16 1 11 42 15 31 12
41 2 38 36 15 9 12
2 16 11 42 15 27 9 12
16 17 16 1 11 36 42 27 12
38 9 38 11 42 15 27 12 39
1 39 36 42 15 27 9 31
17 9 39 11 27
39 11 42 31 12
36 11 36 42 15 9 31 12
42 15 27
15 11 9
27 11 9 12
9 9 11
31 11
12 12 11
11
