#kunkel.py
# GMT Wed Mar 27 00:13:12 2019
# 
20 2 33 26 35 8 28 40 5 10 14 13 6 24 18 41 7 11 36 42 27 29 12
2 24 34 37 10 23 19 18 17 33 21 35 0 42 26 11 36 5 40 27 9
33 29 34 22 30 8 28 25 4 40 13 6 24 18 17 41 7 16 38 36 15 9 37
23 22 23 36 3 0 28 35 37 8 13 6 24 18 17 16 38 32 11 26 9 39
9 0 21 22 24 18 17 19 16 8 13 1 26 42 4 27 31 12 37
37 21 3 0 28 4 6 14 8 10 37 29 16 38 1 39 36 42 15 31 11
30 34 10 15 24 17 41 7 16 38 1 28 26 39 36 42 6 27 29 3 32
26 34 26 3 28 25 35 6 14 19 13 10 24 41 7 1 39 36 42 15 12
34 14 0 21 13 6 17 16 8 5 25 22 4 3 42 41 12 39
35 22 36 3 0 28 5 7 8 19 6 32 16 38 1 11 42 29 31 12
8 22 21 0 28 25 40 14 19 10 24 17 29 7 1 32 27 12
28 21 3 25 4 5 40 14 0 13 24 18 17 36 15 29 31 12
25 14 1 13 6 11 24 17 19 39 42 15 40 31 12 32
22 3 0 4 13 6 24 17 41 7 38 32 11 36 42 27 31 29
4 21 3 5 40 7 14 19 13 6 32 41 16 1 11 15 27 31
3 21 3 0 5 40 14 10 24 18 17 41 16 38 39 42 15 27 29
40 21 0 40 5 10 19 6 24 18 32 41 1 11 36 15 31
5 0 5 10 13 6 18 17 7 16 38 1 32 39 42 27 29
10 21 0 6 14 19 13 10 18 17 41 7 38 32 11 15 27 12
14 36 14 19 13 17 41 7 16 32 11 15 27 12
0 0 6 19 29 16 38 39 42 15 27 12
19 1 15 17 41 38 42 27 31 12 11
13 21 24 32 29 16 38 1 11 42 15 39
6 36 24 17 16 1 11 39 31
24 21 41 7 16 11 27 31
18 42 7 32 41 38 15 36 27 31 12 39
17 21 17 41 7 32 11 36 31 39
41 21 38 1 32 15 27 29 12
7 21 36 38 1 11 42 27 31 39
16 21 32 38 15 31 12
38 21 32 38 1 39 15 27 11
1 36 32 39 27 31 29
32 21 36 42 15 29 31 12
21 39 36 42 27 31
11 39 42 15 29 12
36 39 42 12
42 29 31
15 39 31 12
27 29
29 29 31 12 39
31 31 12
12 12
39
