#kunkel.py
# GMT Wed Mar 27 00:13:12 2019
# 
20 14 0 19 13 10 12 32 37 34 35 1 28 21 22 3 36 5 15 29 31 16
34 21 22 34 8 4 40 19 13 10 18 32 41 7 38 1 2 26 42 15 27 9 12 37
22 22 0 5 40 19 13 6 24 18 9 33 39 16 38 2 11 29 31 12 37
23 21 23 3 0 28 25 4 5 10 14 19 13 6 24 32 7 16 11 26 42 15 27 39
9 35 0 28 25 4 5 40 8 19 10 24 18 17 33 16 38 1 39 15 27 37
30 14 0 21 37 17 41 32 7 35 8 28 25 26 4 3 36 42 31 12 11
26 3 0 28 4 40 10 14 19 6 18 17 41 1 39 36 42 15 27 29 31
21 7 3 8 25 4 5 6 18 17 41 33 1 2 11 36 27 12 37
35 7 3 8 28 25 4 40 6 0 19 10 18 17 41 2 16 1 32 11 31 29
0 3 25 4 40 33 24 2 39 36 42 15 27 29 12 37
28 7 8 5 33 14 19 13 6 24 41 2 1 39 42 15 31 12 29
25 2 8 5 40 14 19 10 18 32 29 33 16 1 11 36 42 27 12 39
4 3 8 5 40 14 10 24 17 41 2 16 38 39 15
3 37 3 6 7 8 13 10 24 18 32 41 33 38 39 27 31 11
6 5 40 7 13 24 18 17 33 32 2 11 42 27 31 12
5 24 18 32 7 38 8 13 40 42 10 33 36
40 14 13 24 18 32 41 7 38 1 2 42 27 29
33 8 14 19 18 41 2 16 38 11 39 42 29 31 37
7 8 10 14 2 16 38 11 36 42 15 27 29 31 12 39
14 36 37 14 19 13 10 24 18 17 41 16 38 11 12 39
8 37 18 17 29 38 1 11 36 42 15 39
19 10 24 17 41 38 32 2 36 27 29 31 12
13 18 32 41 37 15 42 16 10 27 17 31
10 10 17 38 1 15 27 31 12
24 18 17 16 32 11 36 27 29 31 12 39
18 37 18 17 16 38 39 42 15 12 11
32 37 17 41 2 16 38 39 36 15 27
41 11 38 1 29 16 12 39
37 29 17 36 42 27 12 11
16 38 1 36 42 15 31 12 29
38 38 1 2 39 42 15 27 29 31 11
1 11 15 39 36 27 31 29
17 2 29 11 42 15 27 31
2 2 39 36 15 27 12
11 11 15 29 12
36 36 42 15 27 29 31
42 42 29 31 12
15 29 12
27 12
29
31 39 12
12
39
