#kunkel.py
# GMT Wed Mar 27 00:13:12 2019
# 
20 20 21 2 9 30 35 8 4 3 14 41 33 16 38 1 11 42 15 27 29 31 37
21 34 22 23 30 26 3 28 25 4 40 14 18 41 33 16 1 2 11 36 27 29 31
2 7 26 34 35 8 28 25 6 14 0 10 18 32 37 38 1 2 39 36 42 15 27 29 31 12
23 22 23 30 26 34 3 0 5 13 6 24 17 7 38 1 11 36 42 15 27 29 37
9 14 19 37 18 17 41 7 3 38 1 32 25 35 36 40 27 29 0 16 39
30 34 35 8 25 5 40 14 19 13 32 41 7 16 38 1 39 42 27 29 12
36 22 3 0 25 35 5 14 19 17 41 33 16 38 1 32 11 26 12 37
34 22 3 0 28 25 40 6 33 7 13 10 18 17 16 38 32 11 42 15
35 22 35 8 28 25 3 5 6 33 19 13 10 24 17 41 1 39 15 27 12
8 22 0 25 5 33 14 13 6 24 32 41 16 38 26 29 31 12 37
28 37 0 25 40 10 19 13 6 24 18 17 7 39 26 27 29 31 12 11
25 14 0 10 24 32 33 5 4 42 40 12 29
22 0 4 40 19 13 10 18 32 41 37 16 1 39 27 29 31 12
4 3 0 5 40 14 19 13 10 24 18 17 7 38 1 11 26 15 27 29 39
3 14 13 24 18 17 29 33 38 0 42 40 27 37
6 7 5 40 33 14 10 24 17 16 38 11 39 42 15 31 12 37
5 33 10 24 17 7 16 13 11 15 40 27 29
40 29 7 19 41 33 38 26 42 15 27 31 12 37
7 7 0 14 19 13 37 17 41 16 32 39 15 27 11
14 14 24 18 17 38 1 32 39 26 42 15 31
0 33 18 41 38 11 42 15 27 29 31 39
19 26 10 24 18 32 41 33 16 1 39 15 27 37
13 33 18 17 41 38 1 32 11 26 31 12
10 10 33 24 18 17 41 16 38 11 42 15 29 39
24 17 41 37 16 1 11 26 42 15 39
18 18 17 32 39 26 27 31 12 37
32 33 39 1 11 26 42 15 29 31 37
41 37 41 38 1 11 15 12 29
33 16 11 26 42 15 27 31 39
39 11 17 29 16 38 39 31 12 37
16 17 29 38 1 26 27 31
38 26 42 15 31
1 17 11 26 42 15 31
17 29 31
11 26 42 29 31 12 37
26 26 15 12
42 27 31 12
15 27 29 12 37
27 12
29 29 12
31 37 12
12
37
