#kunkel.py
# GMT Wed Mar 27 00:13:14 2019
# 
20 34 22 30 3 28 4 5 10 14 6 9 33 16 38 1 2 39 42 15 29 31 12
34 34 7 3 8 28 25 4 40 0 10 17 41 33 16 38 1 32 2 9 12 37
22 37 35 8 28 25 4 5 40 19 13 6 24 17 41 7 16 39 42 27 29 12 11
23 21 7 3 0 35 5 14 19 10 18 17 41 33 38 1 32 2 11 42 15 27 29 39
30 14 21 2 10 24 18 17 7 16 38 0 32 4 3 42 36 5 15 9 39
36 33 0 4 5 10 8 19 13 6 18 32 41 7 38 17 26 42 27 9 31 12 37
21 8 19 33 6 24 17 41 2 3 1 25 26 4 35 15 40 9 27 29
3 14 10 18 32 37 19 16 8 1 26 42 15 40 29 31 25
0 33 35 28 25 5 40 19 13 10 24 18 17 2 16 1 39 42 27 9 31 37
28 25 40 14 8 6 24 18 17 2 16 38 1 32 39 26 15 27 9 12
25 35 4 14 8 19 10 24 18 17 33 1 32 2 11 29 12 39
4 35 37 5 14 19 13 10 18 41 33 38 1 39 15 27 29 11
35 35 14 13 10 24 37 17 7 16 38 1 32 39 26 42 15 31 12 11
40 5 6 33 14 19 13 10 18 17 41 7 16 1 39 26 37
5 26 5 8 19 13 10 17 16 38 1 32 39 42 15 29 12
6 6 7 14 13 10 24 37 32 9 33 38 2 39 26 42 15 29 31 11
11 1 19 32 7 27 2 8 13 16 15 10 33 9 31 37
7 14 24 18 32 33 8 16 13 37 41 12 39
14 19 18 17 2 16 1 39 42 29 31 12 37
8 8 24 18 32 41 16 38 1 2 26 42 15 27 9
19 10 32 41 33 16 38 17 26 27 31 12
13 1 26 17 29 2 38 33 9 31 12
10 18 32 9 37 26 42 29 31
24 33 24 18 32 41 38 1 39 15 27 29 12
18 18 32 41 33 16 26 42 27 12 37
17 17 41 2 38 26 27 9 29
9 38 1 26 42 27 9 31 12 39
33 33 16 38 2 42 27 29 31 12
16 32 38 2 42 15 27
38 37 41 1 32 39 31 29
1 41 26 42 31 29
32 2 32 41 42 27 29 31 37
26 15 2 42 31 12
2 41 37 15 12 39
39 41 15 31 37
41 42 15 27 31 12
42 42 15 31 12 37
15 15 29 12
27 37 29 31
29 12 37
31 31 12
12
37
