#kunkel.py
# GMT Wed Mar 27 00:12:55 2019
# 
0 35 5 38 39 8 9 10 11 13 14 15 16 40 19 22 25 26 27 42 30 31
1 1 3 5 6 8 9 11 12 13 14 17 18 19 20 21 28 31 33 35 36 37 39
2 2 3 6 7 8 9 12 14 17 18 20 21 22 23 24 26 30 31 32 34 37 40 42
3 5 7 10 11 12 13 14 15 17 19 25 27 28 31 32 34 37 38 40 41 42
4 5 7 11 12 16 18 19 20 21 23 25 26 28 30 32 34 35 36 37 39 40 41
5 7 8 9 10 15 16 17 20 21 22 23 27 30 31 34 36 38 40 42
6 7 8 9 10 11 14 15 16 18 19 21 22 24 27 30 31 32 33 36 38 39 41 42
7 7 8 11 12 13 17 21 22 24 25 26 27 28 34 36 40 41
8 9 11 12 13 14 19 20 21 23 26 27 28 31 33 34 40 41
9 10 11 12 13 15 16 17 19 20 24 25 26 29 39 41 42
10 10 11 13 15 18 20 22 23 24 26 27 28 30 32 33 34 35 36 39 40 42
11 12 13 14 16 20 21 22 23 25 29 30 32 35 37 42
12 13 15 16 18 19 20 22 24 26 28 30 32 33 36 37 38 42
13 13 15 17 21 25 27 28 29 30 31 33 34 35 40 41
14 16 17 18 19 23 25 26 27 30 33 34 35 36 38 39
15 16 17 18 19 24 26 27 28 30 36 37 38 39 41 42
16 34 42 17 37 19 22 36 26 29 30 31
17 18 22 23 24 26 27 28 29 32 33 34 36
18 22 23 25 26 27 28 29 31 34 35 37 39 41
19 19 21 22 23 24 25 30 31 32 34 38 41
20 23 24 26 30 31 33 34 35 36 37 39 40 42
21 22 23 25 27 28 29 31 34 35 36 37 38 39
22 22 23 25 28 29 32 33 34 37 39 40 42
23 24 26 27 31 32 33 35 37 38 42
24 33 35 37 40 39 25 27 28 30 31
25 26 31 32 35 36 37 38 40 41
26 26 28 29 31 34 36 39 40 42
27 28 32 33 35 36 37 39 41
28 28 29 30 31 32 33 35 38 39 41 42
29 32 33 34 36 37 38 39 40 42 41 31
30 30 32 33 34 37 38 39 40
31 32 33 36 40
32 35 36 38 39 40 41
33 34 35 36 38 40 41
34 37 38 41
35 38 40 42 39
36 37 38 41 42
37 38 39 40 41
38 39 41 42
39 42
40
41 42
42 42
