#kunkel.py
# GMT Wed Mar 27 00:12:57 2019
# 
0 1 2 3 4 5 6 7 8 10 13 14 15 21 23 25 26 28 29 34 35 37 38 39 40
1 3 4 5 7 8 10 11 14 15 16 18 21 23 24 28 29 31 32 33 37 38
2 2 3 7 9 12 15 21 22 23 24 25 28 30 31 32 33 34 36 38 40 41
3 5 8 9 11 13 14 17 18 20 21 24 25 26 27 28 32 33 34 35 37 39 41
4 6 7 8 10 13 14 15 16 20 22 23 24 25 26 27 31 32 33 35 36 40
5 34 36 6 7 40 10 12 13 18 19 22 23 24 25 35 29 30 31
6 38 7 8 9 10 11 12 13 14 17 18 20 41 24 36 26 29 37
7 11 13 17 18 19 21 22 24 26 28 30 31 34 35 40 41 42
8 11 13 15 17 19 20 21 22 23 27 28 30 31 33 35 37 39 41 42
9 10 12 13 14 19 20 21 22 23 24 26 27 28 29 30 31 35 36 38 39 40
10 12 13 16 18 19 20 21 25 26 27 28 29 30 32 33 37 39
11 12 13 14 15 21 22 23 24 25 26 29 30 31 32 36 38 39 40
12 13 14 16 18 19 20 23 24 25 33 34 35 37 39 40 41
13 13 15 16 17 22 23 24 25 30 32 33 37 38 42
14 15 16 17 18 19 22 26 28 29 30 33 34 35 36 37 40
15 33 38 32 41 42 18 19 20 36 26 29 39 31
16 17 21 23 26 27 28 30 33 34 35 36 37 38 39 40 41 42
17 17 18 22 23 24 25 26 28 29 30 31 34 37 39 41 42
18 18 19 23 24 25 27 28 30 33 34 36 37 38 41 42
19 21 22 23 25 26 27 31 32 35 37 39 40 42
20 20 21 24 27 29 30 31 33 34 35 36 38 39 40 41 42
21 21 22 24 25 26 28 30 32 34 37 38 42
22 25 26 27 29 30 32 33 34 35 36 37 40 41
23 25 26 27 28 30 31 32 36 40
24 24 26 27 29 30 31 33 34 35 36 39 40
25 25 27 28 33 36 38 39 41
26 29 31 32 34 39 42
27 28 29 32 33 35 36 38 40 41 42
28 30 31 35 36 38 41
29 34 33 32 40 41 39
30 30 31 34 38 39 40 41 42
31 31 35 38 40 42
32 32 34 35 36 37 39 41 42
33 33 38 39 40
34 37 39 40 41 42
35 35 36 39 41
36 37 38 39 42
37 41 42
38 42 39
39 40
40 42
41 42
42
