#kunkel.py
# GMT Fri Apr 19 07:17:52 2019
# 
27 14 21 9 32 0 5 11 12 29 2 30 31 39 38 42 18 16 25 17 15 10 1 6 33
35 36 4 0 11 13 31 39 32 42 37 16 24 41 17 8 19 10 22 1 20 6 33
14 39 13 7 37 34 32 3 9 24 28 17 40 8 19 10 38 22 18 31
21 9 24 0 5 11 19 12 13 39 38 42 37 7 26 16 4 34 8 15 10 17 23 20 33
9 9 31 0 29 2 39 42 37 7 15 26 25 17 8 19 10 22 23 6 33
24 32 0 42 28 12 29 36 38 5 13 26 16 24 25 34 8 3 23 31 6 33
32 4 0 10 28 12 29 36 38 42 37 7 16 25 8 15 3 31 20
0 28 2 30 36 38 42 37 26 16 4 6 17 19 3 1 20
3 28 12 2 30 36 39 38 13 7 16 41 25 8 15 10 22 18 20 6
5 39 37 38 16 4 25 17 12 29 19 28 26 18 22 40 30 1
11 39 37 7 34 31 16 41 6 17 40 8 15 2 18 23 20 1 36
19 28 12 18 30 31 13 16 4 41 17 40 8 15 23 20 6 33
12 42 28 29 2 36 38 13 7 26 16 25 34 22 18 20 33
29 36 42 28 29 2 30 39 38 23 7 4 41 34 40 15 10 31 20 33
37 39 13 7 36 34 8 15 28 25 22 23 30 6
36 10 2 31 7 26 4 41 25 34 15 23 22 1 33
28 13 2 42 26 16 4 34 40 22 23 6 33 1
2 31 38 13 4 41 25 40 8 15 22 20 6 33
30 17 13 7 4 42 25 34 40 18 23 20 6 1
31 13 7 26 16 4 41 34 40 8 17 33
39 38 13 26 16 41 34 40 15 25 8 1
38 16 18 4 8 34 15 10 17 22
42 1 7 26 16 25 17 40 8 10 23 20
18 10 23 15 7 26 16 41 25 34 22 1 20 6
7 10 13 26 16 4 8 22 20 6 33
34 13 23 26 41 17 10 6
26 4 13 41 17 40 15 22 6 33 1
16 23 17 40 33
4 1 20 17 40 23 33
41 17 23 15 25 10 20 6 33
25 13 40 8 15 6 33 1
17 13 8 22 1 6
40 13 8 10 22 1 6 33
8 22 23 20 6
15 10 23 13 22 1
10 23 22 20 6 33
23 13 22 23
22 13 33
1 13 6 33 1
20 13 6
6 33
33
13
