#kunkel.py
# GMT Tue Apr 23 13:58:17 2019
# 
23 4 21 35 24 0 25 30 10 7 37 19 2 12 36 22 17 29 39 16 11 27 26 40
18 19 5 30 31 2 42 15 35 9 3 17 29 24 41 11 25 39 10 0 37 6
4 19 34 8 31 32 35 38 9 39 16 29 40 41 25 20 33 7 10 37 26
21 32 30 28 15 0 10 7 33 19 20 2 36 1 8 3 17 31 41 11 27 26
41 30 42 6 14 24 25 7 9 20 13 36 1 22 8 3 11 39 26 31
31 32 28 38 6 39 33 10 34 13 2 5 1 8 3 11 31 42 40
42 30 16 2 12 15 35 38 6 8 3 17 29 40 0 37 7 14 39
15 35 14 6 25 33 7 37 19 13 17 36 5 1 8 11 39 16 27 24
35 30 32 38 9 0 33 7 10 19 20 13 5 1 22 8 11 27 17
32 28 9 6 25 33 19 24 13 2 12 36 5 1 8 17 16 11 27 26 40
6 14 25 0 10 7 33 37 19 9 34 2 12 38 11 29 28
1 9 0 33 7 10 37 34 2 36 5 38 17 29 16 27 26 39
9 19 34 24 28 2 3 17 16 11 25 37 22 39
28 28 14 0 30 37 7 24 34 13 12 5 22 8 3 17 29 16 26 40
24 30 16 37 7 19 20 13 2 36 5 38 3 11 29 26
0 20 13 17 26 22 38 3 11 34 30 37 10 40
25 14 25 33 7 10 37 34 2 12 36 5 8 3 17 26 11 27 40
30 39 14 20 12 5 38 22 3 11 26 16 27 40
10 38 14 34 19 20 13 2 36 22 8 29 27 39
7 40 34 37 19 20 36 5 8 11 29
37 13 2 12 22 39 29 16 26
19 14 34 33 20 12 22 3 29 39 16 26
14 34 13 2 12 36 5 38 8 17 29 39 16 27
20 16 13 12 38 3 39 29 27 33 40
34 38 33 34 12 5 3 26 16 27 40
13 33 2 36 5 38 22 3 39 16 27
2 38 2 5 8 3 11 16 40
12 33 5 38 8 3 11 29 39 27 17
36 26 22 3 17 29 11 27 40
5 40 22 8 29 39 27 26
38 40 33 22 3 17 29 26
22 40 33 8 17 39 16 11 26
8 17 29 11
3 33 39 27
17 40 11 29 39 16 17
29 26 16 27
39 33 11 27
16 33 27 40
11 33
27 40
33 26
26 40
40
