#kunkel.py
# GMT Tue Apr 23 13:58:17 2019
# 
23 18 42 15 14 25 33 7 37 19 34 13 17 5 38 8 3 11 29 31 41 28 26
18 32 21 31 9 40 25 0 33 7 19 20 24 5 1 22 8 17 39 16 27 26
4 19 32 24 11 30 12 36 28 38 1 9 17 29 6 41 42 25 10 7 37 39
21 19 34 13 32 12 42 1 6 14 3 29 39 16 40 0 27 33 26 37 24
16 30 42 15 35 6 25 0 37 7 10 19 34 13 12 22 39 29 26 41 24
39 41 31 28 35 14 24 25 33 7 10 37 13 12 36 5 22 11 39 42 27 26 17
32 30 0 25 34 37 7 33 19 20 2 12 38 8 3 17 31 41 11 27 26
42 28 38 14 40 25 0 20 2 12 5 1 22 8 3 17 29 26
15 41 28 15 35 14 6 25 34 33 10 40 9 20 2 12 36 22 3 17 29 27 24
35 30 41 6 38 14 24 0 33 7 10 19 1 22 3 17 31 11 27 26
10 30 28 14 25 37 7 10 19 9 34 12 36 22 8 29 27 31
6 28 9 40 0 25 30 33 37 19 5 38 22 8 17 31 11 27 24
1 14 24 0 33 7 37 19 20 2 12 38 22 8 3 11 29 31 27 26
14 40 0 30 7 19 20 13 12 5 38 3 34 29 31
36 34 13 2 28 5 30 38 9 3 11 29 41 27 25 0 33 31
12 19 8 13 2 41 9 26 40 33 24
40 30 9 25 19 20 13 5 38 3 11 26 41 28 27 24
25 0 19 17 5 38 8 11 26 27 24
0 9 13 30 22 3 17 29 34 33 24
37 34 38 30 19 20 13 2 5 22 8 17 29 11 31
7 30 8 26 28 2 38 9 29 20 19 41
33 9 30 33 34 2 5 22 8 17 41 11 26
19 41 28 38 9 2 22 11
9 24 20 13 2 38 22 8 3 11 31 41
20 30 38 24 34 13 2 5 22 29 31 41 27
34 8 2 28 30 38 3 11 24 26
13 30 13 17 22 8 11 29 41 27 26 24
2 30 24 5 3 11 26 28 27 17
24 28 8 11
17 26 29 41 27 22
5 8 31 26 28 22 11 41
30 28 38 22 8 3 29
38 31 3
22 3 27 31
8 29 31 41 28 27
3 11 31 28 27 26
11 28 31 26
29 29 26 41 27
31 41 27
41 28 27 26
28 27
27
26
