#kunkel.py
# GMT Tue Apr 23 13:58:17 2019
# 
23 18 4 35 21 16 13 2 42 5 1 14 17 29 39 41 11 0 10 33 40
18 18 30 32 28 15 35 1 9 6 0 10 21 19 20 2 36 5 38 8 31 40
4 19 35 34 32 42 5 10 1 14 39 11 6 16 40 30 27 7 37 21 24
21 41 32 28 15 35 9 6 0 10 7 19 34 13 36 38 11 29 16 24
41 32 42 35 9 6 25 33 7 19 14 13 36 22 3 11 29 39 16 27 26 17
31 11 30 32 28 35 14 6 34 10 7 37 9 20 13 22 8 3 17 39 16 42 40
32 42 35 24 25 0 10 7 34 40 12 5 22 8 17 29 27 26
42 30 16 1 0 10 7 37 34 13 2 12 38 3 11 29 27 26
15 28 35 9 40 0 25 34 37 19 14 20 12 5 38 22 17 26 16 11 27 39
35 16 28 35 6 30 33 7 20 13 2 36 5 22 8 11 29 27 26
28 10 1 14 6 0 34 37 7 33 20 38 22 3 11 29 26 24
38 9 17 6 30 37 33 19 24 34 2 12 36 5 38 8 3 11 39 40
14 6 9 24 40 0 33 7 37 20 2 12 36 5 3 29 39 16 27
12 19 20 8 2 36 5 1 3 17 29 6 25 0 37 34
40 30 1 25 34 33 7 19 9 20 13 36 17 29 11 26
25 30 9 0 10 7 33 19 20 13 2 36 22 3 11 29 26 27
0 6 30 7 34 13 2 36 5 1 17 39 16 27
10 9 6 30 10 33 19 34 13 2 1 22 8 3 37 39
7 24 33 37 20 36 1 22 17 26 16
33 6 1 24 33 19 34 13 22 8 17 39 16 27 26
37 1 9 17 19 20 13 2 36 39 11 29 26
19 39 2 8 3 17 16 27 30 24
9 16 9 13 2 36 5 22 8 11 29 24
20 34 8 13 2 1 6 3 17 26 27
13 6 30 36 5 1 22 8 17 11 26
2 6 36 3 11 29 26 16 24
24 8 22 1 3 11 29 6 16 34 17
36 5 30 1 39 17 6
5 30 8 22 1 17 34 27 29
30 34 8 3 39 29 27 26
1 34 8 3 11 39 27
22 34 6 39 17 29 11
8 39 3 26 11 27
3 16 6 17 29 39 27
17 16 39 27
29 16 39 26
39 27 26
16 11 34
11 11 27
34 6 27 26
27 6 26
26
6
