#kunkel.py
# GMT Tue Apr 23 13:51:00 2019
# 
23 18 30 32 42 15 14 40 25 33 10 19 13 2 12 36 38 22 3 17 29 26 31
18 30 16 28 15 35 24 25 0 10 7 37 21 20 13 2 5 1 3 41 42 40
4 21 41 15 35 6 30 10 7 37 19 34 13 2 36 1 3 17 29 31 16 11 40
11 32 28 15 1 14 24 9 34 13 12 36 5 38 22 8 17 29 39 41 42 26 40
30 21 28 14 6 25 7 24 20 13 12 36 22 8 17 29 39 16 42 27 26
41 28 15 6 9 24 25 10 7 40 19 34 2 12 36 38 3 26 16 27 17
39 32 39 15 35 14 6 25 0 7 21 9 34 12 1 22 8 3 26 27 31
32 21 28 15 35 33 25 34 10 37 20 2 24 1 22 8 31 42 27 26
42 36 15 35 10 2 8 17 24 16 28 0 34 33 19 37 26
15 35 9 25 0 7 20 17 36 5 38 22 3 28 27 31
35 19 20 2 14 3 9 17 26 36 0 10 37 21 24
6 19 8 20 16 40 12 5 1 9 3 25 34 33 7 26 21 24
1 28 14 0 33 7 19 9 34 13 36 5 1 22 8 31 16 27 24
14 31 28 38 24 25 34 37 7 19 20 2 12 36 8 3 17 40
40 20 13 12 28 38 22 25 0 10 7 19 37 26
25 28 9 21 33 10 37 2 36 5 38 29 26
0 21 24 37 33 34 13 12 5 38 8 17 31 16 27 26
33 34 2 22 8 3 36 17 29 16 28 27 19 37 24
7 20 31 28 2 38 9 16 34 37 26 21
10 34 37 19 20 24 36 38 8 17 29 31 16 27 26
37 9 13 5 38 22 8 17 29 26 16
19 21 38 34 19 20 36 22 3 17 29 26 28 27
9 20 31 17 5 2 8 3 36 29 28 26
20 24 21 13 12 36 38 8 3 29 31 27 26
24 38 13 2 22 8 3 29 26 24
13 21 34 2 12 36 5 22 8 3 17 31
2 21 3 17 28 34 27 26
12 16 22 28 5 38 3 17 36 27 26
36 16 34 5 29 31
5 34 17 38 3 16 28 27 31
38 21 34 8 29 31 16
22 28 21 3 17 29 16 27 26
8 21 17 8 29 31
3 21 16 28 31
17 16 31 27
29 27 26 28 21
26 31 27 26
16 21 34 27
28 21 27
34 21
27 21 31
21 21
31
