#kunkel.py
# GMT Tue Apr 23 13:47:58 2019
# 
23 19 18 4 34 13 32 28 15 35 38 8 11 26 39 42 25 0 10 33 6
18 4 30 28 38 14 6 33 19 9 34 13 2 1 22 39 17 29 31 41 42 27 26
4 34 13 32 26 36 15 35 2 9 29 6 37 28 25 30 33 27 21 40
30 41 32 28 38 6 0 24 13 17 12 36 5 1 8 3 11 31 16 27 26
16 13 2 12 28 38 14 17 29 40 41 11 25 0 10 7 27 33 21 39
31 13 32 12 42 2 1 22 8 3 11 40 36 0 34 37 7 14 17
32 24 28 15 9 33 0 10 37 42 34 12 5 1 22 17 29 41 11 27 39
28 42 14 21 10 20 12 36 5 1 22 8 3 11 29 39 26
15 5 24 13 2 12 42 35 22 8 9 11 39 36 25 0 10 27 6
35 42 38 9 6 25 37 10 19 24 2 12 36 1 3 11 26 41 27 40
1 19 42 10 38 8 3 37 25 34 27 7 0 33 21 24
14 19 21 25 24 36 5 38 22 9 3 17 29 40 39 6 34 26
36 9 40 0 33 7 10 21 19 12 22 8 3 29 39 26
6 24 25 0 10 7 33 9 20 13 12 5 38 3 29 41 6
3 9 24 0 37 33 21 19 34 13 2 12 22 8 39 41
25 21 38 0 25 34 10 37 19 20 12 5 17 29 39 41 11 27 40
0 42 9 24 37 7 19 13 17 22 11 26
33 21 38 7 19 24 12 5 8 17 39 11 27 40
7 21 42 38 24 40 10 20 12 22 39 17 29 11 27 26
10 38 24 37 20 13 40 22 8 11 29 39 27
37 39 42 38 9 19 20 2 5 22 17 29 41 26
40 42 9 34 19 20 13 2 5 8 11 29 27 26
19 21 42 19 34 12 5 17 26 41 24
9 20 8 24 2 39 41 11 27 22
20 8 5 34 12 2 38 39 11 26 24 41 27
34 8 12 2 38 11 29 42 21 24
13 42 21 2 5 38 22 11 29 27 26
2 21 42 12 5 17 29 39 41 26
24 38 12 5 11 26 24
17 5 41 12 8 38 22 29 27
5 21 38 22 8 26 41 27
38 42 21 8 39 26
22 21 8 11 29 41 26
8 42 12 29 27 39
12 41 29 42
11 41 21
29 21 39 42
26 21 39 41 26
41 42 39 27
42 21 27
27 39
21
39 39
