#kunkel.py
# GMT Tue Apr 23 13:41:53 2019
# 
23 18 4 21 28 15 35 14 25 34 10 7 19 20 13 12 36 5 1 22 41 42 27
18 32 21 41 35 14 6 25 0 37 7 9 40 12 5 22 17 29 31 16 27 26 24
4 32 21 41 28 15 38 14 24 0 25 30 33 37 13 12 36 1 22 8 17 31 16
11 19 32 42 30 13 2 12 36 15 38 22 17 39 28 25 37 7 27 33 24 26
21 5 20 31 32 19 15 35 38 3 29 6 41 36 25 27 26 37 40
16 32 42 35 38 9 6 0 34 10 7 37 19 20 13 12 1 39 41 27 40
32 41 28 15 35 40 0 25 30 19 20 2 12 38 8 3 29 42 27 17
28 34 13 24 14 42 15 35 38 6 8 39 36 0 37 27 17
15 35 6 0 33 7 10 34 17 5 3 29 26 41 42 27 24
35 42 9 24 30 7 14 2 1 8 3 29 31 41 27 26
38 9 6 30 33 7 37 24 34 2 12 36 5 8 29 31 42 26
14 9 6 25 33 37 7 10 19 20 2 12 36 8 3 39 31 26 24
3 34 9 13 31 36 5 30 6 17 29 40 25 20 37 27 39
2 1 6 0 25 34 37 7 33 19 20 13 40 5 22 29 41 24
6 31 1 40 34 10 33 37 20 12 39 42 27 24
0 34 13 31 1 22 8 17 29 26 42 25 33 37 24
25 42 24 40 30 37 7 19 9 20 13 26 31
34 30 42 1 40 33 37 36 5 8 17 29 39 27 31
10 30 41 31 42 9 40 33 10 19 20 13 36 1 22 17 29 39 27 24
7 30 12 42 22 1 40 39 36 26 24
37 41 19 9 12 22 8 42 27 40
19 42 30 33 9 36 5 1 22 29 39 27 26 17
9 30 8 40 36 5 22 17 29 26 24
20 41 8 13 12 42 5 1 17 36 31 26
13 30 40 33 12 36 5 22 8 39 41 42 27
40 41 30 40 12 36 22 17 39 26 24
12 1 24 36 5 8 39 27 26 17
36 1 30 8 31 17
5 30 42 24 5 22 29 31 41 26 39
30 42 33 17 26 27 31
1 22 8 33 39 27 26 24
22 42 24 17 8 29 31 41 26 39
8 29 39 41 33 26
39 29 33 27 26
17 33 26 27 31
29 42 24 33 29 31
31 33 26 41
41 33 26
42
27 24
33 33 26
26 26
24
