#kunkel.py
# GMT Tue Apr 23 13:39:06 2019
# 
23 32 4 30 28 15 1 14 6 33 10 37 19 9 20 5 38 3 11 29 39 41 42
32 4 21 35 14 24 0 33 7 10 19 13 2 36 5 22 8 3 17 26 41 11 40
4 4 21 28 15 9 6 0 25 34 10 37 24 20 12 36 5 38 8 3 26 41 42 27 40
30 18 42 15 1 14 17 24 0 9 20 13 2 36 5 38 22 8 11 39 16 26 31
16 28 15 35 9 40 25 0 10 7 37 21 19 34 2 12 5 22 8 31 41 26
31 18 31 42 15 9 6 0 34 37 7 19 20 36 1 3 29 26 28 27 24
18 28 35 9 0 25 34 10 37 21 19 20 13 2 38 22 39 17 29 41 26
28 15 14 17 40 25 0 10 37 19 13 2 36 38 8 11 29 27 6
15 15 35 9 24 33 10 20 12 36 38 22 8 29 42 26 40
35 1 9 24 25 0 33 10 37 14 13 12 36 5 38 11 29 39 41 17
10 20 38 2 14 11 39 36 25 21 37 7 19 26
1 19 20 2 5 36 38 6 14 11 34 41 42 25 0 27 22 40
14 34 7 19 20 13 2 36 38 22 8 3 17 29 39 27
25 21 9 6 33 7 19 2 5 38 3 17 41 42 27 40
17 40 0 34 37 33 21 20 12 8 3 11 29 39 41 27
6 34 13 2 24 5 38 3 11 29 0 37 7 26 40
0 0 37 7 20 12 36 38 3 41 42 27 26
40 21 41 33 7 34 2 24 36 22 3 11 29 39 42
21 20 13 36 5 38 8 3 11 34 7 37 26
37 9 7 33 2 12 36 5 8 3 29 42 24
7 9 34 33 20 5 22 8 3 29 39 26
33 42 9 19 24 20 13 2 12 38 8 39 11 27 26
19 9 24 20 34 13 12 5 38 3 39 41 27 26
9 13 2 24 8 3 42 20 39
20 34 12 22 29 27 39
13 34 2 12 36 5 22 8 3 29 26 41
2 24 12 5 22 3 39 27 26
12 5 41 42 3 29 24 34 27
36 5 8 24 22 39 29
5 5 38 22 3 11 29 27
38 34 11 29 26 42
22 42 8 3 29 26 41 27 39
8 11 41 29 34 24
3 42 34 27
11 24 29 39 41 42 27 26
29 42 29 41
39 26 34 24
41 27 42 24
42 34 27 26
34 24 27
27 26
26 24
24
