#kunkel.py
# GMT Tue Apr 23 13:27:40 2019
# 
23 32 4 21 18 28 35 38 14 6 0 34 7 20 12 1 22 39 17 29 31 41 27 24
32 19 21 8 13 42 15 5 38 9 3 17 29 39 41 34 25 0 33 37 26
4 18 21 31 14 6 25 30 37 10 19 33 13 2 22 3 17 26 41 11 27 24
11 18 21 16 28 35 9 6 0 10 7 33 19 34 2 24 5 38 22 39 41 26 40
21 28 14 40 25 0 10 7 19 34 2 12 36 5 38 22 29 31 42 17
16 30 28 14 24 39 10 7 37 9 13 2 12 36 5 1 8 3 29 31 27 17
18 14 34 13 40 12 15 10 9 29 39 41 25 0 27 7 26 6
28 35 9 17 6 25 30 33 7 13 2 12 36 1 8 3 29 39 26
15 30 35 14 6 25 34 10 7 19 9 20 36 5 38 22 3 29 31 27 24
35 19 24 20 12 38 6 9 3 34 39 37 40 0 33 7 10 26
10 42 14 17 6 25 0 37 33 9 24 13 2 36 8 29 40
38 14 6 33 19 20 13 36 5 1 22 17 29 31 27 26 24
14 41 42 14 6 25 30 37 20 12 5 1 8 3 39 26
2 40 25 30 33 19 13 36 5 1 22 8 3 29 31 41 39
6 30 40 34 37 19 20 13 12 36 1 29 39 42 31
0 42 25 30 7 37 19 34 13 5 1 3 29 31 27 17
25 19 8 13 12 22 39 41 7 37 24 40
34 24 40 30 37 33 17 36 5 1 22 8 3 29 41
33 27 5 22 3 17 40 36 42 7 37 26
7 41 24 30 37 20 40 36 5 8 29 26 27 17
37 30 20 13 24 36 5 3 26 27 31
40 19 5 12 42 1 22 9 3 20 27
19 13 12 42 30 9 3 17 31 27
9 30 42 9 20 13 12 36 5 22 3 39 26
20 30 42 20 13 5 1 8 3 39 41 27 26
13 30 13 1 22 17 29 39 42 26
3 5 8 17 29 39 42 26
12 41 24 30 12 36 5 1 22 39 29 31 42 27 26
36 31 5 30 17 26 42 24
5 41 1 39 31
30 41 1 22 17 42 24
1 22 8 29 24 27
22 42 24 8 39 27 31
8 41 39 17 29 24 42 27 26
39 41 27 24
17 26 41 42 27
29 41 29 31 42 24
31 42 26 27 24
41 24 27 26
42
27 26
26
24
