#kunkel.py
# GMT Tue Apr 23 13:25:50 2019
# 
23 32 30 16 28 38 14 24 0 10 7 20 17 36 5 1 8 3 11 29 41 42 40
32 18 4 21 35 10 38 40 25 33 7 37 34 13 2 36 5 1 8 31 16 27 39
4 20 41 18 14 42 5 1 22 9 17 29 24 2 28 25 27 7 10 37 40
30 18 21 13 12 19 15 35 38 1 14 3 39 29 6 41 40 34 37 27 24
16 41 18 15 9 6 0 40 34 33 7 37 19 20 13 12 5 22 3 31 16 24
39 18 28 15 35 14 6 0 33 37 21 34 12 8 3 17 29 31 27 26 24
18 20 34 14 42 35 1 22 38 8 11 0 37 7 27 21 24
28 42 15 35 14 6 34 33 19 9 20 13 12 5 22 3 17 11 27 31
15 19 20 41 31 2 12 5 38 22 17 29 36 25 0 6 34 40
35 6 14 40 25 0 10 37 21 9 13 5 38 17 29 41 11 24
6 42 9 10 7 37 19 20 17 36 5 38 22 3 11 29 26 31
38 9 21 33 7 37 34 2 36 5 38 22 3 17 29 26 11 24
14 2 24 1 22 3 11 40 25 0 37 7 10 21 31
12 24 25 34 10 21 20 13 5 1 22 8 3 17 31 11 27 26
24 31 34 33 10 19 20 13 2 1 29 41 27 26
25 42 10 37 7 33 19 2 36 5 1 3 17 29 31 41 27 26
0 21 31 42 9 33 7 20 13 2 36 1 22 8 17 29 26
10 20 13 19 1 22 3 17 29 36 27 7 26
7 21 19 9 20 13 5 22 8 3 11 29 31 26
37 42 40 2 22 8 3 17 29 31 41 11 26
21 31 42 9 40 33 21 19 20 13 2 5 1 3 26
34 19 42 2 9 17 29 36 40 20 33 26
9 20 41 2 22 3 36 29 33 42 26
20 41 19 20 13 1 3 17
13 33 17 36 8 11 29 31 41 27 40
17 41 40 33 36 5 8 27 26
33 19 2 36 1 22 8 11 41 26
36 42 19 22 8 3 29 31 11 40
5 40 1 22 29 19 31
1 42 19 1 22 8 26 41
2 42 19 40 8 11 26 41 27 31
8 22 3 29 41 11 26 27
3 11 41 42 27
11 42 22 41 31
29 42 41 27
31 40 42 27
41 19 22 27
42 19 22 27 40
27 26
19 40 22 26
26 40 22
22 22 40
40
