#kunkel.py
# GMT Tue Apr 23 13:17:54 2019
# 
23 19 18 4 21 40 42 15 35 1 22 38 8 29 39 16 36 25 0 27 7 6
18 32 42 15 9 6 25 10 37 40 19 34 2 12 17 38 11 31 41 28 27 39
4 32 21 42 15 35 0 34 10 7 33 19 20 2 36 5 8 11 29 39 16 17
21 19 20 13 14 28 5 38 8 39 9 29 31 42 34 37 7 26 27 6
41 30 42 35 38 6 10 37 19 33 13 17 5 1 8 11 29 39 16 28 27 24
31 32 42 15 35 38 9 24 25 0 33 37 20 13 12 5 1 22 8 31 16 40
32 20 13 2 12 36 35 1 22 39 17 29 16 11 25 37 6 26
42 15 6 38 9 24 0 30 10 7 19 12 36 1 22 29 27 26
15 28 9 24 0 34 10 20 13 2 12 36 5 3 11 39 16 27
35 14 40 25 10 33 37 19 9 34 13 2 12 36 1 8 3 11 29
38 20 16 2 14 30 1 9 3 11 29 36 25 33 19 24
9 6 1 9 40 25 0 10 33 13 2 5 22 11 39 26
17 30 14 6 25 0 10 7 20 13 40 12 36 1 8 3 11 26 27 24
6 6 14 24 0 10 7 37 20 5 1 22 26 28 39
25 5 30 12 19 2 1 3 29 16 36 0 37 11
0 30 28 33 37 34 40 24 36 1 22 8 11 27 26
10 20 13 1 22 3 36 26 40 11 37 7 27
7 19 13 2 12 5 22 8 34 40 16 30 26 37 39
37 28 14 24 33 37 34 13 2 5 1 8 3 29 16 26
19 40 20 2 12 36 5 8 11 39 28 27 24
14 30 1 40 33 34 2 12 36 5 22 8 3 26 16 27 39
24 11 30 1 34 33 20 2 5 3 29 28 39
20 28 30 13 12 22 8 3 29 39 16 27 26
34 8 13 2 12 28 30 22 3 29 40
13 28 40 33 12 36 5 1 22 29 26 39
2 1 40 33 12 22 11 26 27
12 30 5 8 3 16 27 39
36 33 5 22 8 3 29 26 28 27
5 39 28 30 33 22 3 11
30 1 33 8 29 39 16 28 27 26
1 39 3 16
22 40 3 11 29 16 28
8 11 40 29 16 28 26
3 28 40 33 29 16 11
11 28 29 26 16 27
29 40 33 29 39
39 40 33 39 16
16 26
28 40 27
27 40 26
33 40 26
26
40
