#kunkel.py
# GMT Tue Apr 23 13:14:19 2019
# 
23 4 21 16 28 15 40 10 37 19 34 13 17 36 38 22 8 11 29 26 41 42 39
32 18 4 41 32 35 38 14 6 0 34 33 19 9 20 12 36 1 22 3 17 29 16
4 30 13 18 42 15 5 28 1 38 9 29 26 16 36 0 27 7 19 37
21 9 20 2 12 36 5 22 8 3 39 29 40 16 25 34 27 26 37 31
16 18 28 15 14 6 25 0 20 2 36 1 22 8 3 11 29 39 27
31 33 18 34 40 12 28 30 38 22 9 3 11 29 24 37 25 20 10 27 26
18 28 15 35 38 14 24 25 37 9 20 13 2 36 5 1 22 11 29 42 40
28 30 38 24 25 10 7 40 2 12 36 1 3 17 29 39 41 11
15 20 13 2 42 5 30 14 17 29 36 0 10 27 19 33 34
35 20 33 42 2 30 22 14 3 11 29 24 41 36 0 34 27 10 37 39
6 19 9 34 2 14 36 5 38 1 8 3 17 24 25 30 37 27 26
1 19 30 41 13 12 5 8 29 25 0 10 7 26 37 24
14 33 41 30 8 13 12 42 9 39 11 26 34 10 27 40
2 41 42 9 30 10 7 13 12 36 5 38 22 17 39 40
40 42 9 24 30 10 7 19 13 12 36 5 8 3 39 27 26
3 11 9 20 37 7 19 34 36 5 8 17 29 39 42
25 38 9 0 33 10 37 19 24 5 22 17 26 41 42 27
0 41 42 9 24 33 7 37 19 34 13 36 8 17 26 27
10 11 34 33 37 19 20 13 12 5 22 17 42 26
7 20 13 12 5 30 22 9 17 11 29 41 36 33 39
37 42 38 30 20 13 36 5 22 8 27
19 38 9 34 19 20 13 12 36 22 29 41 27
9 42 30 33 20 22 11 41 27 26
24 11 42 33 34 13 36 5 38 17 29 41 27 26
20 30 33 34 13 5 38 8 41 39
34 39 42 30 12 36 5 38 22 17 27
13 8 22 39 17 26 27
17 33 12 5 38 22 8 17 29 39 26
33 42 33 12 38 8 29 39 41 27
36 30 5 8 27
5 30 12 5 26 41 27
30 38 22 8 11 41 42
38 12 22 8 39 27 26
22 29 41 11
8 42 12 11 26 27
12 41 11 27 39
11 41 29 42 26
29 41 42 27
26 42 39 41
41 39
42 39
27 39 27
39
