#kunkel.py
# GMT Tue Apr 23 13:09:39 2019
# 
23 21 42 15 14 6 25 30 33 7 9 24 34 13 12 36 1 22 11 29 31 27 26 17
32 30 28 35 14 6 25 0 10 7 37 19 9 34 13 12 38 22 11 31 16 27 33 17
4 19 18 9 20 13 12 28 15 5 22 8 3 17 29 39 6 0 27 26 24
21 18 20 13 40 14 28 5 1 9 39 16 0 25 34 10 7 27 33 37 31
16 15 38 9 6 40 34 10 7 37 33 20 13 12 1 8 3 29 39 41 27 26
18 28 15 24 0 25 30 33 7 19 34 13 2 12 38 22 8 29 39 41 27 31
42 28 35 14 24 0 10 37 19 2 12 5 1 22 8 3 17 29 31 27 26 39
15 30 28 35 38 14 6 25 10 19 9 34 13 2 1 8 3 11 26 17
35 13 2 12 5 28 6 9 3 39 41 36 25 0 10 7 37 31
41 30 14 6 25 10 37 19 9 34 13 2 36 5 38 22 3 17 29 26 11 24
38 19 20 31 28 22 25 11 29 39 36 40 30 27 33 34 26
14 20 13 31 9 3 36 11 29 39 28 25 30 10 19 24
2 19 34 12 5 10 1 6 3 17 39 36 27 7 26 37 24
6 28 6 25 0 33 19 20 13 1 22 3 17 29 39 27 40
0 30 0 34 33 7 37 20 13 36 1 22 8 29 31 28 27 24
25 28 1 24 40 37 19 20 12 5 8 31 26
30 28 1 24 37 7 19 13 12 36 5 22 11 26 40
33 24 8 13 12 28 1 9 17 34 39 11 40 31
7 28 40 10 37 19 34 12 36 5 8 3 11 27
10 19 9 20 13 36 22 8 11 29 26 28 27 31
40 19 20 13 28 5 22 8 3 26 36 27 39
19 37 20 22 8 3 17 39
9 31 28 5 8 11 39 27 26 37 24
24 24 20 12 36 5 3 17 31 28 26
20 28 1 34 12 36 5 8 3 11 26
34 1 13 36 5 22 3 17 29 11
13 37 5 1 3 26
3 12 5 1 8 29 39 28
12 37 12 36 22 17 39 28 26
36 1 5 17 29 31 11 39
5 22 8 17 39 11
1 26 17 11 37 31
22 17 29 31 27 26 39
8 37 17 39 11 27 31
39 37 29 31 28 26
11 29 26 27
29 37 31 28 27 17
31 31 26
37 17 27
28
27 17 26
26
17
