#kunkel.py
# GMT Tue Apr 23 13:02:40 2019
# 
23 19 21 2 36 35 30 1 38 3 11 6 41 42 0 34 27 7 10 37 17
18 18 4 21 32 28 14 6 25 0 10 7 20 36 38 8 3 11 39 41 42 27 26
4 19 5 30 32 33 42 35 38 22 39 11 31 16 28 25 0 27 6 17
21 30 32 28 15 14 24 34 37 10 21 20 36 5 22 11 29 31 41 27 26
16 30 28 14 24 25 0 37 7 19 34 13 2 36 5 1 22 8 3 17 29 39 41
31 30 28 14 40 0 34 33 7 10 9 20 2 12 36 5 38 17 29 39 27
32 30 15 35 9 6 25 34 33 7 19 20 13 12 36 5 8 3 11 29 41
42 30 35 40 25 0 10 7 13 12 36 5 1 22 8 3 11 39 41 24
15 19 9 20 39 2 12 36 35 8 3 17 40 24 41 0 25 27 10 26
35 28 14 24 0 34 37 7 19 9 20 13 2 8 17 26 27 40
38 30 28 14 24 25 0 37 19 34 13 17 36 1 8 11 29 41 27 26 6
14 19 12 36 30 8 11 34 41 0 25 20 10 7 37 24
12 19 20 8 40 1 22 11 29 41 25 34 33 7 10 37 26
6 30 28 1 9 6 25 0 10 37 20 2 36 5 8 3 39 41 26
0 30 1 25 7 19 9 13 36 22 3 17 40
25 10 9 24 34 13 22 17 29 41 27 40
30 11 24 10 9 13 2 36 5 22 3 17 29 28 26
10 7 34 20 13 40 1 8 3 29 39 27
7 11 41 9 40 34 2 5 8 3 17 29 28 39
37 41 1 9 33 34 2 5 8 17 29 39 11 27 26 40
40 9 24 19 20 5 1 3 29 39 28 27 26
19 41 28 34 9 20 22 8 3 11 29 39 17
9 24 33 34 13 2 1 22 17 29 11 26
24 1 33 20 13 2 11 34 26 41 28 27 24
20 33 36 5 1 8 17 39 41 11 26
34 1 33 36 5 22 3 11
13 41 8 5 22 1 17 29 33 26
2 8 41 22 33 36 1 3 11 39 27
33 28 36 5 1 22 3 11 29 39 27 17
36 5 22 3 39 27
5 8 17 29 39 28 27
1 22 8 3 28 27
22 11 39 41 28 27 26
8 29 28 27
3 28 39 17
11 39 26
29 41 28 26
39 26 17
41 17 28
28 27 26
27 17 27 26
26 17
17 17
