#kunkel.py
# GMT Tue Apr 23 12:58:55 2019
# 
23 18 21 16 32 28 14 6 25 0 10 7 33 19 20 13 2 12 5 22 29 26 41 42 40
18 19 4 35 30 16 32 42 15 5 2 14 3 17 40 41 36 0 27 7 37
4 19 20 32 28 35 30 38 2 1 8 29 24 16 25 34 10 7 27 37 26
11 32 42 15 35 14 40 25 10 19 34 13 2 36 5 1 22 3 17 29 31 28 24
21 32 30 28 35 1 9 6 0 34 37 7 33 21 19 24 20 12 38 17 29 42 27 40
16 20 8 13 32 12 36 5 14 39 3 17 31 34 0 37 29 27 6
31 14 35 20 2 12 28 15 5 22 8 17 39 36 0 34 10 27 40
32 32 28 14 6 25 0 33 37 9 24 36 38 22 8 3 29 39 41 42 26
39 30 42 35 9 24 25 10 7 37 34 13 40 12 5 22 3 17 27 26 6
28 15 14 6 37 33 19 9 34 5 1 22 3 17 26 41 27
15 30 35 9 24 0 34 33 37 19 20 2 12 36 1 22 17 41 40
35 19 3 24 30 1 12 26 10 0 40 33 7 37 17
1 0 9 13 24 12 38 8 34 6 36 25 20 27 26 17
14 20 13 12 5 30 38 33 3 17 34 10 7 26 40
6 41 13 12 8 38 9 36 25 30 33 27 19 40
25 10 9 40 25 0 33 7 37 20 13 2 24 17 29 41 26
0 42 30 37 19 20 13 36 22 8 3 17 41
10 30 42 17 34 19 9 20 13 2 12 36 38 22 41
7 42 40 34 20 13 12 36 38 22 8 3 17 29 41
33 30 37 24 34 13 2 12 36 38 8 29 26 42 40
37 40 20 34 2 12 5 30 22 8 42 27
19 9 30 19 20 13 2 8 3 29 26 41 27 40
9 38 34 20 36 5 22 3 17 41 42 27 26
24 5 13 2 12 36 38 29 41 34 27 26
20 38 30 2 5 22 3 29 27
13 41 34 13 40 36 3 17 26
2 42 36 5 38 8 29 41 27 17
12 38 30 5 22 8 17 29 41
36 30 42 40 34 8 29 26
5 30 34 38 8 3 29 27 26 40
30 42 34 17 29 41
38 42 40 34 22 8 26 41
22 27 3 34 41 42 40
8 41 42 40 3 26 27
3 41 17 3 29 26
17 27 26
29 34 26
26 27
41 34 27
42 27 40
34
27
40
