#kunkel.py
# GMT Tue Apr 23 12:53:01 2019
# 
23 19 32 4 5 21 2 24 42 35 38 9 17 26 31 16 25 34 27 33 37 40
32 18 30 32 28 15 35 1 24 0 33 37 19 34 13 2 12 5 38 22 3 26 39
4 18 4 30 16 42 24 40 10 7 33 19 20 13 12 1 22 8 17 39 41 31
11 18 30 28 15 35 9 6 25 21 37 33 19 14 20 13 40 12 17 26 41 42 24
21 9 34 8 40 36 38 22 1 14 17 26 41 0 25 30 10 6 37 24
41 19 31 2 12 28 1 9 3 29 39 37 42 30 10 7 33 34 40
39 34 13 18 42 8 5 30 1 14 3 9 29 16 25 20 10 27 37
18 13 17 31 36 35 10 22 14 24 16 42 25 0 33 27 6
42 30 28 15 35 14 6 0 37 7 19 20 2 36 38 27 31
15 20 31 2 36 5 1 38 8 3 29 6 16 25 30 33 7 27 26
35 30 35 14 6 25 0 33 7 10 19 34 13 2 36 38 8 3 26 17
10 28 9 33 37 34 13 2 12 36 5 22 8 17 27 26 31
6 28 14 24 34 33 7 19 9 20 5 38 22 8 29 26 16 27
1 14 24 0 30 33 19 9 34 2 12 36 38 22 17 29 31
9 19 16 2 12 28 22 38 29 0 30 27 37
24 14 0 25 30 33 7 37 40 36 5 8 29 31 27 17
0 37 7 19 13 2 12 36 22 8 3 17 26 16 28 27
25 31 14 34 7 20 13 17 12 36 5 22 3 16 27 26 40
30 16 14 37 7 13 12 36 22 8 3 28 26
33 38 14 37 20 2 5 3 17 29 27 40
7 20 13 2 31 28 22 3 36 29 37
37 14 19 13 2 5 38 29 26 17
19 16 14 2 12 5 22 8 29 31 40
14 38 40 34 20 36 22 31 28
20 17 40 13 2 12 36 5 22 8 3 31 28 27
34 5 8 13 26 36 22 17 29 27
13 17 2 12 36 3 29 31 27 26
2 5 8 22 40 26
12 8 36 16 5 38 40 28 17
36 38 8 29 28 27
5 28 40 8 17 29 16 26
38 8 3 17 29 31 16 28 26 40
22 28 8 31 16 26 40
8 31 40 3 17 27
3 16 31 28 17 29 40
17 28 29 31 16
29 28 31 27 26
31 26 31
16 28 27 26 40
28 40 26 27
27 40 26
26
40 40
