#kunkel.py
# GMT Tue Apr 23 12:48:33 2019
# 
23 30 28 15 14 6 40 0 37 7 10 21 19 9 20 2 5 1 8 29 26 42 31
18 8 21 16 13 17 12 36 35 38 14 11 29 6 41 42 0 30 33 7 27 40
4 19 32 34 8 13 2 14 36 15 38 22 9 39 28 0 10 7 27 37 21 26
30 20 2 33 42 35 1 14 3 11 29 40 36 25 39 37 26 19 31
16 19 11 21 2 33 28 38 22 1 9 17 40 31 41 36 25 0 10 37 6
32 19 8 5 20 12 36 35 1 22 9 3 29 31 42 34 37 7 27 40
28 20 24 42 15 35 1 38 9 11 29 39 41 40 21 10 7 26 6
15 35 1 14 6 0 25 34 10 7 37 20 13 2 12 36 38 22 11 29
35 1 9 24 25 0 33 19 20 13 38 22 8 3 11 29 31 41 27
38 34 8 13 22 14 9 29 39 42 0 33 7 26 6
14 39 33 19 5 9 3 17 40 36 25 34 10 7 27 24
25 6 25 0 10 7 9 13 2 12 1 22 8 3 17 29 31 41 27
17 21 41 42 40 0 10 9 34 13 2 12 5 1 22 8 11 39 24
6 21 9 24 34 37 19 20 13 2 12 8 11 31 41 42 27
3 10 40 34 33 7 37 9 20 13 36 5 22 11 39 41 27 26 31
40 33 21 10 37 20 13 12 5 1 29 31 41 11 27 26
0 21 42 9 24 37 19 34 13 36 22 29 31 26
37 41 37 19 34 12 36 5 1 11 29 39 27 24
7 1 24 19 9 20 13 12 36 8 29 31 41 27 26
10 20 39 29 31 41 11 34 33 42 24
21 21 33 13 2 36 5 1 22 8 29 26 27 24
19 42 33 9 20 12 36 5 22 8 31 26
9 1 34 2 22 26 41 11 39
24 33 20 13 12 36 5 1 22 39 11 29 31 42 27
20 33 34 13 12 5 1 8 39 31
13 39 5 36 8 11 26
2 31 42 33 34 12 36 5 1 22 11 39 27 26
12 27 33 42 5 22 41 34 26
36 36 5 1 11 29 39
5 42 33 22 8 11 29 26 27
1 34 33 11 26 42
22 39 29 31 41
8 42 33 34 29 39 41 11 27 26
39 33 11 29 31 41
11 34 31 27 26
29 41 42
31 41 31 42 27 26
41 33 34 42 26
42 33 34 26
34 33 27
27
33
26
