#kunkel.py
# GMT Tue Apr 23 12:47:45 2019
# 
23 18 30 42 15 35 9 24 0 40 34 33 37 21 14 20 13 12 36 11 31 26 6
18 4 21 28 35 38 14 6 25 0 33 19 9 20 40 12 5 1 8 39 42 27 24
4 30 32 28 38 14 6 40 34 37 10 21 20 13 2 12 36 1 3 17 29 27 24
30 28 15 6 34 33 10 19 20 13 17 36 22 8 3 11 29 39 41 27 24
16 32 41 42 35 6 25 0 37 7 33 34 2 12 36 5 1 22 8 3 17 16 27
32 31 15 38 14 40 7 19 20 13 2 12 36 1 22 8 17 29 39 41 27 26
42 21 15 35 38 9 6 39 2 12 36 5 1 22 3 17 31 41 11 40
15 8 13 24 5 38 9 17 34 39 41 40 0 10 27 21 31
35 21 38 6 25 0 10 7 33 37 34 13 5 1 22 8 11 29 39 31
10 21 28 38 24 25 37 10 19 20 40 12 5 1 8 17 29 31 41 33 39
6 25 34 7 21 19 20 13 5 38 8 17 29 31 41 27 26
38 9 24 37 19 33 13 12 36 5 1 3 11 29 40
9 34 8 13 2 22 14 17 29 24 41 28 0 37 7 19 39
3 19 41 13 2 12 22 14 17 24 36 25 21 33 7 0 39
17 31 21 7 33 37 19 34 12 1 22 11 39 27 26
24 40 25 34 7 37 21 19 20 1 22 29 39 41 26
0 20 13 12 28 1 14 26 36 25 37 7 27 19 39
25 21 41 28 14 19 12 36 22 8 11 29 31 27 40
34 28 40 14 2 36 5 22 29 31 41 11 39
33 28 14 40 21 37 13 2 36 5 8 31 11 27 26
7 21 28 7 19 20 13 2 12 5 22 29 39 26
37 19 20 41 2 36 22 11 21 26
21 13 2 36 5 22 29 39 41 27 26
19 28 40 14 20 13 2 36 8 11 27
14 13 12 5 1 2 31 36 27 39
20 31 1 22 36 11 26 41 28
13 12 1 8 11 26 27
2 41 12 5 11 29 40 36 31
12 5 1 8 31 28 26
36 40 22 8 31 28 39
5 41 28 1 26 27 40
1 22 39 28 11 40
22 11 8 31 41 28 26
8 28 29 31 41 27 26
39 29 26 27 40
11 26 40 41 28 31
29 31 28 41 26
31 40 28 27
41 40 26 27
28 26
27 40
26 40 26
40
