#kunkel.py
# GMT Tue Apr 23 12:35:50 2019
# 
23 0 18 4 35 20 24 36 15 5 38 8 3 17 40 11 25 39 7 26 21 6
18 14 42 21 41 12 36 35 30 38 8 17 29 6 16 11 0 33 7 27 40
4 19 9 34 32 14 36 15 2 38 22 8 39 37 28 0 10 7 27 21 26
21 21 28 6 40 0 33 13 2 36 5 1 22 8 17 29 26 16 27 24
41 28 35 6 9 40 25 10 7 33 37 34 12 22 8 3 17 29 31 16 42 26 39
31 32 30 16 42 35 6 24 25 0 10 7 40 19 20 13 2 22 3 11 31 27 26 39
32 19 9 35 20 12 42 5 1 22 8 3 29 36 34 27 7 37 40
42 30 28 38 6 0 33 10 19 24 34 13 2 12 5 1 8 17 29 26
15 28 35 38 14 6 0 25 34 10 7 37 20 13 2 12 36 1 22 11 29
35 30 28 38 9 24 25 0 33 19 20 1 22 8 3 11 29 27
28 13 1 6 38 9 11 29 39 16 40 20 10 7 26 24
6 9 24 25 34 37 19 20 13 2 12 38 8 11 16 27
1 9 24 25 30 33 7 37 40 20 13 2 36 11 34 26 16 17
14 19 34 13 40 36 5 38 9 3 17 39 27 25 30 10 7 33 24
12 19 20 24 5 2 33 17 26 25 34 37 7 27 22 40
40 16 30 10 33 37 20 13 5 3 17 29 11 27 26
25 30 9 25 0 10 7 2 22 8 3 17 29 16 27
0 9 24 37 19 34 13 36 38 22 17 29 16 26
33 38 30 10 19 20 2 5 8 3 34 39 16 24
7 38 24 19 9 20 13 36 8 3 29 27 26
10 34 20 13 17 24 3 11 29 16 39
37 30 16 37 19 24 34 13 36 5 3 11 29 39 27
19 30 9 20 13 36 5 22 8 16 26
9 16 38 34 13 2 22 3 17 26 11 39
20 30 24 34 13 5 8 3 39
13 30 2 5 8 29 26
2 30 34 36 5 22 11 39 16 27 26 17
24 36 5 22 39 11 29 27 17
36 30 36 5 3 11 29 39 16
5 22 8 3 11 29 26 27 17
30 3 11 26 39 29
38 34 8 22 39 29 16 26
22 39 3 17 29 16
8 34 17 29 39 11 27 26
3 34 11 39 27 26
17 16 34 11 39
29 39
39 11
16 11
11 34 27 26
34 27
27
26
