#kunkel.py
# GMT Tue Apr 23 12:24:54 2019
# 
23 32 4 30 18 28 15 24 25 0 37 33 34 13 2 22 8 3 17 26 41 11 27 39
32 18 20 36 15 5 1 22 38 39 11 29 31 16 34 25 0 33 6 26
4 30 42 9 6 25 0 33 7 37 21 19 14 20 40 22 8 11 29 39 16 27 26 24
30 18 41 28 35 14 6 25 0 10 7 34 13 12 5 1 29 39 16 42 26 40
16 18 15 38 14 6 34 33 21 19 9 20 13 12 1 17 41 11 27 24
31 21 18 15 35 9 24 25 0 33 19 14 2 36 5 38 8 3 11 29 31 17
18 41 28 9 24 10 7 33 37 14 34 36 5 1 22 8 29 26 39
28 8 2 12 42 35 38 9 3 11 29 39 41 25 34 27 19 21 17
15 41 42 35 38 14 6 33 7 19 20 13 2 5 1 22 8 3 26 39
35 19 13 17 42 5 1 38 11 26 41 40 34 10 27 0 33 39
10 34 13 2 42 1 22 3 29 39 36 25 20 33 7 26 21 6
6 42 9 40 0 25 34 7 20 13 12 38 8 11 26 27 17
38 21 41 9 40 34 33 7 37 19 20 2 12 29 39 42 26
14 41 24 0 25 34 37 21 20 13 2 12 36 22 8 3 11 27 39
24 21 2 42 1 22 9 3 17 29 40 0 33 19 27 39
25 0 19 9 20 13 2 5 1 8 3 17 29 27 39
0 27 12 42 1 17 36 33 37 19 26 40
33 41 42 1 9 7 37 34 13 2 5 3 29 40
7 42 21 37 2 12 36 5 22 8 17 26 41 27 40
37 21 12 19 5 1 8 3 9 34 39 36 40
21 19 41 13 2 5 8 11 17 36 29 27
40 34 19 20 13 2 12 5 22 3 11 39 41 27
19 1 9 19 20 13 3 17 42 26
9 20 12 36 5 1 22 8 3 11 42 26
42 1 12 36 3 17 29 39 41
20 1 34 13 2 36 5 22 17 41 11
34 1 34 22 8 3 17 29 39 11
13 41 2 1 22 3 29 27
2 12 36 5 22 17 39 27
12 8 5 22 1 39 3 11 26
36 39 1 3 11 29 41 27 26
5 5 1 8 3 17 29 11
1 22 8 26
22 8 3 11 29 26
8 11 41
3 17 29 26
17 11 39 41 27
29 26 41 27
26 11 27
41 11 39 27
11
27
39
