#kunkel.py
# GMT Tue Apr 23 12:23:14 2019
# 
23 32 4 30 28 35 14 6 25 0 33 7 10 34 2 24 22 3 17 26 16 42 27 39
32 20 31 36 15 5 1 22 14 17 29 39 41 42 25 30 33 0 37 26
4 18 35 21 13 12 42 5 1 8 3 17 39 41 11 0 33 7 37 40
11 19 5 30 13 2 12 36 15 35 1 22 8 26 39 28 0 10 7 37 40
30 21 41 31 28 15 6 33 7 37 20 13 36 38 22 8 3 26 16 40
41 19 20 13 2 12 35 1 6 8 9 17 29 31 0 27 26 21 39
31 18 42 35 14 24 25 0 37 7 21 13 2 5 38 8 17 29 31 16
28 18 5 2 17 19 35 38 8 29 39 16 27 25 21 10 7 33 6
15 18 42 14 6 34 10 33 21 20 13 17 36 5 1 8 3 16 27 24
35 18 16 14 40 25 33 37 19 9 34 13 36 22 8 29 42 26 24
38 19 18 14 5 10 1 9 26 39 16 42 40 34 27 0 33 37 6
14 18 42 6 20 37 7 19 34 13 2 12 36 5 1 22 26 39
12 21 42 9 6 40 10 7 37 19 2 36 5 22 3 26 16 27 17
6 16 40 34 10 7 21 19 20 13 5 17 29 39 42 27
18 18 21 1 40 0 25 34 19 20 5 8 3 16 26 24
25 9 0 34 10 7 37 20 13 2 36 1 8 3 29 39 16 27
0 24 16 13 42 1 3 26 36 10 19 27 40
33 42 1 9 40 10 7 33 20 13 36 5 22 17 29 39 16
7 8 13 17 1 22 3 37 36 21 27
10 9 37 19 34 13 40 36 1 3 17 29 39 26
37 42 1 40 21 37 20 2 8 29 16 17
40 42 34 20 2 36 5 22 3 39 27 24
19 1 9 36 5 8 3 29 39 16 42 24
9 20 2 36 22 1 17 29 39 42 21 34 26
20 16 34 13 2 36 5 1 22 8 3
34 13 42 2 1 29 36 21 27 22
13 24 21 2 22 3 17 27 39
2 21 24 5 22 16 42 27 39
24 21 1 22 8 3 17 29 39 16 42 27
36 5 8 3 26 16 27
5 21 8 29 42 26 39
1 42 22 8 26 17
22 8 3 29 26 17
8 42 3 17 26
3 42 21 29 39 27 26
17 29 42 26 39
29 21 26 42 27
26 27
16 21 27 39
42
27 21
21
39
