#kunkel.py
# GMT Tue Apr 23 13:58:10 2019
# 
0 1 2 4 8 10 14 16 17 18 19 22 25 26 28 31 32 34 35 36 37 39 40 42
1 35 2 3 36 38 6 7 8 9 41 13 17 19 40 21 22 23 27 28 29
2 2 4 5 6 7 12 13 15 16 20 21 23 25 28 29 30 32 34 35 36 39 40
3 5 7 9 10 14 15 16 17 20 21 23 24 26 27 28 30 31 32 36 37 39 42
4 6 10 12 13 15 16 17 18 20 21 24 25 26 27 29 30 32 36 37 39 41
5 33 36 37 6 39 40 41 11 34 14 16 17 35 23 24 26 27 28
6 6 11 13 15 18 19 20 22 23 24 25 29 32 33 34 35 41 42
7 8 9 10 14 15 18 19 21 26 28 29 30 31 32 33 35 39 41 42
8 34 35 33 42 11 12 13 14 15 16 17 18 19 20 21 22 37
9 11 12 13 15 16 17 18 19 20 21 24 26 28 29 31 33 34 36 37 40
10 15 16 17 18 23 24 25 27 28 30 31 33 34 37 38 40 41 42
11 32 33 34 39 42 12 13 14 15 17 19 22 40 24 29 30 37
12 15 16 18 19 20 22 23 25 27 28 29 30 31 33 34 38 40 41
13 32 38 39 34 15 18 21 22 24 36 26 28 29 31
14 15 16 21 23 24 25 27 29 30 31 32 35 36 37 38 41
15 16 17 23 24 30 31 33 38 40 41
16 21 22 26 27 29 31 33 34 35 39 40
17 18 19 21 22 27 28 30 33 36 38 39 41 42
18 34 35 37 39 19 20 21 41 24 25 31
19 22 23 24 25 26 27 30 31 32 33 36 37 41
20 21 22 23 24 25 28 30 33 35 37 38 39 40 42
21 22 25 27 29 33 34 35 36 37 38
22 22 23 25 26 28 29 32 35 36 38 41 42
23 24 25 26 27 32 33 38 39 40 42
24 24 25 26 27 28 29 30 31 35 36 39 40 42
25 26 28 30 31 33 34 37 38
26 26 27 30 32 34 35 38 39 40 41
27 32 35 33 40 38 28 37
28 28 30 31 34 36 37 38 39 41
29 33 40 42 41 36 39 31
30 32 38 39 36
31 35 36 39 41
32 32 35 37 38 39 41 42
33 34 35 36 37 39 40 42
34 36 38 39 40 41 42
35 37 38 42
36 37 40 42
37 38 40 41 42
38 40
39 41 42
40 41
41 42
42
