#kunkel.py
# GMT Tue Apr 23 12:10:00 2019
# 
23 4 30 28 15 35 9 24 25 33 7 19 34 13 12 36 1 22 8 3 31 27 26 39
18 21 41 42 9 24 25 0 33 7 10 37 19 13 40 12 5 1 22 39 31 16 27 6
4 32 30 41 28 15 6 25 34 37 21 19 20 13 40 36 5 38 11 39 16 42 24
30 32 21 8 2 42 35 38 6 14 17 29 24 41 28 34 33 19 37 39
16 16 32 28 15 35 6 24 40 0 33 7 20 13 2 12 17 29 39 41 27 31
32 8 35 39 2 12 36 5 1 14 3 11 40 25 34 7 26 21 6
28 41 1 14 40 0 33 10 19 20 2 12 36 5 38 22 8 29 39
15 19 41 27 42 5 6 3 17 26 36 25 39 10 7 33 37 40
35 42 1 9 6 0 25 34 33 37 14 20 2 36 38 3 11 26 27 17
6 41 31 42 14 25 0 10 33 21 19 13 22 3 11 29 39 27 26
38 9 24 0 10 7 33 19 34 13 36 22 8 3 29 31 41 42 27 26 40
9 21 31 42 25 33 37 19 20 13 2 36 22 8 3 11 29 39 41 17
2 41 24 0 34 37 7 21 19 20 36 5 22 8 3 39 26 31
17 14 40 25 33 10 19 34 5 1 22 8 39 11 29 26 27 24
24 14 40 25 0 10 33 21 19 12 1 22 39 11 31 26
0 19 42 5 20 13 31 1 3 11 36 25 37 7
25 21 14 10 7 37 19 20 5 8 3 27
21 42 21 33 40 12 5 1 22 3 11 29 31 41
33 1 14 37 13 12 36 8 3 41 40
7 34 13 12 42 1 29 40 41 10 19 37 26
10 14 40 20 34 13 36 8 3 29 31 41 11 27
37 42 14 37 20 13 12 5 8 3 11 26 41
19 14 20 13 22 26 41 27
14 41 39 36 11 26 27 20 29
20 34 13 12 5 8 11 29 39 27 31
34 42 1 13 12 36 5 8 11 29 41 27
13 31 1 29 27 40 26
40 12 5 22 3 29 39 27 40
12 36 1 22 8 3 11 29 26 41 42
36 1 5 22 11 26 27 31
5 5 1 39 11 29 31 41 42 26
1 8 29 11 26 27
22 42 8 3 11 39 27 29
8 3 42 29
3 31 39 11
11 39
29 31 42
39 31 42 27 26
41 26 42
42 42 27 26
27 31 26
26 26 31
31
