#kunkel.py
# GMT Tue Apr 23 11:43:48 2019
# 
23 32 21 18 42 15 35 9 40 25 37 7 33 20 36 1 22 8 17 26 41 27 24
32 18 30 28 15 35 14 24 34 19 20 13 12 38 22 8 3 17 31 16 42 27 40
4 21 31 28 9 40 37 7 33 19 13 2 12 36 5 1 8 11 29 39 41 27 17
11 19 18 20 16 13 12 28 35 38 3 17 29 24 41 42 27 26 33 37 6
21 21 28 35 14 6 25 33 10 34 13 12 36 1 22 3 17 29 31 41 42 27 26
16 30 16 28 14 6 25 0 33 7 37 19 34 40 1 22 3 29 31 41 27 26
31 18 35 1 9 6 25 33 37 19 34 12 36 5 38 22 8 41 40
18 30 28 35 14 6 25 0 19 20 12 36 5 22 8 3 29 27 39
39 30 15 9 24 40 34 10 7 37 33 20 12 36 5 22 3 26 41 27 39
42 5 40 24 28 35 10 14 17 6 36 25 0 33 7 19 37 26
15 20 13 14 36 5 30 38 6 9 3 41 28 25 34 10 0 37 24
35 14 6 40 37 19 20 13 2 24 36 5 1 29 26 41
10 9 6 0 30 10 7 37 13 2 12 36 1 22 3 29 41 28 26
6 14 25 30 37 19 9 20 13 2 5 22 8 3
38 30 28 14 24 25 0 33 19 9 20 2 12 1 8 29 41 27 17
9 28 14 40 20 7 19 34 13 12 36 5 22 29 41 24
40 30 14 24 33 7 20 13 2 12 36 8 17 41 26
0 41 28 1 14 24 20 7 33 37 34 2 12 36 22 8 3 17
25 1 34 33 7 37 20 2 5 8 3 29 41 24
30 28 1 7 33 19 34 13 2 12 36 22 8 17 29 27 26
37 28 24 7 13 36 5 3 17 29 26
7 14 24 7 19 20 2 5 8 3 29 28 27
33 19 20 41 13 12 22 28 36
19 24 22 1 3 17 28 20
14 34 2 12 36 5 8 3 17 27
20 1 13 2 17 5 22 3 29
13 28 34 2 5 1 17 29 27
2 34 8 5 24 1 29 41 26
12 28 1 24 5 8 27 26
36 8 1 26 34
5 41 26 24
1 24 3 34 29 27 26
22 41 24 17 34 28
8 17 29 34 26
3 28 34 3 26 27
17 24 34 26 41 29 27 17
34 41 28 24 27 26
26 41
41 29
28 29
29 27
27 24
24
