#kunkel.py
# GMT Tue Apr 23 11:28:17 2019
# 
23 19 8 34 2 12 36 15 35 1 22 38 9 17 40 24 16 25 18 7 26
18 19 21 2 12 36 15 30 6 8 11 17 24 41 28 40 34 37 33 26 31
4 24 31 2 17 28 5 1 6 40 11 29 39 16 25 0 27 7 10 22 26
21 30 42 35 9 6 25 0 37 21 19 14 13 40 12 36 1 8 11 29 26 24
41 30 13 32 14 31 15 5 2 9 3 17 29 6 39 27 7 26 10 24
31 30 42 15 14 6 25 0 37 7 10 19 9 13 36 22 8 3 11 39 16 40
28 15 35 9 6 25 33 7 10 40 19 34 2 36 5 38 22 3 11 39 26 24
15 32 35 24 25 0 10 37 20 13 12 36 5 38 8 39 16 27 26
35 32 20 12 5 1 38 14 39 11 40 16 42 0 10 7 33 24
10 32 14 6 40 0 37 7 10 19 9 20 2 12 5 29 39 34 27
6 9 40 25 39 33 37 20 13 24 1 8 3 11 29 42 27 26 17
38 32 9 40 25 20 7 19 14 34 13 12 5 1 22 11 29 39 17
9 32 1 14 25 33 34 13 2 12 36 8 29 39 42
3 32 30 24 40 0 37 7 33 19 20 13 12 1 22 3 39 29 16 42
40 5 13 32 12 14 11 26 25 30 19
0 42 33 25 30 37 7 19 34 13 12 8 17 11 27 26 24
25 19 13 2 1 29 16 34 27 7 24
30 32 16 42 14 24 20 7 34 13 12 30 1 8 17 39
37 19 20 39 42 5 1 22 14 36 17 34 33
7 1 14 24 36 8 11 39 27 26 17
33 19 20 32 14 5 2 11 34 16 42 27 22 26
19 32 14 19 2 36 5 22 8 29 16 27
14 16 42 1 13 2 5 22 11 29 26
42 32 24 20 2 12 36 8 17 29 39 27 26
20 32 13 2 22 1 39 17 36 34 27 24
34 32 1 24 13 36 5 8 17 29 39 16 27
13 2 5 22 11 16 29 27 26
2 32 24 12 36 22 11 29 26
12 32 1 24 5 22 8 11 29 16
36 24 5 1 22 8 11 29 27 26
5 24 8 11 39 16 17
1 32 22 8 17 16
22 39 11 26 16 27 17
8 39 11 16 27
39 17 27 26
17 32 11 29 16 26
29 32 16 27 24
26 32 27
16 24 27
11
32 27
27
24
