#kunkel.py
# GMT Tue Apr 23 11:17:41 2019
# 
23 14 30 13 2 36 15 5 28 22 9 40 29 26 41 42 25 20 33 37 21 24
18 4 30 42 15 9 6 25 21 37 7 14 20 13 2 12 1 22 8 3 39 29 31 26
4 21 28 15 9 6 33 10 7 37 14 34 2 12 36 5 38 8 3 29 39 41 42
11 21 16 28 15 35 38 40 25 0 33 7 10 37 19 34 5 1 8 29 39 41 27 26
30 9 34 31 32 12 19 15 5 1 8 40 24 41 28 25 0 27 14 39
16 42 35 38 14 0 25 34 33 7 37 9 20 13 2 12 5 1 22 3 41 27 17
31 33 5 13 12 28 35 38 22 17 26 39 41 6 20 10 7 27 24
28 27 12 17 15 5 38 22 14 26 41 36 25 20 33 37 24
15 32 42 15 35 6 40 10 24 5 1 8 29 39 41 26 17
35 19 32 20 41 13 2 42 38 6 3 29 40 39 27 33 37 24
10 32 6 24 25 0 33 40 20 13 2 36 5 1 22 3 34 39 41 26
6 32 42 38 14 0 33 9 34 13 12 5 1 22 8 3 17 29 27 26
38 32 21 3 9 24 0 34 42 20 2 36 5 22 39 17 29 26
14 41 42 9 40 25 21 33 7 19 24 34 13 12 1 3 17
17 32 41 24 25 0 33 7 9 2 12 36 5 1 22 29 26
24 0 7 21 19 2 12 1 8 3 29 41 26
0 2 12 42 22 1 8 3 36 34 7 37 21
25 39 42 1 22 8 3 33 26 40 20 7 19
21 37 9 34 13 36 5 22 8 29 39 41 27 26 40
33 32 7 40 19 34 2 36 22 8 29 27
7 32 42 20 13 22 8 3 29 41 27 40
37 9 40 34 19 20 13 2 12 22 3 29 26 27
34 19 8 41 13 42 1 9 36 39
9 32 40 19 20 22 29 26 41 27 39
20 5 41 13 2 12 8 3 36 26
13 32 42 19 12 36 5 22 8 27 39
2 42 1 19 12 36 29 39 27 26
12 19 36 5 8 3 27 40
36 32 1 22 8 29 26 41 27
5 42 1 40 5 8 29 26
1 32 19 22 3 29 27
22 41 42 22 29 40
8 32 40 19 41
3 32 42 40 39 27 26
39 32 42 40 39 27 26
29
26 32 27
41 32 19 27
42 19 40
32 19 27 40
27 19
19 40
40
