#kunkel.py
# GMT Tue Apr 23 11:16:55 2019
# 
23 32 4 21 39 28 9 24 0 30 10 37 19 13 2 36 22 3 11 31 16 42 27 17
32 18 4 28 15 35 9 40 25 0 10 7 37 24 34 13 2 12 8 29 39 42 26
4 30 18 12 42 35 1 22 8 3 29 39 16 28 25 33 19 10 37 31
21 18 30 28 15 9 6 25 0 10 7 33 14 13 12 5 8 17 29 31 27 26 24
41 15 35 38 14 6 25 34 33 10 19 20 2 36 5 1 8 17 29 39 41 27 26
39 42 15 1 14 6 25 33 2 12 36 5 38 22 8 17 29 39 27 40
18 42 14 6 0 25 30 33 19 24 13 36 1 22 8 11 29 26 27 40
28 35 14 6 0 19 9 20 2 12 5 3 17 29 31 11 27 26 24
15 42 35 9 6 0 10 14 13 2 12 36 1 22 8 3 11 29 16 27 26 24
35 30 38 14 6 37 9 24 34 2 12 36 1 3 29 31 16 42 40
6 16 9 40 30 33 37 19 14 34 13 2 22 8 3 29 42
38 19 20 16 13 31 12 42 5 9 11 29 36 25 34 33 7 0 26
9 42 25 33 7 19 20 13 2 36 5 3 31 16 27 40
25 19 20 31 14 5 30 2 1 16 33 37 24 40
24 14 40 33 37 19 2 12 36 5 22 8 11 31 16 27 24
0 1 40 0 30 37 7 10 19 34 12 36 3 17 26 16 42 33
40 14 34 37 19 20 13 5 1 22 17 29 16 11
30 42 14 34 37 7 10 20 2 36 1 22 8 11 27
10 2 12 19 5 22 14 3 17 34 26 20 37 7
7 19 13 2 42 5 36 17 29 26 16 20 37 31
37 42 14 33 13 5 1 3 17 16 11
19 33 20 13 12 8 17 29 26 16 27
14 20 16 22 36 17 27
20 1 33 12 36 22 8 3 11 29 42 27
34 1 34 13 2 12 5 22 8 3 17 31 16 26
13 8 2 22 36 17 29 16 11
2 5 31 22 3 11
12 27 22 1 8 42 33
36 8 3 17 11 27 26 31
5 8 3 17 29 16 42 26 31
1 33 22 8 3 17 31 16 27 26
22 33 3 17 16 11 27 26
8 3 17 11 26 31
3 11 31 42 26
11 42 17 29 27
29 42 17 31 26
31 17 33 27
16 26 27
42 33 27
27 33 26
33 17
26
17
