#kunkel.py
# GMT Tue Apr 23 10:53:32 2019
# 
23 14 4 35 20 13 2 12 42 15 5 38 8 29 6 16 36 0 18 7 37 24
18 18 30 38 9 6 25 34 37 20 13 2 24 36 5 1 22 11 31 41 27 40
4 32 4 21 42 15 14 24 25 0 10 7 37 9 20 36 5 39 11 29 31 16 27 26
30 6 21 12 28 35 1 22 9 3 36 29 24 16 42 40 20 10 33 37 39
41 21 42 15 9 24 0 37 7 19 34 2 12 36 5 22 8 3 17 26 16 11 27
32 19 21 40 12 36 15 38 6 9 3 17 31 42 25 34 27 7 26 39
42 28 15 35 40 0 33 37 19 20 13 12 5 3 17 29 39 11
15 21 6 0 34 33 7 37 19 20 13 2 24 22 8 11 29 40
35 24 13 2 12 5 14 3 17 29 39 11 0 34 10 7 27 21 26
1 34 13 31 28 38 22 9 3 29 24 16 0 25 20 33 7 27 21 26
14 34 39 13 36 5 38 22 8 3 11 40 16 28 25 20 27 26 31
17 9 6 25 20 33 7 10 34 2 12 5 38 8 3 11 29 39 28
6 28 24 25 21 10 37 34 13 12 5 38 8 3 31 27 26
3 9 21 33 20 13 36 22 8 39 31 11 27 26
25 21 31 0 37 7 10 9 13 2 12 5 8 39 16 26 24
0 21 28 38 9 24 33 37 19 20 13 22 8 11 39
37 16 2 12 9 11 40 7 26 21 31
7 21 24 33 19 34 13 12 5 29 31 16 27
10 5 13 2 24 38 22 9 29 16 11 21 27 33 26
21 9 19 13 2 12 36 5 22 39 40
40 31 24 34 33 19 20 13 2 5 22 39 16 28 27 26
34 28 38 9 24 19 20 2 29 26 16 11
9 33 19 13 2 36 8 29 31 16 11 27
20 28 38 2 36 22 8 26 16 27
13 33 2 12 5 22 11 27
2 2 36 5 38 29 31 27 39
12 28 33 36 22 39 11 31 16 27
36 8 28 22 11 29 26 19 39
5 8 24 16 38 33
38 8 31 28 22 11 19 33 24
22 33 19 22 11 29 27
8 39 28 24 19 11 29 31 16 26
39 33 19 24 29 31 16 26
11 29 31 26
29 28 33 19 27 26
31 28 33 19 27
16 28 19 26 27 33
28 19 24 33
27 19 24
33 24 26
19 24
26 24
24
