#kunkel.py
# GMT Tue Apr 23 10:46:06 2019
# 
23 4 21 41 31 28 38 0 33 10 37 19 20 2 12 36 5 1 3 17 39 16 42 26
32 35 20 13 12 28 15 5 30 38 6 29 31 16 42 25 0 33 7 37 40
4 30 42 35 38 14 6 25 34 37 21 19 20 13 2 12 1 22 8 3 17 29 39 41 40
11 21 42 35 6 14 24 40 0 33 7 19 34 13 2 12 36 22 17 31 16 26 39
21 30 28 35 14 6 37 7 33 19 9 34 36 1 22 3 29 26 42 27 40
41 9 33 8 13 2 12 19 15 22 14 29 39 36 25 37 27 10 31
31 28 15 35 38 9 6 25 33 14 34 2 24 1 8 3 29 27 17
28 18 14 24 25 30 10 7 37 34 13 2 36 38 22 8 17 29 26
15 19 5 20 13 42 35 1 22 38 9 17 29 24 16 36 33 6 40
35 42 0 33 10 37 19 20 12 17 5 1 22 29 16 27 26
6 18 42 9 24 30 37 33 12 5 38 22 8 3 29 16 27 40
38 39 18 0 34 19 20 13 5 1 22 8 3 17 26 42
14 18 39 9 40 0 25 30 10 19 20 2 36 8 3 34 42 26 17
40 18 42 34 33 7 10 20 13 2 36 22 8 39 16 24
18 30 10 25 0 33 7 37 19 13 12 5 8 3 17 29 39 42 27
25 20 13 12 30 1 3 16 36 0 34 10 7 33 37
0 42 33 7 37 19 9 34 13 2 36 5 1 16 27 17
33 42 9 24 10 20 13 1 8 39 27 26
7 42 9 10 34 13 2 12 22 3 17 29 39 16 24
10 2 5 22 9 12 3 29 27 19 26 24
37 16 9 34 20 13 5 8 39 42 27 26 24
19 24 30 19 9 34 2 12 1 8 29 16
9 8 13 2 5 1 39 29 26 24
24 30 12 5 1 2 39 26 16 34
20 8 13 2 12 36 1 3 16 27 26
13 2 12 36 3 29 26 27
2 36 5 1 22 8 3 26
12 30 42 36 22 29 39 27 26
36 16 30 36 5 1 22 3 42
5 30 8 3 39 16 27 22
30 1 22 3 17 16 39 27 42
1 1 22 8 34 16
22 34 3 29 39 27
8 34 39 17 29 27 26
3 17 29 16 27
17 29 39 42 27 26
29 16 26
39 34 39 16 27 26
16 27
42 26
34 27 26
27
26
