#kunkel.py
# GMT Tue Apr 23 10:36:44 2019
# 
23 32 4 18 28 15 35 38 14 24 25 7 19 9 2 12 36 1 11 39 42 27 31
32 18 41 28 38 40 0 10 7 37 19 20 13 12 36 5 1 22 3 11 29 16 42
4 4 30 28 14 6 40 0 33 7 37 21 9 20 36 8 3 31 16 42 26 39
30 16 42 1 14 24 10 7 37 19 13 2 12 36 5 38 8 17 29 31 41 27 40
41 31 18 28 15 35 9 6 40 33 10 7 37 14 24 36 5 11 29 39 16 42 26 17
18 35 8 13 2 12 42 5 1 9 11 26 28 25 0 33 31 17
28 6 14 24 10 33 9 34 13 2 12 36 22 8 17 29 31 26 40
15 19 35 21 8 13 2 12 36 5 9 40 11 29 24 25 0 14 6
35 21 31 6 40 25 0 10 7 19 20 12 36 5 38 11 26 16 17
6 14 24 25 10 7 19 9 20 13 2 36 3 39 16 42 27 31
38 20 2 42 14 3 29 24 16 34 25 0 10 7 33 21 40
14 19 20 13 5 1 9 3 17 42 40 10 26 31
17 9 24 0 37 21 19 36 1 22 8 3 11 29 39 27 26 17
24 25 21 10 7 37 19 2 12 22 3 29 31 11 27
25 21 42 1 9 10 37 34 13 36 22 8 11 29 39 26
0 42 9 40 34 7 19 20 13 2 36 22 8 3 29 26 39
10 1 34 33 21 19 20 13 40 22 8 3 11 31
7 42 33 37 21 19 34 13 2 12 22 8 39 16
37 13 42 5 22 9 39 36 11 34 27 21 31
21 34 29 40 33 1 22 3 26 16 20 31
40 19 8 2 12 9 29 36 34 33
19 42 9 34 33 20 13 2 5 11 27
9 33 42 12 5 22 8 39 16 11 27
20 13 31 36 5 1 22 3 11 29 27 39
13 34 5 3 11 29 31 16 27
2 33 5 1 22 8 3 31 42 27 39
12 34 36 5 1 22 8 11 29 39 16 27
36 16 34 5 3 39 27 26
5 34 33 5 1 22 8 3 11 31
1 33 34 22 8 3 26 16 27 39
22 39 11 34 27 26
8 33 34 3 29 31 39
3 42 33 29 26 16
11 34 33 26 16 39
29 16 34 31 27 26
39 16 33 31 27 26
16 42 33 34 26
42 34 27 26
34 33 26 27
27 31 33
33 31
26 31 26
31
