#kunkel.py
# GMT Tue Apr 23 10:20:16 2019
# 
23 23 32 4 30 28 15 14 0 25 34 37 33 9 20 13 2 5 22 8 11 29 42 27 17
32 21 28 15 35 40 0 34 37 10 19 20 12 36 5 1 22 39 17 31 16 26
4 21 41 34 15 9 40 0 37 7 19 20 2 36 5 38 22 11 29 31 16 27 39
30 21 9 6 25 34 33 7 10 20 13 40 36 5 38 22 3 17 29 31 16 27 24
41 21 42 14 6 0 25 34 33 7 10 20 13 24 1 22 8 17 39 11 27 26 31
18 15 35 10 9 24 20 33 37 19 14 34 13 36 1 22 8 3 17 29 39 16 11 26
28 35 20 13 12 19 15 5 22 8 26 31 27 25 34 33 7 6 39
15 21 35 14 6 0 37 10 20 5 1 22 8 11 29 39 16 42 27
35 21 42 1 9 6 40 0 33 7 34 12 38 8 11 29 26 27 39
10 9 6 0 25 34 33 7 19 20 2 12 5 1 8 3 11 29
6 40 21 7 20 13 2 12 36 5 22 3 17 29 39 11 26
38 19 20 13 2 42 5 1 8 3 40 29 39 16 36 25 0 26 24
14 21 42 9 24 0 33 20 13 2 12 36 5 8 3 17 31 16 40
3 9 8 13 26 42 5 22 17 29 11 34 37 7 27 39
40 19 13 2 12 42 39 31 16 36 25 21 37 7
0 20 8 13 36 22 1 9 17 39 33 19 27
25 8 20 2 24 5 1 9 39 17 26 31 21 27 37
34 24 37 19 20 2 1 22 29 39 16 42 26 31
37 12 19 5 2 9 11 17 21 27 7 24 26
7 16 33 19 20 2 12 1 22 17 31 42 27
33 9 24 21 19 13 2 36 22 8 17 31 42
21 42 9 20 2 12 5 17 31 11 27 26
19 1 13 2 36 5 8 11 31 42 27 24
9 13 2 12 42 1 22 11 39
24 1 24 2 12 36 8 39 17 29 31 16 26
20 16 1 36 8 17 29 31 26
13 31 2 36 5 11 39 26 17
2 1 12 26 16 27
12 1 36 11 17 31 16 42 29
36 42 5 22 11 29 39 16 27 26
5 8 39 42 27 26 31
1 42 1 11 16 17
22 8 11 39 16 42 31
8 16 11 29 31 26 39
39 17
11 29 42
29 17 42 27
31 42
16 42 27 26
42 27
27 17 26
26 17
17
