#kunkel.py
# GMT Tue Apr 23 10:10:28 2019
# 
23 32 30 41 9 40 25 0 33 19 14 13 2 12 5 1 22 8 11 26 16 27 24
32 30 16 28 35 6 25 34 10 7 37 21 19 20 13 2 12 36 11 39 41 42 40
4 21 41 35 9 40 0 33 7 10 19 20 13 2 12 17 38 3 11 29 39 16 27 31
30 42 15 38 6 0 34 33 7 10 20 2 24 36 1 8 11 31 41 28 39
41 18 35 9 24 25 0 7 21 19 34 12 36 38 22 3 26 16 39
31 18 28 35 9 40 25 39 33 7 10 13 2 36 8 3 11 29 26 37 27 17
28 19 9 18 33 36 15 5 1 22 8 6 29 25 0 10 27 21 40
15 38 14 6 0 25 34 21 19 9 20 40 12 5 1 3 17 39 16 11 27 24
35 21 18 42 9 6 34 10 7 33 37 20 2 24 5 1 8 17 26
6 18 14 24 34 10 7 33 19 20 13 12 36 38 17 29 26 16 40
38 19 9 16 13 2 12 34 1 8 3 17 29 0 10 27 26
14 18 24 19 2 12 42 5 1 17 29 39 16 11 33 7 26 27 37
17 18 21 1 25 33 7 34 13 24 36 5 22 3 39 26
40 18 9 33 37 10 19 34 24 36 5 29 26 16 42 39
18 9 20 16 13 22 12 37 25 0 33 7 26 21
3 42 9 24 25 34 10 20 13 12 36 5 22 39 16 27 26
25 11 21 24 0 37 7 33 20 13 2 12 22 42 27
0 34 33 7 37 19 20 2 36 5 11 26 16 42 27
33 24 10 34 2 12 5 29 42 27
7 42 24 19 34 12 1 22 29 39 27
10 1 21 19 13 2 5 22 8 29 16 42 26
37 19 24 20 8 12 42 2 16 36 27 26 21
19 21 1 24 9 2 36 5 22 39
9 1 34 20 2 5 8 11 26 16 42
20 21 20 2 12 5 1 22 8 11 29 39 26
34 8 2 12 42 29 36
13 1 24 39 2 12 36 5 22 8 16 27
2 24 12 36 11 29 26 39
12 21 42 36 29 39 27
36 16 21 36 5 22 29 39 26
5 1 22 8 11 29 27
1 8 29 24 16 42 26
22 21 42 8 11 29 39 16 26
8 11 16 42 27 21 24
39 11 42
11 42 21 11 29 16 27
29 27 26
26 24 27
16 21 42 24
42 21
27 24 27
21 24
24
