#kunkel.py
# GMT Tue Apr 23 10:08:25 2019
# 
23 32 21 18 28 35 9 24 40 0 10 7 33 14 20 2 12 1 22 39 11 31 42 6
32 8 4 20 13 12 36 38 9 11 34 6 0 30 27 7 14 37 21 24
4 30 39 18 42 15 9 24 0 33 7 10 14 34 2 12 1 22 3 11 31 16 27 40
21 16 18 42 9 6 25 0 33 7 37 19 34 13 12 8 3 11 41 27 40
16 35 9 40 25 30 33 7 14 24 13 2 12 5 38 17 29 26 41 27 39
18 30 31 28 15 6 40 25 0 7 19 20 2 36 38 3 17 39 41 26 24
28 35 1 9 24 25 0 37 19 14 2 12 36 5 38 8 3 17 29 31 11 27 26 40
15 19 20 13 12 42 5 38 22 8 39 17 29 31 11 25 10 27 33 6
35 20 13 2 42 5 1 3 36 11 29 40 25 30 27 7 33 39
6 12 42 5 1 22 9 33 17 40 41 36 34 10 7 19 37
38 41 14 40 25 0 10 33 37 9 24 13 12 5 8 11 39 42 31
9 1 30 33 10 37 19 34 2 36 5 22 8 42 27 24
17 30 41 14 25 0 33 7 19 20 13 5 1 22 3 29 31 27 39
24 34 41 13 12 2 29 39 36 10 7 27 37 26
3 0 25 30 33 7 37 34 2 12 36 5 1 22 3 41 11
25 1 25 10 7 33 37 34 2 12 36 22 8 29 31
0 12 1 14 36 29 39 41 11 34 27 19 42
10 42 1 14 37 7 19 20 13 40 36 8 11 29 26 27
7 42 14 13 12 36 22 11 29 26 41
33 30 37 20 13 36 22 34 39 27 40
19 42 30 37 14 13 2 36 5 8 11 29 26 41
14 34 20 13 36 22 8 11 31 41 42 27 39
20 30 37 13 2 36 5 1 8 29 39 41 11 26
13 2 5 22 8 26 11 27 40
2 37 12 5 22 8 29 39 41 42 27
12 30 34 5 8 39 42 26
36 30 40 34 5 1 39 26
5 42 34 37 8 31 41 27 40
30 42 34 1 22 8 11 29 31 26
1 40 22 8 29 39 42 27 26 31
22 8 39 40 31 34 29
41 34 37 29 31 41 11 27
8 34 31 26 39
39 29 26 40
11 29 31 37
34 26 31 27
31 29 40 42
37 40 26 42 29
42 40 26
29 40 27 26
27 40
26 40
40 40
