#kunkel.py
# GMT Tue Apr 23 09:58:20 2019
# 
23 4 21 41 28 25 0 33 10 37 19 20 13 2 12 36 5 1 3 17 31 16 26 39
32 35 20 13 31 12 28 15 5 30 38 29 40 16 42 25 0 33 7 37 6
4 30 42 35 38 14 6 25 34 37 21 19 20 13 2 12 1 22 8 3 17 29 39 41 40
11 21 35 14 6 25 0 33 7 40 19 24 34 2 12 36 38 22 17 31 16 26 39
21 30 28 35 14 6 25 33 7 37 19 9 34 36 1 22 3 29 26 27 40
41 8 33 2 12 19 15 38 22 9 29 39 37 36 42 27 10 14 31
18 30 28 15 10 14 6 25 0 33 7 37 19 13 12 5 38 8 3 17 29 39 42 27 40
28 42 14 24 30 37 7 10 34 13 2 36 38 22 8 17 29 31 26
15 35 38 9 6 25 33 19 20 13 24 36 5 1 22 17 29 31 16 40
35 25 0 10 33 37 19 20 12 17 5 1 22 29 31 16 27 26
6 9 24 25 30 37 33 13 12 5 22 8 3 29 31 16 27 40
38 9 40 0 37 7 33 20 13 2 12 36 3 29 26 42 27
14 9 17 40 0 25 30 10 19 20 2 36 8 3 34 39 42 26 31
40 25 34 33 7 10 20 2 36 22 8 39 16 24
25 13 12 36 30 33 0 37 7 26 17
0 42 1 33 7 37 19 9 34 13 2 36 5 16 27 17
33 42 1 9 24 10 20 8 39 31 27 26
7 9 10 34 2 12 17 22 3 29 39 16 42 24
10 9 26 2 12 5 22 3 29 24 42 19 27
37 9 34 20 24 5 8 39 16 42 27 26
19 24 30 19 9 34 13 2 12 1 8 29 16
9 8 2 24 5 1 39 29 31 26
24 2 12 5 1 39 26 31 16 34 30
20 8 13 2 12 42 1 3 16 36 27 26
13 1 34 5 22 8 3 17 39 26 31
2 1 36 5 22 8 3 31 26
12 30 42 36 22 29 39 27 26
36 1 30 36 5 22 3 16 42
5 30 8 3 39 16 27 22
30 1 22 3 17 16 39 27 42
1 42 1 22 8 34 31 16
22 34 3 29 39 27
8 34 17 29 39 27 26 31
3 42 17 29 31 16 27
17 29 31 27 26 39
29 31 16 26
31 34 42 27
16 42 39 27
42 34
34 39 27 26
27 39
26 39
39 39
