#kunkel.py
# GMT Tue Apr 23 09:56:45 2019
# 
23 18 4 21 28 35 14 6 0 30 10 33 19 9 13 12 36 8 3 39 16 42 27 24
18 32 30 28 15 35 14 40 21 33 19 9 2 12 36 5 38 8 11 26 41 31
4 32 4 21 16 28 1 9 6 25 7 19 20 13 12 36 38 11 39 41 42 24
21 30 13 2 12 42 15 35 14 9 11 26 6 37 28 33 27 10 31
41 30 34 35 9 24 0 10 7 19 20 13 12 36 38 22 8 3 11 29 31 40
31 5 8 24 42 15 35 1 22 14 3 20 6 28 25 0 37 27 40
32 30 1 14 25 0 10 33 37 9 13 36 38 22 8 3 11 29 26 16 27 39
28 8 2 24 19 5 38 1 14 3 17 11 25 39 33 10 40
15 30 42 35 24 25 34 7 40 19 20 2 5 22 8 3 17 29 39 27 26
35 1 14 6 25 30 33 7 10 34 13 38 22 29 39 16 27 26
1 30 42 6 40 25 0 33 7 19 2 12 36 22 8 29 39 16 26
14 24 42 5 22 9 3 36 34 37 0 27 7 19 40
25 30 13 42 5 8 3 11 29 16 20 37 27 40
17 8 20 13 2 12 36 5 38 22 9 29 6 0 30 10 7 27 26
6 42 38 24 0 30 10 33 20 13 2 36 3 34 16 26 40
0 16 42 38 33 7 37 19 34 12 36 8 11 27 26
40 30 16 38 24 10 33 37 19 13 36 5 22 39 27 26
30 9 37 10 34 12 5 39 11 27 26
10 24 33 37 36 5 38 22 8 3 29 39 11
7 16 42 9 34 33 37 20 13 2 5 22 8 26 11
33 5 8 2 38 9 39 16 19
37 19 20 8 13 12 42 22 3 11 16 26
19 38 34 20 36 11 29 26 42 27 39
9 20 16 12 38 3 29 24 11 27 26
20 42 34 12 36 5 38 22 3 29 16 27 26 39
13 42 24 2 12 5 38 22 3 29 39 27
2 38 24 34 12 5 22 3 29 26 11 27 39
12 42 5 8 29 39 16 11 26
36 42 38 34 5 22 3 11 27
5 42 34 8 16 24
38 26 29 22
22 42 34 8 27 39
8 3 29 11 26
3 24 34 29 42 26
11 24 34 29 42 27
34 16 29 27 24
39 29 16 42 24
16 29 24 26
42 24 29
29 24 27
27 27 26
26
24 24
