#kunkel.py
# GMT Tue Apr 23 09:52:54 2019
# 
23 4 21 15 14 6 0 25 30 37 33 19 9 13 2 12 36 5 38 8 11 29 39 24
18 4 30 41 28 35 9 40 0 34 37 7 21 20 13 2 8 3 11 29 16 27 17
4 30 34 15 35 14 40 0 10 33 21 19 20 12 36 38 22 3 11 29 31 16 27
21 32 42 15 1 9 6 0 33 7 37 13 2 36 5 38 22 31 16 24
16 20 13 32 12 36 15 2 30 8 3 9 11 29 39 28 10 33 26
31 42 14 6 0 25 34 10 37 19 24 20 13 12 5 22 3 17 26 27 40
28 30 42 38 14 40 25 10 7 19 34 13 5 1 22 8 3 29 26 41 27 6
15 42 6 9 40 0 25 30 10 37 34 24 1 22 3 17 39 27 26
35 42 9 24 0 25 34 37 7 33 20 2 12 36 5 1 22 3 29 39 41 27
10 40 30 2 12 5 38 22 3 11 29 42 25 0 33 7 6
1 19 32 20 39 13 2 12 3 11 6 41 42 27 7 26 24
14 9 6 40 0 37 7 19 17 36 38 22 8 11 29 39 41 42 27 26 24
17 30 9 6 40 0 33 7 34 13 2 36 5 22 3 11 29 39 41 26
6 32 38 33 25 30 37 7 20 13 3 29 27 40
0 42 33 25 30 37 19 9 34 38 8 29 41 11 26
25 42 37 24 13 2 12 5 8 3 11 29 39 41 27 26
30 41 9 7 33 37 19 2 22 8 39 27 24
37 5 8 32 24 22 3 41 7 26
7 32 7 19 20 2 12 36 5 29 39 41 40
33 32 13 2 12 36 38 8 3 29 27 39
40 32 24 9 34 13 12 36 5 38 8 3 11 26
19 32 20 2 24 5 22 36 11 34 27 42 39
9 5 8 39 42 3 29 36 11 24
42 20 2 38 3 39 34 36 27 26
20 32 39 34 13 12 36 5 22 8 3 11 29 26
34 32 34 12 36 38 22 11 41 27 26
13 32 24 2 12 5 39 41 11 26
2 32 38 36 5 22 8 41 11 27
12 32 5 24 22 8 39 26
36 32 36 22 29 26 24
5 38 8 39 27 26
38 32 8 27 22 39 29
22 24 8 29 41 39
8 24 8 3 11 39 26
3 11 41 27
11 32 41 27
29 32 26 24
39 41 27
41 32 26 24
32 24 27
27 24
26
24
