#kunkel.py
# GMT Tue Apr 23 09:41:42 2019
# 
23 32 21 18 28 15 35 14 24 25 30 33 7 37 9 13 2 1 8 3 39 27 40
32 19 4 21 12 42 15 35 1 9 3 17 29 24 16 40 33 26 37 14 6
4 4 30 31 15 35 1 6 21 33 19 20 36 5 38 8 11 29 26 16 27 24
11 18 21 42 35 9 6 40 10 7 19 20 13 2 12 36 1 22 8 39 16 27 26
21 30 6 14 24 40 0 37 7 33 9 34 2 36 5 29 31 41 26
41 30 31 28 15 35 9 24 40 37 10 20 13 2 12 38 22 8 3 39 16 26
31 18 20 34 15 5 30 1 22 8 17 29 6 0 25 10 7 27
18 30 42 9 6 0 33 7 10 34 13 24 36 22 8 3 29 39 16 26
28 30 42 1 9 6 25 34 10 7 37 20 13 2 12 5 38 22 3 17 39 26
15 40 25 0 37 7 19 24 13 2 12 36 38 22 8 39 17 27 6
35 16 1 14 24 25 0 10 37 19 20 2 12 36 5 38 22 29 17
10 30 14 24 37 7 33 20 12 5 22 8 3 29 16 42 27 40
6 14 30 37 7 9 20 2 12 1 22 3 16 42 27
38 19 8 5 34 13 2 12 1 22 9 29 42 27 7 37 14
14 5 13 12 42 3 17 26 16 25 20 37 7 24
24 42 0 9 20 13 12 1 8 39 16 27 26
0 42 9 25 34 37 19 20 13 36 1 22 8 3 17 29 26
25 42 33 7 9 20 13 2 36 5 22 8 3 17 29 39
30 9 7 33 37 34 12 36 1 22 17 16 27 26 40
33 20 12 36 1 22 8 3 34 40 29 26 37 39
7 19 9 34 36 5 8 3 29 39
37 13 2 12 8 17 29 26 42
19 42 40 34 19 20 13 2 12 36 5 8 3 16 17
9 2 22 34 42 20 27
20 34 12 36 5 1 3 42 26
13 1 5 22 3 29 39 16 42 27 40
2 34 12 36 5 8 3 39 16 27
12 22 39 29 36
36 40 1 3 34 39 16 29 27 17
5 26 3 39 34 16 27 40
1 40 34 8 29 39 27
22 40 34 22 17 29 27 26
8 42 34 17 27 26
3 17 26 16 27 40
17 42 34 39 29 16 27 26
29 39 26
39 34 40 26
16 26 34 27
42 34 27 26
34 40 27
27 40
26 40
40
