#kunkel.py
# GMT Tue Apr 23 09:39:17 2019
# 
23 32 30 18 35 14 6 25 0 37 21 24 20 13 2 12 36 22 11 39 41 27 26 40
32 9 34 27 12 28 35 1 6 38 8 17 29 39 41 11 40 33 26 14 24
4 18 28 15 35 14 40 25 0 37 10 19 9 20 13 5 1 17 29 26 42 27 31
30 21 42 15 35 14 40 0 37 7 10 9 20 13 2 12 5 22 3 17 29 31 41 27
16 18 21 28 35 10 14 6 25 33 37 40 19 9 13 2 5 1 3 29 39 41 24
31 19 5 40 12 36 35 38 22 17 20 39 11 25 34 33 29 0 10 6
18 42 14 40 20 10 33 37 9 34 13 12 36 5 1 3 11 29 26 17
28 19 21 13 2 42 5 38 6 1 14 9 17 39 36 20 27 7 26
15 19 14 35 2 42 5 22 8 3 9 17 29 24 41 11 0 33 6 40
35 6 25 0 10 7 33 19 20 13 2 24 38 8 17 26
10 5 41 13 24 12 36 38 6 9 29 25 34 27 40
38 42 14 17 40 25 33 7 37 19 34 2 36 5 8 3 11 29 24
14 41 1 9 25 21 7 2 36 5 22 8 11 29 26 42
17 1 9 24 34 37 33 21 20 8 3 29 39 42 27
6 21 13 2 1 22 8 39 11 42 33 7 19 40
25 42 1 0 7 37 19 20 36 5 22 8 11 27 39
0 42 24 21 33 7 34 13 12 36 1 3 11 29 39 27 26
37 2 36 5 22 1 9 3 24 20 27 7 40
7 1 9 34 21 20 13 2 12 5 8 29 26 40
33 19 13 12 42 22 8 39 36 3 40
21 9 42 13 24 5 3 29 11 27 19 26
19 1 9 24 20 34 2 22 3 29 39 42 27 26
9 40 34 13 2 5 22 39 27 24
24 42 34 20 12 8 39 41 27 26
20 13 2 12 36 5 22 29 39 41 11
13 34 36 8 39 41 42 26
2 1 2 12 8 3 11 29 40
12 5 27 1 8 3 11 34 41 39
36 1 34 22 8 3 41 42 27 26
5 41 34 22 3 11 27 26
1 8 22 26 27 39
22 42 34 8 39 11 26 27
8 3 29 39 41 11 27
3 42 41 34 26 11
11 42 11 29 41
34 42 40 39 41 27 26
39 41 40
41 42 29 26 40
42 40
29 40 27 26
27 40 27
26
40
