#kunkel.py
# GMT Tue Apr 23 09:02:14 2019
# 
23 18 4 21 10 6 25 30 33 7 37 24 34 2 12 36 1 22 8 29 41 27 40
18 41 34 15 35 14 6 25 0 19 20 13 12 36 5 1 22 3 39 29 31 16 26
4 32 35 34 41 13 28 15 5 9 3 17 26 6 16 36 33 7 19 11 40
21 32 30 42 35 9 6 21 33 10 14 24 34 13 2 12 38 8 11 26 27 17
16 28 15 35 9 6 0 34 7 19 20 2 12 1 8 11 29 39 41 27 24
32 9 6 0 25 34 33 10 19 20 40 12 36 5 38 22 17 31 27 26 24
28 30 41 31 42 14 24 10 33 37 19 20 2 12 5 22 8 3 11 26 39
15 19 30 41 13 24 42 14 3 39 29 31 25 40 34 27 7 26 6
35 6 38 9 24 0 40 34 37 7 33 19 20 36 1 17 39 27 31
10 14 40 25 30 37 7 19 9 34 12 5 38 8 3 17 29 39 42 26
38 6 2 26 36 5 22 14 3 11 29 24 37 25 20 7 33 17
14 14 24 0 30 7 33 9 34 12 1 22 3 17 31 41 42
17 13 22 12 42 6 1 39 11 31 41 36 37 27 40
6 42 1 24 34 20 13 2 12 36 22 8 3 29 31
0 30 42 9 25 37 33 20 2 12 36 1 22 3 29 31 27 26
25 30 24 37 7 19 33 2 36 5 8 39 11 26 41 31
30 19 20 13 2 12 3 26 31 41 7 33 37 27
33 1 40 19 34 13 5 22 8 11 29 26 24
7 8 41 39 1 3 11 29 31 34 26 40
37 19 2 12 39 11 40 31 41 42 26 27
19 24 20 13 36 22 3 11 31 27 40
9 41 42 24 34 20 13 2 12 22 3 11 29 31 26 39
24 41 1 2 5 22 8 3 39 40
20 5 8 36 2 29 31 42 22 40
34 42 40 13 12 22 8 3 31 27 26
13 39 5 22 3 11 31 41 29 27
2 8 41 22 39 36 11 42 40
12 41 5 22 39 11 27
36 42 40 5 3 11 29 39 41 27 26
5 42 1 39 11 29 31 41 27 26
1 8 22 42 39 3 31 29 40
22 3 11 29 39 27
8 40 3 11 29 31 41 42 27
3 11 42
39 42 29 26 27
29 41 11 29 26 40
31 41
41 42 27
11 40 27
42 27 26 40
27 40
26
40
