#kunkel.py
# GMT Tue Apr 23 08:42:44 2019
# 
23 19 8 4 20 2 12 36 5 9 3 34 39 28 40 30 33 14 37 21 24
18 4 34 13 40 36 35 38 22 8 3 17 29 6 16 28 25 0 27 7 33 26
4 16 35 14 6 0 25 34 37 7 19 20 13 2 24 5 1 22 8 39 41 40
30 11 21 31 42 15 35 9 6 0 34 12 36 5 1 3 17 39 16 28 27 24
41 32 5 20 40 12 28 35 38 8 3 9 11 39 16 36 25 34 33 27 31
31 32 6 14 24 40 34 10 7 9 20 13 2 5 22 8 3 17 39 27 26
28 32 42 35 1 24 21 10 19 20 2 36 38 8 17 16 11 27 6
15 19 2 12 42 5 1 38 3 11 29 40 37 25 0 33 7 26 27 39
35 32 14 40 25 0 33 10 19 24 2 36 39 11 29 26 16 17
32 16 6 1 9 24 0 33 7 10 37 19 34 13 5 38 8 11 29 39
6 1 24 0 33 10 21 13 2 12 36 38 22 39 16 27 26
1 19 13 33 36 10 38 14 9 11 25 0 37 7 42 21
9 42 38 14 40 0 25 34 10 7 21 19 20 2 12 8 3 11 29
40 24 20 33 37 19 34 13 2 12 5 38 3 17 11 27 26
0 38 25 37 7 19 20 2 36 8 3 17 29 26
25 21 42 14 24 34 37 33 20 12 36 3 17 26 27
34 42 14 10 33 37 19 36 8 17 29 26 11 27
33 21 42 10 37 20 12 5 22 29 39 16 26
7 21 42 38 14 24 37 20 2 5 22 17 29 16 26
37 21 38 10 13 2 12 36 22 3 17 39 37 27
21 19 12 10 3 11 29 36 20 26 14 24
19 14 24 13 12 22 3 11 29 26 27
14 5 2 42 22 38 3 39 36 10 24
42 24 20 13 2 12 5 22 8 3 17 26 16 27
20 36 5 38 22 8 39 29 16 27 24
13 5 2 8 3 17 26 16 11 39 10 22
2 10 38 8 11 39 27 26 24
12 10 24 36 38 22 3 11 39 27 17
36 16 38 5 22 11 29 39 26
5 8 16 22 3 11 29
38 22 8 3 26 16
22 24 10 3 17 29 27 39
8 10 8 3 11 29 26
3 17 29 26
10 39 29 16 27
17 39 29 27 24
29 39 16 11 27
39 26
16 27 24
11 11 26 27
27
26 24
24
