#kunkel.py
# GMT Tue Apr 23 08:36:33 2019
# 
23 18 4 21 41 32 28 15 6 25 10 33 37 34 12 36 5 1 22 17 31 16 42 27
18 30 41 28 1 6 25 0 10 19 13 40 12 5 38 22 8 3 39 31 16 26
4 32 21 13 40 12 28 15 5 38 3 17 29 24 16 11 25 39 27 37 6
11 32 30 42 35 14 6 34 37 7 33 19 9 20 13 22 8 29 39 41 27 40
21 30 16 14 24 25 9 20 40 36 5 38 22 8 3 17 31 41 27 26 6
16 32 28 15 35 40 30 10 7 37 19 34 13 38 8 3 17 29 26
39 30 13 32 28 35 38 2 14 3 17 31 41 36 25 33 42 37 24
32 30 28 35 9 17 40 25 0 10 7 33 37 34 13 2 12 36 1 24
28 41 28 35 14 24 0 33 10 9 20 2 12 5 38 8 29 27
15 30 15 35 14 6 25 0 33 37 19 9 20 13 2 38 3 17 29 31 27 24
35 14 17 24 0 10 19 9 34 13 2 36 5 1 8 29 42 27 26 40
38 14 0 30 37 7 33 34 13 2 1 22 41 42 27 26 31
14 42 9 6 25 10 7 37 19 20 36 3 17 31 41 27 26
6 42 24 25 0 10 7 33 9 13 2 1 22 8 29 31 26
0 30 1 9 33 7 19 20 2 12 36 8 17 29 26 41 42 27
25 33 36 5 30 24 9 34 20 10 27 22 31
30 41 17 34 37 20 2 12 36 5 8 29 27 31
33 1 40 34 10 19 20 13 2 12 36 8 3 26
7 41 42 1 17 24 34 10 37 20 13 2 36 5 22 3 31
10 20 37 19 34 12 22 3 29 31 42 26 24
37 42 24 19 36 22 8 17 29 41 26
19 9 5 20 41 13 36 26 27 40 31
9 24 40 20 13 2 12 1 3 29 31 41 17
24 5 8 13 2 12 3 40 41
20 40 13 12 36 5 1 22 29 26
34 42 1 34 2 12 36 5 8 26 27 17
13 1 8 3 29 41 26
2 5 31 3 41 42 40
12 12 5 1 8 3 29 42 27 40
36 42 40 1 8 31 41 27
5 1 22 3 17 26 41 40
1 22 3 17 42 31
22 17 42 3 26 41 27 40
8 3 17 29 31 41 27 26
3 31 42 40 17 26
17 29 26
29 31 42 40
31 27 40
41 40
42 27 40
27 26
26
40
