#kunkel.py
# GMT Tue Apr 23 08:34:58 2019
# 
23 18 4 21 16 32 28 15 6 33 10 37 19 34 13 5 1 22 8 17 29 31 41 42
18 30 28 1 6 25 0 10 7 19 13 40 36 5 38 22 3 39 29 31 16 26
4 19 21 13 32 24 28 15 5 38 8 3 17 6 16 11 25 39 27 37 40
11 32 30 42 35 14 40 25 34 37 7 33 9 20 12 36 22 8 29 39 27 6
21 30 16 6 14 24 40 7 9 20 13 5 38 22 8 3 17 29 31 41 26
16 32 28 15 35 40 25 30 10 7 37 34 12 36 38 3 17 26 27
39 30 32 28 35 14 24 25 33 37 20 13 2 38 3 29 31 41 42 17
32 30 28 35 9 40 25 0 10 33 37 19 24 34 13 2 12 1 41 17
28 28 35 14 24 0 33 7 10 19 9 20 2 5 38 8 29 27
15 30 15 35 9 6 25 0 37 33 14 20 13 2 36 38 8 3 17 31 27 24
35 41 42 14 24 25 0 10 7 40 9 34 2 36 1 8 17 27 26
38 31 14 0 25 30 33 37 34 2 12 1 22 8 29 42 26
14 42 9 6 10 37 20 13 17 12 36 8 3 29 31 41 26
12 42 1 6 0 25 34 37 10 20 2 17 5 22 3 29 31 41 24
6 42 24 25 0 10 7 33 9 13 2 1 22 31 27 26
0 30 1 9 33 7 19 20 2 36 8 17 29 26 41 42 27
25 9 24 33 7 20 36 1 3 29 27 26
30 41 34 37 7 19 20 13 2 17 5 8 29 27 31
33 1 40 34 10 7 19 20 13 2 36 3 41 26
7 41 37 19 34 17 8 3 29 31 27 26 24
10 42 20 37 19 34 13 36 22 3 31 27 26 24
37 41 42 24 36 22 17 29 27 26
19 9 40 34 19 20 5 1 8 3 42 27 24
9 17 40 20 13 2 36 1 3 29 31 27 24
20 40 13 36 5 1 22 41 27 26
34 41 42 1 34 13 2 5 8 26 17
13 8 31 24 5 22 41
2 24 5 31 3 42 40 29
24 5 3 40 29
36 5 8 40 29 31 41 26
5 1 22 3 17 40 29 26
1 22 3 17 41 42 31
22 17 42 8 3 29 26 40
8 26 41 42 31
3 31 42 40 17 26
17 27 26
29 41 40
31 40 41 27
41 42 40
42 27 40
27 40
26
40
