#kunkel.py
# GMT Tue Apr 23 08:25:29 2019
# 
23 18 41 42 15 40 25 20 10 7 34 13 24 17 38 8 11 29 31 16 28 27 39
18 4 21 16 42 15 35 14 40 33 37 9 34 2 12 36 1 8 3 29 31 41 39
4 4 30 32 42 14 0 37 7 21 9 20 36 38 22 8 17 39 41 11 27 31
21 35 34 32 36 15 5 38 2 14 29 24 16 28 0 30 10 7 22 6
41 16 42 40 25 39 19 24 34 13 17 12 36 22 8 3 11 26 41 6
32 15 35 9 6 25 34 33 7 14 20 13 2 24 36 5 38 3 39 16 27 40
42 28 15 9 24 40 0 33 7 37 34 5 1 8 3 29 39 27 26 6
15 25 0 10 37 19 34 13 2 36 5 38 3 17 29 39 28 26
35 31 9 24 40 30 10 37 19 20 13 2 12 5 22 3 17 34 39 11 6
6 6 9 24 25 33 40 14 13 2 5 1 22 17 29 39 16 27 26 31
1 30 10 9 25 37 7 33 14 34 2 12 36 38 22 8 17 29 26 16
9 30 2 38 3 11 29 16 36 39 33 27 22 40
36 28 0 30 37 7 13 36 5 22 39 17 31 16 27 26
40 30 25 34 37 10 14 20 13 5 38 17 26 28 24
3 25 10 7 19 13 2 38 22 8 11 29 31 16 28 27
25 30 16 13 2 12 31 38 39 29 0 37 27
34 38 14 0 33 19 13 12 22 17 26 27 24
10 14 0 30 33 7 19 20 13 2 5 8 11 29 39 27 26
7 28 38 24 30 33 20 2 5 22 8 17 29 31 16 39
33 28 0 19 14 20 13 12 22 8 17 29 39 16
37 30 28 38 14 0 19 20 2 12 39 17 26 24
0 14 24 19 20 12 5 38 22 8 17 16 27
14 28 38 30 19 20 13 2 12 5 22 11 31
20 8 31 2 19 39 11 17 16 27 26
13 30 16 28 24 12 11 29 26 27
2 28 12 22 31 16 27 26
24 31 28 30 22 8 17 19 27
17 30 19 22 8 11 29 31
5 8 31 28 38 39 11 16 26
30 19 12 8 29 31 16 11 27
38 19 22 11 31 16 27
22 28 29 26
8 12 8 26 16 11 31
12 19 31 16 29 39 27 26
11 26 28 16 29 39 19
29 28 19 26
31 28 39 27 26
16 28 39
28 26
27 19 39
19 26
26 39
39
