#kunkel.py
# GMT Tue Apr 23 08:19:14 2019
# 
23 19 18 4 35 20 8 16 2 36 5 30 38 22 14 3 11 41 42 34 10 21
18 18 4 30 32 28 15 40 25 0 33 24 34 2 12 36 38 22 3 26 41 39
4 41 34 8 32 36 5 1 38 14 3 17 31 16 42 40 20 10 37 24
30 21 13 32 12 19 31 8 3 11 24 42 40 34 10 0 26 14 39
41 21 31 42 28 6 25 34 37 33 19 24 20 12 22 8 3 17 39 16 11 40
31 32 28 9 6 0 25 34 10 21 19 24 20 2 12 8 3 17 29 11 27 40
32 42 15 1 14 6 25 21 33 19 34 13 2 12 5 38 8 11 39 27
42 35 9 6 0 37 7 10 21 19 20 1 22 11 29 39 27 24
15 28 35 1 14 24 20 7 19 34 13 12 36 38 22 8 3 29 39 16 27
35 28 9 0 25 34 10 7 33 19 20 13 2 12 5 1 8 17 39 37 27
37 21 28 38 9 6 25 0 7 19 14 24 13 12 36 1 8 11 26 17
6 9 25 0 33 20 13 2 12 5 1 22 3 29 39 16 28 26
1 9 20 7 34 12 36 5 22 8 3 17 29 39 11 40
14 28 9 40 0 10 7 33 13 12 5 22 8 17 16 11 27 24
17 10 38 40 0 25 34 33 19 20 13 12 36 3 39 27
40 28 38 21 10 9 34 13 12 5 8 3 29 16 11 26
0 9 11 2 12 38 22 3 28 25 20 7 24
25 21 28 24 25 33 19 2 36 22 39 11 16 27
34 9 33 19 20 2 12 36 22 26 24
10 9 21 10 33 19 13 2 12 38 22 8 29 39 16 26
7 5 21 2 36 28 22 38 3 11 24 16 27 26
33 28 20 12 38 22 8 3 29 26 16 11 27 24
21 9 19 20 12 36 5 38 22 28 27 39
19 24 5 38 22 8 3 29 27 39
9 38 24 20 13 2 5 11 29 16 27 26
24 16 13 38 22 29 26 27
20 8 13 38 39 16 11
13 28 2 5 38 22 3 29 39 16
2 5 12 22 11 29 39 16 27
12 28 29 27 26 39
36 28 5 22 38 3 29 39 16 27 26
5 38 22 3 39 16 27 26
38 28 8 3 27
22 16 28
8 28 11 29 26 27
3 11 29 26
11 29 26 39
29 26 27
39 26 16
16 26
28 26
27 26
26
