#kunkel.py
# GMT Tue Apr 23 08:15:00 2019
# 
23 21 16 28 15 35 40 25 20 33 19 34 2 5 38 22 8 17 26 41 42 27 39
18 8 9 35 20 13 31 42 5 1 22 38 14 3 11 24 41 10 7 27 37 40
4 30 42 35 10 14 6 0 37 33 9 24 2 5 22 8 3 17 29 26 16 11 27 39
11 19 20 2 12 36 15 8 3 14 24 41 0 25 30 33 7 27 21 31
21 32 30 42 15 35 6 25 0 33 10 2 12 17 38 22 8 3 29 39 16 27 24
16 32 20 36 30 38 22 1 8 3 17 29 39 28 25 10 0 37 34
31 42 15 9 6 0 25 34 37 7 33 20 13 12 17 5 38 3 29 31 40
28 32 30 14 24 25 7 9 13 2 36 5 1 8 3 17 29 39 41 27 40
15 30 42 9 0 34 10 7 20 13 2 12 36 1 22 8 3 29 41 26
35 32 6 9 24 40 0 10 7 37 13 2 8 3 17 29 39 41 26
32 34 13 2 12 36 5 1 22 17 20 40 42 30 33 7 37 24
6 19 9 20 2 12 42 38 14 39 29 34 25 30 33 7 27 40
1 1 14 24 0 25 34 33 7 19 9 20 2 38 22 3 17 39 26
14 38 20 33 7 10 19 34 13 2 12 17 3 29 39 41 42 26 40
12 25 34 10 9 20 13 36 22 8 3 29 39 27 26 24
40 42 20 37 33 19 9 34 13 36 8 3 29 41 24
0 42 38 9 24 34 33 37 19 20 2 36 29 41 27 26
25 19 41 13 2 8 22 38 9 17 29 37 27
34 30 38 9 33 37 20 13 36 5 22 39 17 29
33 38 30 10 7 37 19 9 5 3 17 41
7 30 24 10 13 2 36 22 8 29 42 27 17
10 41 9 24 30 10 37 19 20 13 36 22 17 39 26
37 19 8 13 24 2 9 39 27 22
19 30 38 24 13 5 8 29 39 41 27 26
9 38 2 36 22 8 42 27
20 30 39 42 24 17 5 3 41 26
13 2 36 5 38 8 3 17 26
2 38 30 3 41 27
24 36 5 8 29 39 41 42
36 5 22 3 29 26 41 42 27
5 30 22 3 29 26 41 42 27 39
30 22 3 29 39 41 26
38 42 38 22 3 39 26
22 8 26
8 3 39 27
3 26
17 29 42 39
29 42 27
26 39 42
41 39
42 27
27
39
