#kunkel.py
# GMT Tue Apr 23 07:59:52 2019
# 
23 32 30 31 18 42 14 6 25 34 33 7 10 21 20 36 5 38 22 11 26 27 40
32 4 30 15 35 6 25 0 33 19 20 13 2 12 36 22 3 11 29 26 41 27 40
4 9 37 20 2 12 42 15 35 38 22 8 11 29 39 18 25 0 10 33 21
30 20 12 28 5 1 22 38 9 17 29 6 41 36 34 37 21 19 14 31
39 21 16 42 9 6 25 0 33 7 37 19 34 2 24 38 3 11 29 31 41 26
31 9 27 2 24 28 15 35 10 14 17 34 11 40 0 37 26 33 6
18 14 34 16 13 28 15 5 38 6 8 3 11 24 41 36 27 42 40
42 21 16 28 38 14 24 25 33 10 20 2 12 5 1 8 3 29 41 27
15 10 24 37 7 33 19 20 13 2 12 5 38 8 17 29 41 11 40
35 21 14 6 0 25 34 10 7 37 20 13 12 5 1 22 8 3 16 26
37 41 9 24 25 0 7 21 14 20 13 12 38 8 3 29 16 27 40
1 19 16 13 2 24 5 38 3 29 6 41 28 0 10 7 34 40
14 11 41 28 6 25 21 33 19 34 2 36 8 3 17 16 40
17 9 6 25 0 10 21 40 20 13 2 12 36 5 22 8 3 11 27 24
6 28 0 10 7 21 13 12 8 3 41 11 26
0 19 24 13 2 28 38 3 29 36 25 33 26
25 10 40 33 7 19 13 12 36 38 8 16 11
34 41 28 38 24 7 9 20 13 2 36 5 22 8 3 16 26
33 41 12 22 3 26 16 36 10 19 27 40
7 28 40 10 19 13 2 24 36 5 22 8 11 29 27
10 28 9 13 36 5 22 3 29 11 26 40
21 11 24 19 9 20 13 12 5 22 41 28 26 40
19 16 28 9 40 20 12 5 8 3 41 27 24
9 27 2 5 38 22 3 16 11 40 26
24 11 20 13 8 3 16 28 27 26
20 5 12 22 29 16 27 40 26
13 38 2 22 8 3 26 41
2 16 2 36 5 11 29 41 27 26
12 38 8 36 41 28 11
36 5 8 28 22 3 40 29
5 8 3 29 26 16 11 27
38 40 11 29 16 28 27 26
22 28 22 8 29 26 41 27
8 41 27
3 3 16 27 40
11 28 16
29 16 29 41 27 26
26 41 28 16 27
41 40 27
28 16 28 27
27
16 40
40
