#kunkel.py
# GMT Tue Apr 23 07:39:14 2019
# 
23 32 21 42 15 14 6 0 30 19 34 13 12 36 1 22 8 11 26 16 28 27 40
32 18 28 10 9 6 25 0 33 7 37 20 12 1 22 39 29 31 41 42 27 26 24
4 18 21 9 6 0 30 10 7 24 34 2 12 36 5 38 8 3 11 29 26 41 27 17
5 21 28 15 9 40 30 10 7 19 14 34 2 24 5 1 22 17 29 39 11 31
21 41 28 15 9 6 10 7 20 13 2 12 36 22 8 29 39 16 42 26 24
41 18 42 35 1 14 6 0 37 10 20 13 2 12 38 22 11 29 16 27 17
31 30 18 28 1 14 24 25 10 7 19 20 13 2 36 38 3 17 29 39 16 42 27
18 30 16 42 15 35 9 6 25 0 33 34 13 2 12 36 11 29 39 26
42 15 35 38 14 40 25 0 37 7 33 19 13 12 1 11 24
15 24 8 12 30 1 22 38 9 11 39 16 25 34 27 7 40
35 30 35 1 14 40 0 33 10 37 19 9 2 12 36 38 22 3 17 29 28
38 19 20 13 24 30 6 3 26 28 0 33 27 10 40
14 28 9 6 25 10 7 33 34 13 17 36 1 3 11 16 27 26 24
3 28 9 6 25 0 37 7 33 40 19 20 13 2 17 29 39 16 11 27
6 24 34 33 7 9 20 2 1 22 17 16 27 40
0 30 16 34 37 7 19 20 13 36 8 29 26 28 27
25 19 9 20 26 2 1 11 29 36 34 10 7 37 40
30 1 40 33 7 10 19 20 13 12 8 17 11 27 39
10 40 34 37 7 33 9 20 13 2 36 8 27 39
7 28 24 7 37 19 2 22 17 11
33 20 37 19 34 2 24 36 22 11 39 27 17
37 34 16 13 2 1 22 8 11 29 24 26
19 40 34 20 2 36 8 17 39 16 11 26
9 28 9 13 2 1 8 29 39 16 27
24 1 40 34 12 36 8 39 27 26
20 16 28 1 20 36 22 8 17 34 11 26
34 40 12 22 11 29 39 16 27 26
13 1 40 2 8 29 26 28 39
17 16 36 1 22 29 26 40
12 16 28 8 39 36 27 29 40
36 22 8 29 39 11 27 26
2 16 40 1 22 8 11 39
1 8 16 28 26
22 16 28 8 11 40
8 11 28 26
39 16 29 26
11 40
29 40 28
26 28 40
16 27
28 27
27
40
