#kunkel.py
# GMT Tue Apr 23 07:34:34 2019
# 
23 32 31 42 15 35 9 6 0 25 34 33 19 20 13 2 12 3 17 39 16 11 24
32 8 4 21 13 2 12 36 15 9 3 29 39 16 0 34 10 7 27 14 6
4 4 41 28 15 1 14 24 0 34 37 10 19 9 20 12 38 8 11 26 16 42 27
21 21 41 28 9 25 0 37 7 19 20 13 2 12 5 38 3 17 29 39 16 11 34 27
41 18 30 35 14 6 40 34 10 37 19 9 20 13 12 36 5 38 29 31 27 26 24
31 18 11 30 42 14 24 25 10 7 20 40 12 5 38 22 17 39 16 28 6
42 15 1 14 24 0 33 7 37 19 9 20 36 5 38 22 17 29 16 6
15 35 13 18 5 1 22 8 3 9 11 17 6 16 39 33 37 40
35 18 20 13 2 12 28 5 1 38 3 11 29 24 0 34 33 7 26
28 18 6 14 24 40 0 10 37 2 36 5 38 8 3 11 29 39 16 26
1 14 24 25 0 33 40 34 2 5 38 8 3 17 29 39 16 26 6
9 2 14 22 24 8 3 29 6 10 7 19 26 37 39
6 30 6 25 33 10 37 19 34 36 5 8 3 11 27
18 18 30 24 40 0 10 37 34 13 12 36 22 8 17 39 16 26
0 14 40 25 30 33 7 37 20 12 38 22 17 34 29
25 14 24 40 37 19 20 2 12 5 22 3 17 39 16 27 26
34 10 7 13 5 22 3 17 29 26 16 27 24
33 30 39 13 2 12 22 3 11 29 16 36 7 26 40
7 14 24 30 10 20 13 36 5 22 17 16 27 26
10 16 14 37 19 13 36 38 22 8 17 29 39 26 40
37 19 2 14 30 38 22 3 17
40 19 30 16 13 2 38 22 8 3 11 29
19 20 13 2 36 5 38 8 3 11 29 39 27
14 20 13 30 3 36 17 29 39
20 39 30 13 2 12 36 5 22 3 11 26
13 38 22 3 17 16 27 24
2 30 24 36 38 22 29 26 16 27 39
12 16 5 36 30 38 8 39 17 24
36 30 24 5 22 11 29 27 17
5 38 11 29 26
30 8 38 22 3 16 26 27
38 11 24 22 8 17 27
22 3 11 29 26
8 24 8 3 17 26 16 11 27
3 24 26 29
17 24 11 27 39
29 11 27 24
39 11 16 26
16 26
11 26 27
27 26 24
26
24
