#kunkel.py
# GMT Tue Apr 23 06:58:40 2019
# 
23 19 8 4 21 31 2 36 38 22 1 14 9 29 39 18 28 0 33 26 24
18 32 30 15 9 6 0 37 10 34 14 24 20 12 36 5 22 3 29 39 41 26 40
4 30 28 15 9 24 0 34 37 7 33 21 19 20 13 2 8 3 17 26 41 6
21 32 30 16 39 28 9 0 34 33 7 20 5 1 8 3 11 29 31 41 27 26
41 32 28 15 35 14 24 25 30 10 37 9 13 12 5 8 17 31 16 26
32 19 8 13 22 12 42 30 6 9 17 29 24 16 36 25 0 37 31
28 42 15 35 9 6 10 19 20 13 2 24 5 38 22 8 11 29 16 27 17
15 35 1 14 40 25 0 10 7 33 34 36 5 38 17 29 42 27 6
35 19 42 30 13 12 36 5 6 14 39 31 16 40 33 10 7 27 24
16 42 9 40 30 37 7 33 14 2 12 5 1 22 3 29 31 26
6 14 24 25 10 7 9 20 13 1 22 11 39 42 27 26 31
1 42 14 0 25 30 33 10 19 20 12 22 8 39 17 34 26 24
14 9 17 19 13 2 12 36 38 22 11 29 39 27 26 40
25 42 9 40 0 37 19 20 13 2 12 36 5 17 29 31 11 26 24
24 20 13 5 38 8 11 36 30 7 26 17
40 34 8 13 2 42 5 38 22 3 17 29 26 0 37 7
0 42 0 33 37 19 20 36 5 38 22 8 3 11 39 27 17
33 42 10 7 37 34 2 12 36 5 38 22 8 3 11 29 39 27
7 19 12 42 9 3 39 29 30 26 27 37
10 10 9 34 37 19 20 12 36 5 8 3 39 27 26 31
19 30 37 20 36 22 3 11 29 31 42 27 39
9 37 34 12 38 22 11 29 31 42
42 30 34 20 13 2 36 38 8 31
20 30 20 2 12 36 8 11 34 39 17
34 2 5 30 39 3 17 31 27 29
13 5 30 2 12 38 3 11 26 31
2 12 38 22 3 36 11 31 37
12 36 3 17 29 39 37
36 37 36 5 38 3 11
5 17 38 22 11 29 39
30 37 38 3 11 29 39 27
38 37 8 3 11 39 27 26 31
22 8 3 17 26 27 37
8 27 17 26 31 29
3 17 31 27 26
17 31 27 29
29 29 31 27 39
31 11 39 27
37 11 39 26
11 27 39
27 26
26 39
39
