#kunkel.py
# GMT Tue Apr 23 13:58:20 2019
# 
0 1 3 4 8 10 13 14 16 18 19 20 22 25 26 27 30 33 34 35 37 38 39 41 42
1 2 5 6 9 13 14 15 17 19 20 22 23 24 25 27 28 32 33 34 38 39 42
2 3 4 5 8 10 11 16 17 18 19 20 23 27 28 30 31 32 35 36 37 38
3 3 7 8 13 14 16 17 20 23 24 25 26 28 29 30 32 33 34 35 36 37 38 40 42
4 5 6 7 8 13 18 19 21 22 23 24 25 26 27 29 31 32 35 36 40 42
5 7 8 10 11 13 14 15 16 17 18 20 22 24 26 29 31 34 35 36 38
6 7 8 11 12 14 17 21 24 25 26 28 29 30 31 32 34 36 38 39 40 41 42
7 10 11 12 14 15 16 17 20 22 23 24 26 28 32 33 34 35 38 41
8 39 42 36 13 15 16 17 22 23 24 25 27 28 37 31
9 34 35 36 37 40 41 10 11 12 13 15 17 19 21 23 24 27 29 30 31
10 10 12 13 16 17 18 19 21 22 23 26 34 35 37 38 39 40 41 42
11 32 33 35 40 39 12 34 15 16 17 22 26 27 28 29 37
12 13 14 15 18 19 21 22 23 26 27 28 29 30 31 36 37 38 40
13 38 15 17 18 19 20 21 23 25 28 37 36
14 32 38 41 31 40 19 20 22 23 24 36 26 27 37
15 18 21 23 24 25 26 27 31 33 34 35 37 39 40 41
16 32 38 34 33 19 21 24 39 26 27 28 30
17 18 21 22 26 29 32 33 35 36 41 42
18 20 22 28 29 30 31 32 33 36 38 40 41 42
19 20 24 25 28 30 31 32 33 34 36 39 40
20 32 40 41 34 21 24 36 28 30 37
21 22 24 25 27 28 30 34 36 37 38 41 42
22 23 25 31 32 33 34 36 37 41 42
23 23 24 25 26 35 37 38 39 40 42
24 27 29 31 33 35 36 39 41
25 32 41 39 40 26 27 35 30 31
26 30 31 34 35 36 37 38 40
27 29 30 31 32 34 36 38 41 42
28 29 30 31 35 39 40 41 42
29 32 33 34 39 38 42 35 40 30
30 32 33 34 35 36 39 42
31 40 41 37
32 34 35 38 41
33 33 35 36 37 38 39 40 41 42
34 34 36 37 42
35 39 42
36 37
37 38 39
38 39 41
39 39 40 41
40 41 42
41
42
