#kunkel.py
# GMT Tue Apr 23 02:36:20 2019
# 
10 11 17 22 8 26 40 39 0 20 1 37 9 29 30 36 32 14 25 27 12 23 5
11 15 5 6 17 8 32 28 13 26 38 14 25 0 20 35 1 9 16 33 12
17 6 30 3 32 28 13 26 42 38 21 20 35 1 37 9 16 18 7
3 23 22 16 28 13 42 40 0 37 9 7 12 41 6 32 19 38 31 24 27 5
22 23 13 26 40 14 1 37 9 29 2 6 34 4 32 39 19 41 31 21 27 12 18
8 20 13 26 42 40 39 0 33 35 1 37 2 30 38 34 4 14 19 41 5 24 21
31 27 15 33 23 16 28 42 13 38 39 30 5 21 20 35 1 19 2 12
16 29 27 4 25 24 32 42 38 39 5 0 33 12 6 18 23 30
28 13 26 40 33 35 1 37 29 30 36 41 4 38 21 6 18 23 5
13 26 0 1 37 15 29 6 34 4 19 41 30 27 12 18 25
26 40 39 0 20 15 2 7 30 36 32 19 41 25 21 18
42 23 40 0 20 1 37 15 30 36 41 34 5 19 38 25 21 27
40 14 33 35 1 9 2 7 12 34 15 6 32 41 25 24 18
39 36 15 4 25 19 30 29 18 14 35 37 9 27 2 5
0 14 0 20 15 29 7 12 36 6 32 2 5 18 23 4
20 33 35 1 37 15 29 7 23 4 19 41 27 6 25
35 41 34 33 29 14 23 5 37 12 27 2 7 4
1 33 9 29 12 36 15 4 32 2 38 24 27
37 24 33 37 2 7 36 34 4 32 5 21 18
9 36 27 30 19 14 38 25 24 33 18 2 7 23
29 2 7 4 36 34 6 32 19 38 25 21 27
7 23 2 33 34 6 19 38 25 21 27 18 5
30 23 27 14 15 2 36 34 6 32 38 21 25
36 21 32 18 14 4 5 15 6 23 24
41 27 4 32 14 25 24 21 15 6 33 12
34 12 15 4 32 25 24 6 21 19 2 23
15 33 2 38 6 24 21 27 18 5
33 5 14 24 27 18 25
4 27 6 24 2 23 12
32 2 14 12 38 6 18 19 24 21
14 14 38 6 19 5 21 27 12 23
2 19 5 21
38 25 24 19 5 21 18
18 24 19 21 12
21 6 5
25 6 19 5 24 12 23
24 19 27 12
27 12 5
12 23
6 23
19 23
23 5
5
