#kunkel.py
# GMT Tue Apr 23 02:33:35 2019
# 
10 10 30 17 28 13 42 33 21 37 9 7 36 38 31 4 32 19 41 25 24 27 18 5
30 21 17 22 8 20 13 26 42 40 0 33 35 37 29 36 38 6 41 25 24 16 31
17 34 3 22 8 32 11 13 40 38 31 0 16 35 37 9 6 7 12
3 11 22 42 13 40 14 1 37 15 7 12 36 34 6 32 5 19 38 25 21 27 31
22 8 33 42 26 0 20 21 15 1 7 11 34 9 32 41 5 24 16 18 23
8 28 14 35 9 2 7 11 36 41 34 6 19 38 25 21 16 12 18 23 31
2 11 20 28 42 26 40 39 33 35 37 9 36 41 15 19 38 5 24 27 18 31
20 28 13 42 14 0 20 35 1 15 29 24 36 9 6 32 31 21 27 18 25
28 34 15 11 42 19 41 14 38 13 5 24 35 37 9 29 7 18
13 33 42 26 39 0 1 9 7 11 36 38 34 6 41 5 21 18 23
26 16 40 39 0 33 35 37 7 11 4 32 31 21 27 12 6 23 25
42 19 41 39 38 27 31 11 33 1 12 16 23 5
40 39 0 35 1 15 29 7 12 36 34 9 14 41 31 21 18 23 5
34 38 15 6 27 19 14 25 21 33 1 37 9 18 7
0 36 38 9 27 11 14 35 1 37 15 6 18 12 4
33 27 1 21 37 15 23 4 32 19 31 24 16 6 5
35 41 23 32 16 29 14 25 21 15 27 7 4
21 39 9 29 11 4 25 24 16 23 5
37 1 15 29 11 4 32 38 25 24 16 18 23
9 11 39 1 15 29 36 4 38 31 16
16 38 18 11 19 41 14 25 29 23 39
29 31 39 15 23 36 6 14 19 38 25 24 12 5
7 11 32 14 25 24 27 12 39 5
6 14 15 12 36 38 6 39 19 41 24 27 23
36 14 1 11 4 19 41 24 27 12 23
38 4 31 41 14 5
31 39 1 15 12 4 32 25 5
15 23 4 19 25 24 27 18 5
4 32 11 25 1 27 18 12 23
1 23 39 32 19 41 24 27 18
32 39 19 41 14 24 27 18 12
11 24 27 14 12 19 18
14 19 27 25 18 5
19 27 39 12 41 5 18 25
41 39 24 12 23
39 5 18 12 27 25
25 27 12 18
24 23 12 27
27 5 23
12 23
18 23 5
23 5
5
