#kunkel.py
# GMT Tue Apr 23 02:31:39 2019
# 
10 10 30 17 13 26 40 33 35 1 37 9 7 36 4 32 5 19 38 31 24 27 18 25
30 32 11 40 3 2 27 28 13 19 41 39 31 20 1 37 12 16 33 23 5
17 36 34 11 3 22 8 16 41 13 38 14 31 0 33 1 9 29 7 12
3 22 28 13 26 14 33 35 37 15 7 11 36 41 34 6 31 38 25 27 12 5
22 23 28 42 26 40 39 0 33 35 1 15 2 7 12 34 9 6 29 5 21 18
8 11 2 26 40 14 33 35 1 37 9 29 7 12 34 6 19 41 31 16 18 23 25
20 2 20 28 42 26 13 14 0 33 35 1 15 29 41 9 6 19 38 25 24 27 18
28 13 40 39 0 33 35 37 9 23 36 38 34 4 32 41 24 27 18
13 26 40 39 0 35 1 9 7 11 34 32 14 19 31 21 18 23 5
26 11 42 39 21 9 1 29 23 34 4 32 41 25 24 16 5
42 23 33 39 35 1 37 15 29 12 36 9 6 14 19 31 25 24 16 5
40 39 41 14 38 31 24 16 35 1 37 19 29 2 23 12
14 23 39 0 35 1 37 15 24 34 6 32 14 31 21 27 12
0 36 15 11 27 18 41 31 21 35 1 9 6 29 12 4
33 39 1 15 2 12 9 4 32 25 38 31 21 5
35 11 1 37 9 2 12 4 24 27 6 23
1 21 29 36 32 41 31 24 16 25
37 16 15 2 11 34 6 32 39 19 38 25 27 12 18 5
9 11 39 15 2 34 4 19 41 31 16
29 38 23 6 2 19 25 16 15 27 21 7 4
2 39 21 15 11 36 32 19 31 24 27 18 5
7 34 11 19 38 41 39 5 24 27 21 25 6 12
6 27 34 11 16 19 38 18 25 5 31
36 11 21 15 23 34 4 32 19 38 31 24 16 18 25
41 15 11 34 32 38 21 5 24 16 18 23
34 15 32 19 25 27 18 31
15 23 4 32 19 25 24 27 18 5
4 11 32 18 38 31 21 12 27 23 25
16 31 32 39 25 21 18 23 11
32 27 23 38 5 24 21
11 21 19 24 27 12 18
5 23 19 39 31 18 27
19 18 31 24
38 18 39 24 21 12 27
39 25 21 27 18 12
21 23 25 27 12
31
24 23 27 12
27 25 23
12 25 23
18 25 23
23
25
