#kunkel.py
# GMT Tue Apr 23 02:17:30 2019
# 
10 9 23 17 3 22 2 32 28 13 42 40 39 5 21 20 1 37 15 29 30
23 11 3 28 13 40 39 0 35 1 15 12 34 9 6 32 19 30 31 24 16 21
17 34 4 3 25 8 28 42 18 29 14 31 24 33 1 37 19 6 2 12 30
3 3 8 20 42 26 40 39 0 33 16 2 12 4 14 29 38 31 24 27 25
22 11 28 13 26 42 40 39 33 35 1 9 2 7 38 4 14 41 5 31 24 21 25
8 2 28 13 40 0 33 35 1 15 29 7 12 36 38 34 32 19 41 5 24 27
33 21 16 42 26 39 0 37 15 2 12 4 14 19 41 31 24 27 18
28 13 26 14 0 1 37 9 36 34 4 32 39 41 5 24 27 18
13 16 42 26 20 35 9 2 7 30 36 38 11 29 41 25 24 27 18
26 30 42 26 40 39 0 20 35 1 7 4 27 6 32 38 31 16 5
42 16 42 40 39 0 20 37 15 29 7 9 19 5 27 25
40 4 32 19 41 18 38 25 20 35 1 15 16 29 7
39 20 14 37 2 30 38 34 6 24 11 29 41 31 21 27 18 5
0 1 37 9 7 12 36 15 4 32 19 25 21 16 6 5
20 30 1 21 9 2 7 12 6 14 41 31 24 16 18 25
35 11 16 21 15 29 6 38 34 9 4 41 31 24 27 12 5
1 11 14 1 37 15 30 4 19 38 25 21 6 18
37 30 9 2 7 36 34 32 29 38 25 21 16 18 5
9 30 14 9 29 2 36 38 15 4 19 41 31 21
16 14 15 2 11 34 6 32 29 41 19 21 12 18
2 11 7 6 36 4 32 5 31 21 12 25
7 11 14 29 30 36 34 6 32 19 41 31 21 12
30 21 12 34 4 14 19 31 24 27 18 5
36 12 4 32 19 5 24 27 18 21 15 29 6
41 27 34 32 19 25 21 15 14 24
34 34 25 5 18 14 31 27 11 19 29
15 6 4 27 11 19 14 38 12
4 11 32 25 31 24 27 18 5
25 11 14 12 38 32 19 5 27 18
24 29 11 14 38 21 27 12 6 18
32 11 31 14 29 21 18 5
11 18 38 14 27 6 21
14 29 6 19 27
29 27 6 19 38 31
38 12 6 38 5 21 31 18
19 5
5 27 12
21 6 31
27
12 31 18 6
6 18
18
31
