#kunkel.py
# GMT Tue Apr 23 01:59:23 2019
# 
10 11 22 8 42 40 20 35 1 9 2 7 6 36 41 4 32 38 25 21 27 18 5
11 11 17 3 22 8 16 13 26 0 20 1 9 2 30 38 34 15 29 41 31 21 27
17 22 8 2 20 28 42 40 39 33 37 29 7 30 36 34 32 19 38 24 16 18
3 22 20 13 40 14 33 21 37 23 36 38 6 4 39 41 31 24 16 12 18 25
22 34 8 32 13 19 38 30 5 24 6 35 1 15 0 18 25
8 13 26 42 40 14 1 21 9 29 12 38 34 4 39 41 5 24 18 31
16 30 33 28 13 26 20 29 7 12 36 32 5 38 31 21 27 18 23 25
28 36 40 7 6 20 13 26 19 41 39 5 0 35 21 12 29 23 25
42 30 40 39 0 1 37 15 2 6 36 34 9 4 32 19 38 31 27 18 23 25
26 27 14 0 33 1 37 15 7 12 36 41 4 39 19 38 31 18 25
13 27 40 39 0 33 35 15 29 6 36 9 4 32 41 24 18 23
40 36 34 15 2 41 39 31 20 35 12 9 18 7 5
39 30 0 20 35 15 2 7 4 34 6 19 31 27 12 5
0 33 35 37 15 2 34 9 32 14 19 38 5 21 18 25
20 27 33 35 37 15 29 7 30 9 6 32 41 25 24 18 4
35 36 34 6 25 33 19 31 35 21 37 12 2 4
1 33 37 9 7 30 36 34 4 32 41 5 21 27 12 6 18
31 33 37 9 2 23 36 34 14 19 38 25 21 5
9 14 37 15 2 6 36 4 5 29 25 24 12 23
2 36 34 7 23 38 30 21 6 29 12 4
7 36 32 27 4 41 29 38 25 14 23 5
6 23 33 29 30 36 34 14 19 41 5 27
36 23 30 32 19 41 24 21
38 21 37 30 4 19 41 24 12 23 5
34 27 33 37 15 29 30 4 24 14 21 18 25
15 37 29 12 32 14 41 30 5 24 27 18
33 21 14 37 29 12 19 24 18 23 5
4 12 27 25 24 37 18
19 27 32 30 14 37 12 29 24
24 23 14 30 32 5 21 27 12 18
32 23 21 30 25 37 27 12
14 25 18 5 41 30 21 29
29 30 29 41 5 21 12
41 30 37 25 12
30 30 25 12
37 27 23 12
25 27 18 5
21 12 23
27 18 23
12
18 23 5
23 5
5 5
