#kunkel.py
# GMT Tue Apr 23 01:51:38 2019
# 
10 11 3 22 20 42 40 0 33 35 1 37 9 29 12 38 34 4 32 41 31 24 27 5
11 23 22 27 28 42 26 13 14 20 9 2 30 15 32 11 29 41 31 21 16 12 25
17 36 38 6 22 8 33 28 42 26 19 40 14 0 20 21 12 15 27 18 23 30
3 24 3 28 13 26 40 39 0 37 15 29 2 12 34 6 14 19 5 21 18 23 31
22 8 20 13 26 40 14 0 33 35 1 15 7 30 38 31 24 16 21 23
8 41 15 6 42 26 38 30 25 24 16 35 21 37 9 0 18 7 4
20 28 40 39 35 1 15 2 7 23 36 34 4 32 14 19 25 24 12 18
28 40 39 35 21 37 9 2 7 30 36 6 32 41 25 24 16 12 23
42 34 27 13 26 19 5 31 21 33 35 1 37 9 2 12 4
26 13 35 15 30 38 34 9 4 19 41 25 21 6 12 23 5
13 40 39 33 35 9 2 7 36 38 6 32 14 41 5 24 27 25
40 30 33 16 39 0 1 37 29 23 34 32 14 19 41 25 24 27 18
14 38 2 27 19 30 31 35 37 9 29 18 7 25
0 36 34 9 23 32 19 24 33 1 37 15 27 21 7 12
33 36 30 32 33 39 31 27 5 1 37 12 16 21 4
35 30 35 1 37 15 29 7 36 9 39 19 25 27 18
1 36 34 4 7 2 5 38 25 21 9 29 12 24
37 30 21 2 7 36 38 4 39 19 41 31 24 5
9 36 34 2 32 41 21 5 15 19 6
16 41 34 6 7 32 5 2 38 31 24 15 27 29 12 30
29 39 2 7 12 4 19 41 25 24 27 6 18 23 5
7 21 23 36 4 32 19 5 24 27 12 18
12 15 2 30 6 32 19 38 31 18
36 21 39 15 2 23 6 32 41 25 24 5
38 23 15 2 30 4 32 39 25 21 18 5
34 30 21 39 15 23 6 5 19 25 24 18 31
15 39 2 23 32 31 24 27 18
4 23 39 2 30 41 6 32 19 25 21 27 18
19 30 2 23 19 31 5
25 39 30 41 32 5 24 27 18
32 24 41 5 18
39 31 18 27 23 6
2 5 21 23
41 31 5 24 18 6 23
18 5 30 31 21 6
30 27 31 5
31 6 24 21 27
24 27 6 21
27 6 23
6 5 21
21
23 23 5
5
