#kunkel.py
# GMT Tue Apr 23 13:58:14 2019
# 
23 32 14 20 31 2 12 36 5 28 1 8 17 34 39 41 42 30 21 7 26
18 32 4 21 42 35 14 24 0 30 37 10 19 9 33 13 12 5 3 11 31 41 17
4 21 32 28 15 40 0 25 34 37 7 19 20 12 17 38 22 3 11 29 41 42 6
11 9 34 13 32 12 28 2 10 1 8 17 29 39 27 33 31 37 24 40
30 41 28 15 9 40 0 25 34 24 20 13 12 5 22 3 31 16 42 27 26 6
16 32 28 35 38 9 6 40 34 37 7 33 21 14 24 20 12 1 8 17 31 42 26
39 42 15 35 14 40 25 37 7 34 13 2 12 36 5 8 29 31 41 27 17
32 21 41 42 9 6 33 19 34 13 36 5 1 22 8 3 31 27 26
28 21 42 35 38 9 24 0 25 10 7 19 13 12 36 1 3 31 26
15 31 42 15 38 25 0 37 7 10 21 20 36 5 1 8 3 29 27 26
35 20 41 2 12 1 22 38 9 3 6 42 0 33 21 37 14
38 14 20 31 2 12 5 22 8 3 6 36 25 34 37 26 24
9 9 6 25 0 33 7 37 19 14 20 13 36 22 8 3 27 17
40 41 14 24 0 10 33 37 19 20 13 12 36 1 22 3 29 27 40
25 6 0 25 34 10 7 21 19 14 20 12 22 8 29 41 27 24
0 10 7 37 19 34 13 2 36 1 17 31 41 42
10 21 24 37 7 33 13 2 36 5 1 22 8 29 31 27
7 24 33 37 19 34 13 36 5 22 17 42 31
37 21 42 24 33 37 19 20 2 5 1 22 26 27
21 14 24 33 19 20 13 2 12 3 31 26
19 14 13 2 1 22 29 6 33 26
14 42 33 34 2 5 1 22 8 3 29 31
24 41 13 12 8 3 26 6 27 17
20 34 13 42 22 8 29 6 36 26
34 42 6 33 13 2 12 36 8 17
13 36 2 8 29 17
2 6 12 17 3 29 41 27 33 26
12 41 31 33 36 22 27
36 6 5 1 8 3 29 41 26
5 31 22 3 17 26 6 41 29 33
1 41 6 17 8 3 29 31 42 26
22 41 42 33 3 29 26 27 31
8 41 3 6 33
3 17 29 42 27
17 41 42 6 33 29 31 27 26
29 33 29 26 41
31 6 26 27
41 42 6
42
27 33 26 6
33 6
26
6
