#kunkel.py
# GMT Tue Apr 23 01:16:56 2019
# 
10 36 38 4 17 22 2 33 41 13 40 39 29 5 24 20 37 19 0 18 7 30
30 11 17 3 8 42 40 14 0 20 37 15 29 7 6 38 34 4 32 41 5 16 18
17 22 8 42 39 1 37 9 2 7 11 36 14 19 41 31 24 27 18 23 5
3 22 8 28 42 26 13 40 39 20 21 37 15 1 29 11 9 38 31 24 16 23 5
22 11 42 26 13 14 35 21 9 2 7 6 34 15 4 32 29 24 16 12
8 28 42 26 39 35 1 29 2 6 36 34 4 11 14 19 41 5 24 18
20 23 2 16 28 41 13 40 25 24 33 18 11 37 9 6 29 12 5
28 13 26 40 33 35 9 29 4 15 6 5 2 38 31 21 27 12 18 25
13 16 40 39 0 33 35 15 29 7 6 36 9 4 32 19 25 24 27 5
26 23 2 42 26 40 39 0 33 21 37 29 38 6 32 14 19 41 5 24
42 40 14 0 1 2 7 23 34 6 32 38 31 24 27 12 25
40 39 0 35 1 15 2 11 36 6 5 19 31 27 23 25
39 14 35 1 37 15 29 7 36 6 41 31 24 16 18 25
27 23 33 35 21 1 2 7 36 38 34 6 32 41 31 24 16 18 5
0 9 16 4 32 19 38 31 24 33 21 37 15 1 2 23
33 23 33 14 37 9 2 7 12 36 4 11 25 24 16 5
35 11 37 15 7 12 36 38 34 4 32 14 41 5 6 18 23
1 38 7 24 31 32 19 41 25 37 9 12 11
37 14 9 29 7 12 34 19 38 25 16 5
15 38 34 18 41 31 16 12 9 6 2 23 24
29 7 11 36 38 6 32 14 41 31 21 12
2 11 14 9 16 12 38 34 4 32 41 25 18
7 16 7 11 34 4 32 19 21 18
11 9 24 36 4 32 41 31 21 23
36 34 4 41 38 14 31 9 6 23 12
41 14 9 38 25 21 16 23
34 25 16 19 38 18 14 31 23 12
9 14 24 25 19 31 21 23 5
4 14 12 4 32 19 25 21 23 5
16 23 6 32 19 31 24 12 18
25 24 12 38 32 14 19 31 21 18
32 14 6 38 5 24 21
14 23 31 12
19 31 24 18 23 21 6
38 23 5 12
21 31 24 5 18 23
5 12 24 31
24 24 6 18
6 12 6 18
12 31
18 23
23
31
