#kunkel.py
# GMT Tue Apr 23 01:11:22 2019
# 
10 40 6 23 17 8 32 28 13 26 38 39 30 25 31 35 5 15 1 29 7 4
23 11 3 8 13 26 0 20 37 9 29 7 36 41 4 31 38 25 24 27 18 5
17 11 3 22 8 27 28 13 26 42 39 35 37 29 12 36 38 34 6 14 41 25 21 16
3 30 8 20 42 26 39 0 33 35 1 37 9 2 7 6 14 29 31 21 12 5
22 30 8 27 28 26 40 39 0 33 35 15 29 7 11 9 4 19 41 31 21 16 6 5
8 30 28 42 40 0 33 35 1 15 2 7 34 4 5 24 27 12 6
33 30 16 28 13 26 42 39 20 1 9 29 12 36 34 6 38 25 21 27 18
28 30 20 26 19 40 14 27 24 21 37 15 16 18 7 4
13 27 14 1 37 9 2 11 36 34 6 32 39 41 5 21 16 18 4
26 7 32 5 19 38 14 31 11 9 6 29 12 4
42 11 14 0 35 1 15 29 6 36 34 4 32 41 25 24 16 18 5
40 34 4 30 2 32 29 41 27 25 20 35 31 15 16 18 12 5
39 30 20 0 29 7 12 36 38 34 4 2 41 5 21 31 25
27 0 20 1 37 19 2 7 41 34 6 29 38 31 16 18
0 30 16 14 20 1 37 15 2 12 34 9 32 11 38 21
20 36 41 7 30 32 14 25 35 37 9 12 6
35 11 9 7 12 36 34 32 19 41 31 21 16 18 25
1 15 6 25 32 11 38 31 18 19 16 29 12 24
37 21 14 37 9 29 36 32 11 19 38 31 24 18 25
15 21 14 9 2 7 36 6 32 19 38 5 24 18 31
16 34 11 30 21 24 14 5 18 4
29 36 25 31 5 12 14 7 11
7 30 14 9 2 36 34 24 41 31 21 12 19
30 14 2 36 25 32 19 38 31 24 5
36 9 36 41 34 6 32 19 38 5 24
41 2 12 34 4 32 14 19 25 18 31
34 9 4 11 38 19 2 24
9 2 24 4 32 38 31 21 12 5
4 21 12 38 6 32 19 25 24 5
32 11 19 31 24 6 12 5
11 21 2 14 5 19 18 25
5 2 14 18
2 24 38 14 12 6
38 14 19 31 21 12 18
18 6 24 19 31 21 12 25
21 6 19 31
25 14 31 24 12
24 12 6 19
6 14 12
14 31
12 12
19 19 31
31
