#kunkel.py
# GMT Tue Apr 23 13:58:14 2019
# 
23 4 30 28 15 35 6 24 34 10 37 19 20 13 38 8 3 17 31 41 11 27 26 39
32 19 8 4 21 31 2 42 15 5 38 14 3 9 39 41 36 40 34 37 0 6
4 21 28 15 35 9 24 33 7 19 2 12 36 5 1 8 17 29 31 41 27 39
30 41 42 9 25 34 10 33 14 20 2 1 8 3 17 29 31 16 28 27 26 39
16 18 9 20 21 13 26 28 15 35 1 14 29 24 41 25 0 33 7 27 39
18 11 28 15 35 9 40 25 10 19 14 34 13 12 5 8 3 17 31 42 27 39
28 21 35 10 14 6 25 37 33 9 34 13 2 12 5 38 22 11 29 17
15 20 13 24 42 10 38 22 14 11 31 0 6 21 33 19 39
35 35 9 0 37 10 19 20 13 2 36 5 22 31 42 27 26 39
6 21 1 14 24 25 0 37 7 33 19 34 38 22 8 3 17 41 27 40
1 21 42 14 0 40 10 33 37 34 12 36 5 38 11 29 31 41 27 17
14 42 9 25 0 40 19 24 13 2 38 22 11 39 17
25 11 21 41 34 33 20 2 36 5 22 3 17 39 42 26 31
12 21 13 42 38 22 9 3 36 34 31 40 20 37 27 33 24
24 17 10 7 33 34 13 2 36 5 38 22 11 29 26 37 39
0 8 2 42 38 3 11 17 31 36 39 33 7 27 37
40 21 42 9 10 7 34 13 2 36 22 8 11 29 39 41 27
34 37 7 19 20 13 36 5 38 11 29 31 41
10 11 21 9 2 36 5 38 8 17 29 39 42 27
7 21 41 42 9 37 19 20 2 22 8 3 11 29 31 26
37 5 21 9 3 11 31 41 36 26 39
21 20 13 38 3 29 41 42 27
19 42 33 9 36 5 22 8 11 29 26 27 17
9 20 13 38 22 8 3 11 26
42 42 33 20 2 36 38 31 41 26
20 41 13 36 5 22 3 29 31 27 39
13 2 3 41 33 29 27 22
2 36 38 3 17 29 31 41 27 26
33 33 36 38 22 8 3 29 39 41 26
36 5 22 8 3 17 26 27
5 39 38 22 3 11 29 31
38 22 8 39 26
22 8 3 29 26 27
8 3 17 29 41
3 3 17 29 31 27 26
17 11 29 31 41
29 26
31 31 39
41 39 11 26
11 39
27 39 27 26
26
39
