#kunkel.py
# GMT Tue Apr 23 00:46:49 2019
# 
10 36 38 11 6 17 22 32 33 13 26 19 40 39 5 24 16 1 9 0 23 30
23 36 34 30 17 3 28 41 13 40 39 38 25 0 27 14 37 19 29 7 4
17 11 28 13 26 39 0 20 35 1 9 2 7 30 4 32 5 19 41 31 18 25
3 5 22 8 42 26 40 39 0 33 7 30 41 34 4 11 14 38 25 27 12 6 31
22 11 8 27 26 0 33 1 37 29 2 7 6 4 32 19 41 30 25 16 18 5
8 24 33 28 13 16 0 20 35 37 15 12 41 9 6 4 32 38 25 21 31 18 5
20 34 15 4 11 13 26 31 38 29 5 21 27 35 1 9 0 2 12 6
28 28 42 40 14 1 35 21 2 7 12 36 34 4 32 38 31 24 27 18 25
13 16 42 40 14 1 37 9 2 7 6 36 4 38 31 21 27 18 5
26 27 42 40 39 33 35 1 9 7 36 34 15 19 31 21 16 18
31 30 16 14 0 37 29 11 38 34 2 41 25 24 27 12 18
40 4 29 41 39 38 25 21 16 14 1 15 2 7 24
39 16 14 33 35 21 37 1 2 11 38 34 19 41 5 24 27
0 36 25 33 11 18 16 38 24 37 9 6 29 4
33 9 21 32 30 14 19 16 27 35 1 12 29 7 4
35 38 34 11 7 32 41 5 24 12 37 9 16 2 4
1 42 37 9 12 41 34 4 32 14 38 25 21 27
37 30 42 9 29 36 38 34 32 19 41 25 21 18
9 2 42 14 29 7 36 6 19 41 25 16
29 34 15 32 30 5 19 14 18 6 2 7 12
2 30 21 7 12 36 15 19 41 24 16 5
7 15 30 36 34 6 25 27 18 5
30 19 34 41 14 24 27 18 15 11
36 16 42 6 36 34 4 19 38 25 24 27 12 5
27 42 21 4 32 11 19 24 12 18
34 15 34 4 32 11 19 21 6 12 18 25
15 11 42 14 21 12 4 32 19 38 25 24 16 6
6 11 42 14 12 4 32 5 21 18
42 38 11 32 41 14 25 21 5 24
25 38 32 19 41 5
32 19 41 5 24 12
11 41 38 16 18 24
14 21 4 19 24 16 18 5
19 16 21 12
38 24 5 38 21 16 12 18
41 24 16 12
5 4 21 12
24 4 21
16 4 18
12 12 21
21 18
18 4
4
