#kunkel.py
# GMT Tue Apr 23 00:40:00 2019
# 
10 23 17 3 20 13 33 21 15 1 29 12 41 34 9 4 32 19 38 25 24 16 5
23 23 22 8 20 28 13 40 14 0 33 1 37 29 7 36 32 41 25 24 16 18
17 34 4 3 22 32 42 25 38 14 5 0 16 35 21 12 6 2 7 30
3 30 27 28 13 42 40 14 20 1 37 4 36 34 6 19 41 25 24 16 18 5
22 22 8 20 42 26 39 33 35 9 2 11 36 32 29 41 25 24 16 12 5
8 28 13 26 40 0 20 35 37 2 7 11 36 32 19 38 30 31 21 16 18 5
2 30 20 42 26 40 14 33 15 7 6 34 9 4 39 19 31 21 18 5
20 28 39 33 35 37 9 36 34 6 32 14 19 41 31 21 27 18 25
28 26 14 0 35 1 37 15 7 4 41 6 39 19 38 31 24 27 21
13 16 42 26 40 35 21 15 30 38 9 6 11 19 41 25 24 27 12 18
26 34 11 33 42 19 14 25 24 27 35 1 9 29 7 31
42 30 40 33 35 1 37 29 7 12 36 34 4 25 16 18 5
40 40 39 0 1 15 29 7 30 36 4 32 11 14 41 5 12 18
14 11 0 21 1 38 34 4 32 41 30 25 24 27 5
27 34 31 6 1 39 41 5 0 33 21 37 9 16 29 30
0 36 38 4 39 19 41 31 11 37 9 1 18 12 5
33 39 33 1 37 29 30 36 38 34 41 5 21 18 25
35 11 21 37 9 1 30 41 34 4 32 38 31 24 12 18
21 16 1 37 15 29 12 4 18 19 25 6 31
37 15 29 7 4 38 34 6 32 41 5 24
15 30 39 1 15 7 12 36 38 34 6 24 32 41 25 31 5
1 16 11 36 38 9 32 19 41 30 12
29 16 39 9 7 30 6 32 11 19 38 31 12 5
7 34 25 16 39 31 30 11 6 12 18
12 36 34 4 32 38 31 6 11
36 39 11 34 9 6 32 19 31 24 16
41 34 18 5 9 16
34 34 9 6 32 19 31 24 16 25
9 11 30 4 25 32 19 5 6 31
31 39 32 18 19 25
4 24 11 6 39 19 25 16 18
32 39 38 24 16
11 38 5 18 19 25
39 30 16 6 38 25 24 18 5
19 38 30 6
38 30 6 5 18
30 24 16 18
25 24 25 5
24 16 6
16 6 18
6 5
18
5
