#kunkel.py
# GMT Tue Apr 23 00:36:23 2019
# 
10 10 30 17 22 13 26 42 40 0 37 9 29 7 23 36 34 6 41 5 21 27 12 18
30 23 22 8 20 28 39 33 21 15 2 7 36 38 34 6 5 41 31 24 27 25
17 11 22 8 33 28 13 26 42 40 39 0 20 1 9 7 23 36 34 32 19 24 16
3 11 8 27 28 13 26 40 14 0 37 9 2 7 6 34 15 4 32 38 5 16 12 23
22 34 15 24 32 11 13 26 41 14 38 25 0 20 9 16 7 31
8 28 13 26 39 0 20 35 15 29 2 23 41 4 24 32 19 38 25 21 18 5
31 33 28 13 40 39 20 21 27 7 12 36 41 34 19 38 5 24 16 18 23
20 11 16 28 42 26 14 0 1 29 2 7 34 32 19 27 12 23 25
28 23 27 28 42 9 29 11 41 32 38 5 24 16 12 18 25
13 24 16 40 0 33 35 1 9 29 38 6 32 41 21 27 25
26 11 2 42 40 33 1 37 29 23 36 38 19 41 25 21 18
42 36 4 27 19 38 39 5 24 33 18 21 37 6 29 7 11
40 21 39 35 15 29 2 6 36 34 9 4 32 19 24 12 18 23
14 36 27 15 4 11 41 19 32 39 25 24 16 1 12 9 18 7 6
0 33 35 9 29 2 6 27 34 4 19 41 5 24 16 18
33 11 39 21 37 15 2 12 36 9 4 29 38 24 27 6 5
35 36 41 34 11 21 32 19 39 38 5 16 1 9 6 29 7 4
1 36 12 34 16 32 19 38 39 25 21 37 9 7 5
37 2 16 39 15 29 7 12 36 34 9 6 19 41 25 27 18
9 4 27 19 38 15 18 12 24
16 23 16 15 2 36 38 34 6 32 19 41 27 18 25
29 11 7 12 36 4 19 41 25 24 5
7 39 2 34 4 32 19 38 5 25
23 34 6 39 5 11 15 27 18 12 25
36 34 4 19 41 24 15 6
38 11 39 15 6 4 19 21 27
34 27 39 2 11 41 21 12
15 4 2 11 19 25 6 18
6 2 41 39 5 27
25 39 12 4 5 24 27 21
24 27 32 18 11 5
32 11 39 2 12 18 41 27 21
11 21 39 2 41 4 19
39 2 41 27 18
2 27 4 5 21
41 41 21 12
19 12 18
5 4 21 12
21 12 4 18
27 18
12 4 18
18
4
