#kunkel.py
# GMT Tue Apr 23 00:27:01 2019
# 
10 23 17 3 33 13 27 20 21 15 1 29 12 41 34 9 4 32 38 25 24 16 5
23 23 22 8 20 28 13 40 14 0 33 1 37 29 7 36 32 41 25 24 16 18
17 34 4 3 22 32 42 25 38 14 5 0 16 35 21 12 6 2 7 30
3 30 27 28 13 42 40 14 20 1 37 4 36 34 6 19 41 25 24 16 18 5
22 22 8 20 42 26 39 33 35 9 2 11 36 32 29 41 25 24 16 12 5
8 27 28 13 26 40 0 20 35 37 2 7 11 36 32 38 30 31 21 16 18 5
31 36 27 34 15 21 32 28 26 19 2 18 39 25 0 20 35 9 29 7 12
33 20 42 26 39 33 1 37 29 2 30 36 41 34 19 38 5 21 18 25
28 26 14 0 20 35 1 37 15 7 4 41 6 39 19 38 24 27 21
13 16 42 26 40 35 21 15 30 38 9 6 11 19 41 25 24 27 12 18
26 34 11 42 19 2 14 24 27 35 1 9 29 7 25
42 30 40 35 1 37 29 7 12 36 34 4 2 25 16 18 5
40 11 40 14 0 1 15 2 7 36 4 32 39 29 41 30 5 12 18
14 11 0 20 21 1 2 38 34 4 32 19 41 30 25 24 5
27 36 34 11 0 2 38 30 21 20 1 9 6 29 4
0 36 4 39 19 41 38 5 11 37 9 1 18 12
20 35 37 9 2 36 34 6 32 39 19 41 21 18 25
35 11 21 37 9 1 30 41 34 4 32 38 24 12 18
21 1 37 15 29 2 6 4 19 25 16 12 18
37 15 29 7 4 38 34 6 24 32 19 41 5
15 30 39 1 15 2 7 12 36 41 34 6 32 25 38 24 5
1 11 36 38 9 32 19 41 30 16 12
29 16 39 9 7 30 6 32 11 19 38 12 5
7 34 25 2 39 30 16 11 6 12 18
12 36 34 4 32 38 6 11
36 11 39 34 9 6 32 24 16
41 19 34 16 9 18 5
34 2 34 9 6 32 19 24 16 25
9 11 2 30 4 32 19 25 6 5
4 24 16 2 11 6 39 25 18
19 39 30 16 6 5
32 39 38 24 16
11 38 5 18 25
39 30 16 18 2 6 38 25 24 5
2 30 6 18 5
38 30 6 5 18
30 16 24 18
25 24 25 5
24 16 6
16 6 18
6 5
18
5
