#kunkel.py
# GMT Tue Apr 23 00:21:46 2019
# 
10 3 22 8 27 28 42 40 20 35 37 15 7 12 34 9 6 41 31 24 16 18 5
30 30 17 20 28 13 26 39 33 35 37 29 11 27 34 6 19 41 31 16 12 18 4
17 8 13 26 42 40 39 0 20 21 37 9 2 12 38 34 41 31 24 16 18 5
3 23 3 8 13 40 39 20 35 1 15 29 38 34 14 2 41 25 21 16 18 31
22 24 28 13 26 40 39 0 33 1 9 2 7 6 36 4 14 29 38 21 16 18
8 6 33 28 42 2 38 39 25 0 20 1 37 9 23 29 7 31
2 27 28 13 42 39 0 33 35 1 9 7 12 36 15 14 38 31 16 18 25
27 13 26 42 40 14 20 35 1 37 9 29 4 36 6 19 41 25 12 18 23
28 28 42 26 40 39 33 37 15 29 7 11 36 4 19 41 31 16 12 6 23 25
42 11 26 39 20 1 37 9 7 12 36 4 19 41 5 24 16 18
26 13 40 0 33 35 21 37 9 11 36 38 19 41 24 16 23
13 40 34 9 1 32 41 5 0 16 35 21 15 7 6
40 24 18 41 39 38 25 0 33 14 15 29 12 5
39 14 35 37 7 11 41 34 4 32 19 38 31 21
25 11 14 1 37 15 29 7 36 9 4 19 41 31 24 18 5
0 11 14 35 1 37 7 12 36 6 19 5 21 16 18 23
20 16 14 33 35 37 15 7 23 34 9 6 19 41 5 12
35 33 1 41 34 6 32 19 38 31 24 16 21 5
21 23 14 1 37 15 7 34 9 4 32 31 24 16 18
37 1 37 15 29 24 4 14 31 5 16
15 11 14 1 15 7 23 38 34 6 24 41 12
1 11 33 29 7 6 4 32 19 12 5
29 36 41 11 32 38 24 16 9 33 7 23
7 24 12 36 9 14 41 19 23
12 34 11 33 18 41 14 23 24
36 5 34 6 24 38 16 31 9 23 4
38 11 33 6 38 4 32 41 31 24 18
34 4 24 32 11 19 5 9 14 23
9 11 4 6 32 19 23
33 32 18 14 11 16 19 6 23
6 14 11 41 4 32 31 5
4 5 32 31 16 14 18
32 19 24 11 18 14 5 16 23
11 14 19 41 24 18 31
14 5 19 31 23
19 5 18 41
41 23 31
31 18 23 5
24 23 18 5
16 18
18 5
23 5
5
