#kunkel.py
# GMT Tue Apr 23 00:14:24 2019
# 
10 11 3 33 28 42 26 40 20 35 1 15 16 29 7 30 4 32 19 25 24 27 12
11 34 4 3 8 2 32 28 13 19 40 39 38 25 21 16 35 15 14 42 18
17 24 22 8 2 26 0 33 37 15 29 7 23 36 41 34 6 19 38 5 21 18 31
3 36 7 15 3 4 41 26 42 40 39 31 24 16 35 1 9 23 12 6
22 36 6 16 28 13 26 19 38 14 25 24 20 18 1 12 9 0 29 23 31
8 40 34 15 33 42 26 19 41 39 25 24 20 1 31 9 2 12 5
2 36 41 32 33 27 28 42 29 40 39 38 25 21 20 9 18 7 30
33 23 28 26 39 1 35 21 37 15 7 36 6 32 38 5 24 18 31
28 13 42 39 0 35 37 9 7 4 34 6 32 14 19 31 27 12 23
42 26 39 20 1 37 9 29 7 12 34 24 38 30 25 21 23 31
26 30 20 40 35 21 37 9 1 29 12 41 31 24 27 18 25
13 40 14 0 20 35 1 37 15 29 12 36 9 24 39 19 31 21 16 18 25
40 23 32 19 41 14 5 24 20 35 1 9 0 7 18
39 0 1 15 29 4 41 34 9 6 38 25 27 18 5
0 36 38 34 4 19 25 16 5 1 37 15 23 18 7 30
20 30 14 37 9 4 15 6 19 38 31 21 27 12 23 5
35 27 14 37 9 36 38 34 6 32 41 31 21 16 5
1 37 15 7 9 4 32 5 19 41 25 21 16 18 31
37 23 37 29 12 36 34 32 19 41 31 21 18
15 21 29 30 4 14 19 38 24 6 12 18 23
29 23 9 29 6 36 4 32 14 19 41 25 21 27 12 5
7 30 16 14 7 12 34 4 19 38 31 27 5
30 36 34 6 24 32 18 16 14 38 21 12 27 23
36 38 34 24 27 41 14 25 21 6 4
27 14 21 12 38 34 4 41 25 24 16 5
34 12 6 32 31 5 24 16 18 25
9 23 24 6 32 5 21 18 4
31 23 6 4 25 24 16 18 5
4 14 23 4 5 25 24 6
32 16 12 18 19 25 21 6 23
41 23 14 21 12 6 19 24 16 18
14 19 14 38 25 24 6
19 38 16
38 16 12 6 25 18 23
18 21 16 23 25
25 5
24 16 23
16 12 23 5
12 6 5
6 5
21 5
23 5
5 5
