#kunkel.py
# GMT Tue Apr 23 00:02:22 2019
# 
10 11 2 42 26 13 33 35 37 15 29 7 6 41 4 32 19 38 31 24 16 12 25
5 36 41 4 11 8 27 26 19 40 30 25 21 20 35 1 37 32 0 18 7 6
11 30 17 33 28 26 40 14 20 15 29 7 9 4 32 39 41 25 21 16 18
17 36 41 20 33 4 3 32 28 13 31 40 14 25 23 27 35 37 16 29 7
3 23 3 8 28 13 14 1 37 9 29 7 34 6 32 39 2 38 31 21 16 18 25
22 30 22 8 28 13 40 39 0 20 37 9 2 12 15 14 19 41 31 24 16 18 23
8 41 9 30 24 33 14 26 19 38 18 39 31 0 27 15 16 29 12
20 16 28 13 42 40 35 1 37 29 2 30 41 34 19 38 25 27 18 23
28 42 26 39 33 37 9 29 7 6 36 34 15 4 19 41 30 12
13 42 39 0 37 15 2 7 6 34 4 14 19 41 31 21 16 18 25
26 40 14 0 33 35 1 9 2 23 36 34 4 39 19 31 25 16 6
42 36 34 9 24 19 40 35 39 38 31 21 14 15 0 2 7 23
40 36 6 32 19 31 39 35 12 9 23 14 7 30
39 33 35 15 29 2 36 41 34 6 32 19 38 25 27
27 36 41 6 16 24 32 33 38 30 21 1 9 0 29 12 31
0 30 16 14 33 1 37 15 2 7 23 36 32 19 38 21 12 31
33 36 34 24 29 41 35 37 15 23 2 7 30
35 36 34 32 24 19 25 21 18 9 29 12
21 14 1 37 9 29 30 36 15 6 19 41 25 24 23
37 30 1 29 7 24 34 6 32 41 31 18 23
15 14 9 29 6 41 15 4 32 38 31 16 12 18
29 9 1 7 12 36 25 24 18
2 30 9 7 23 36 41 4 32 38 31 16 12 25
7 14 12 36 4 19 30 18 23
6 41 32 14 38 31 1 16 12
36 16 1 23 34 41 24 18 31
38 30 14 1 9 34 4 32 19 41 25 18
34 30 1 9 12 4 31 24 16 18 25
9 1 30 41 24 31 12 19 25
4 32 18 41 14 25 24 1 12
1 23 16 14 1 19 41 12 25
32 14 30 19 12 18 23
14 30 19 41 25 16 12 23
19 23 24 18
41
30 16 18
31 23 16 12 24
24 25 16 18 23 12
16 18
12 18
18
23 25
25 25
