#kunkel.py
# GMT Mon Apr 22 23:26:38 2019
# 
10 23 3 8 16 28 42 39 35 1 9 29 2 36 4 32 14 19 38 25 24 27 18 5
23 11 3 8 28 26 40 0 35 1 37 9 2 12 38 34 4 29 41 31 27 18
17 11 3 22 8 42 26 13 40 39 0 20 35 1 37 9 2 30 25 14 29 41 31 24 16 5
3 36 20 16 22 32 29 19 40 18 38 0 33 35 9 27 2 7 11
22 11 8 42 40 0 20 35 1 37 15 29 7 30 38 9 32 19 41 5 24 12 18
8 20 28 42 40 0 33 35 1 9 30 36 34 6 11 38 5 24 16 21
27 28 42 26 14 33 35 1 37 15 29 7 12 36 34 30 31 21 18 5
28 34 4 20 33 5 38 14 30 25 0 21 37 12 16 7 6
42 30 33 13 26 39 20 35 37 29 12 4 14 19 38 31 24 18
26 36 40 34 32 19 41 39 38 14 25 0 35 1 37 6 2 30
31 33 13 40 14 0 20 35 21 15 1 29 11 36 4 32 31 24 18 25
40 1 37 2 7 12 36 4 32 25 38 5 24 16 6 18
39 11 20 13 33 35 1 9 2 7 12 36 38 6 32 19 41 25 21 18
0 13 35 21 37 2 41 6 32 19 38 24 16 18 25
20 13 33 1 2 12 41 34 4 14 19 38 24 18 5
35 13 33 11 6 32 14 19 41 21 5
1 13 15 29 9 6 32 14 41 5 25 21 18
37 16 13 33 15 11 36 34 9 4 32 19 41 6
9 36 34 32 11 18 41 21 33 15 16 29 24
29 13 15 2 30 34 6 32 11 19 41 12 25
2 14 33 7 30 36 38 6 41 25 21 16 4
7 36 41 34 11 32 19 30 25 24 18 21 12 6 4
11 38 34 15 30 19 41 21 33 4
36 30 13 33 12 4 5 41 25 21 18
41 13 33 15 4 41 5 21 6
34 12 4 33 19 14 15 5 24 18 6
15 30 13 33 12 6 32 19 5 24 16 18 25
33 5 16 30 4 32 14 19 25
4 14 12 6 19 25 21 18
32 30 14 12 6 24 21 5
14 21 14 6 38 30 24 25
19 13 12 38 25 21
38 16 18 30 13 12
30 16 13 12 6 24 21
21 16 13 12 5
13 16 6 18
25 12 24 16 18
24 5 12 16 18
16 5 12
12 5
6 5 18
18
5
