#kunkel.py
# GMT Mon Apr 22 23:16:21 2019
# 
10 30 17 3 22 28 42 26 14 0 33 35 37 9 23 36 4 19 41 5 24 16 12
30 23 17 3 22 28 13 39 33 1 37 30 41 32 14 38 31 21 27 12 18 5
17 29 23 32 11 42 13 40 39 27 5 33 35 1 12 15 16 2 7 6
3 22 20 13 26 39 0 33 35 1 37 15 2 7 24 34 38 5 21 27 12 18
22 22 8 28 26 14 0 20 1 37 15 29 7 6 36 41 4 32 2 38 25 24 12 18
8 36 32 11 21 33 28 42 26 19 31 14 25 0 20 1 12 6 2 39
20 36 6 11 32 28 26 41 5 0 31 35 21 37 9 1 18 7 23
28 34 15 31 26 19 40 39 25 23 27 37 9 16 18 12 5
42 23 27 13 14 33 37 9 2 11 36 34 15 4 5 38 25 21 16 6 31
26 13 31 14 35 15 29 7 36 34 39 19 38 25 21 27 5
13 40 39 35 1 15 29 23 36 34 4 11 19 41 5 21 27 25
40 16 0 33 35 37 15 4 36 41 34 6 25 19 38 31 24 27 12 5
14 16 39 0 33 35 37 9 29 7 11 34 4 32 31 21 27 6
27 36 34 38 25 21 16 35 37 9 6 23 11
0 34 4 33 41 38 31 24 35 21 15 1 18 23
33 39 35 1 37 9 2 23 36 6 41 24 16 12
35 11 1 9 29 7 32 2 38 25 24 18
21 16 9 29 11 38 34 32 2 41 24 12 18 23
37 1 9 2 6 15 4 32 31 24 12 18 23 25
9 2 39 1 29 7 12 41 6 19 38 25 24 18
1 39 7 12 34 4 11 25 16 23 5
2 34 6 24 32 19 39 25 16 15 18 11
7 36 34 4 16 5 18 38 25 24 29 31
23 39 15 23 36 4 19 38 31 18
36 34 41 38 25 24 11 19 29 6
38 39 15 34 4 24 19 31 12 18
34 16 39 12 41 32 19 25
15 39 29 11 41 4 32 31 24 6
4 29 6 32 39 19 41 31 16 18
25 6 32 41 31 24 5
32 39 11 6 19 5 24 31 12 18
11 16 19 39 31 29 5
39 29 41 39 16 12 18
19 31 6 29 5 24 16 12 18
41 29 6 41 24 16 18 5
29 31 24 16 6 18
5 12 31 24 16 18
24 12 16
16 18
12 6
6
18
31
