#kunkel.py
# GMT Mon Apr 22 22:34:35 2019
# 
10 11 17 3 20 28 31 39 33 35 21 15 29 7 30 36 6 19 38 25 24 27 23 5
9 38 34 4 3 22 8 16 28 42 26 19 40 39 5 21 33 14 1 23 24
11 21 17 3 8 13 14 0 35 37 29 7 12 36 6 32 5 19 25 24 16 31
17 3 22 28 42 26 40 33 35 15 29 7 12 36 38 4 32 41 25 24 27 18
3 22 8 16 42 20 35 1 37 30 4 32 19 5 27 12 6 18 23
22 30 8 13 42 40 0 35 29 7 36 34 4 32 5 41 25 24 27 31
8 38 20 32 13 26 42 40 39 16 25 24 33 35 27 2 23 5
2 36 34 4 6 7 33 39 26 19 38 14 25 0 20 35 21 31 16 23 30
20 30 42 26 0 35 1 37 15 29 7 24 41 6 19 38 25 21 5
28 23 42 26 13 39 33 35 29 12 34 15 6 4 32 14 41 31 16 18 5
13 40 32 42 26 19 38 25 21 16 18 1 37 15 0 29 7 4
26 12 15 30 32 42 41 14 31 24 21 37 16 7 5
31 16 40 39 33 35 37 15 7 6 4 14 19 30 25 24 27 18
16 42 14 0 33 1 7 30 38 34 15 41 25 21 16 5
39 36 6 24 42 19 40 14 38 0 27 21 1 18 12 5
0 23 42 40 1 15 29 7 36 6 14 19 38 5 27 18
33 36 34 23 5 41 38 25 24 40 19 18 7 30
35 36 34 25 32 19 41 40 37 15 7 23
21 27 42 40 30 36 34 15 4 19 41 25 12 6
37 36 40 34 32 19 41 30 38 5 1 12 18 7 4
15 24 27 40 1 29 12 36 38 32 19 41 18
1 27 34 32 23 30 19 38 14 12 29 7 4
29 36 34 4 38 41 14 25 6 18 24
7 14 30 36 4 32 38 18 23 25
30 23 42 24 36 27 34 6 41 12
36 23 14 36 34 6 32 38 27 12 18 4
42 40 12 38 6 32 19 41 24
34 40 14 25 19 23 12 4
18 23 40 4 6 32 19 5 24 27
6 40 6 38 4 25 32 41 5
4 24 27 23 12
32 40 14 23 32 25
14 27 40 23 41 5 24 12 25
19 12 41 23 5
38 23 40 12
41 23 40 5 27 12
25 40 24 5
24 12 27 23
27 5 12
12 40
40 23 40 5
23
5
