#kunkel.py
# GMT Mon Apr 22 22:20:47 2019
# 
10 11 17 3 8 28 13 40 14 0 21 15 12 38 34 32 19 41 31 24 16 18 23 5
20 30 3 22 8 39 0 33 35 1 37 15 29 12 4 32 31 38 25 24 27 6 18 5
11 30 17 3 8 13 39 35 1 37 9 2 7 12 36 38 4 32 41 5 27 18 25
17 3 22 28 26 39 33 21 29 7 30 38 6 32 14 19 41 5 24 27 12 23
3 3 22 8 26 14 0 33 35 1 9 7 6 34 4 32 18 25 24 21 23
22 36 34 4 8 32 28 26 38 39 5 0 35 37 9 16 29 12 31
8 8 33 28 42 40 39 35 15 29 2 30 34 4 32 19 25 24 27 6
27 33 13 26 42 0 1 37 7 6 4 32 38 30 25 21 16 18 5
28 36 34 6 7 13 26 19 14 31 21 33 1 12 15 2 42 30
13 42 26 40 14 0 33 37 9 29 12 36 32 41 30 31 24 18 25
26 24 2 16 39 35 1 15 29 12 4 14 19 41 31 21 18 25
42 23 31 40 0 35 1 15 2 12 36 9 6 32 19 41 25 24 16 5
40 29 34 30 21 32 41 14 38 25 24 33 1 9 0 2 7 5
14 36 6 29 41 39 5 21 33 35 1 37 2 18
0 21 33 39 0 37 15 2 7 34 9 32 19 31 24 16
1 33 37 9 29 12 36 34 4 41 30 31 21 6
35 36 41 39 16 29 38 31 24 5 37 12 2 25
21 23 32 39 18 31 37 15 16 2 7
37 16 39 29 12 34 6 19 30 31 24 23 5
15 33 39 15 29 7 12 36 34 9 6 19 41 25 16 18
29 30 33 9 7 6 36 38 4 19 41 25 12 18
2 33 7 23 36 38 34 4 19 41 25 24 18 31
7 41 9 33 39 19 30 25 16 23 4
12 36 38 34 4 32 19 41 25 18 5
36 34 4 39 32 38 31 24 33 23
38 31 33 9 23 34 6 19 25 16 5
34 4 32 19 39 5 16 6
9 39 9 23 41 31 4 19 25 24 6 5
33 30 32 39 31 24
4 39 30 6 19 31 18 23
25 30 31 6 25 18 23 5
32 24 41 16 23
39 23 24 19 5 16 18
19 30 6 41 23
41 18 5 16
30 31 23 24 16
31 23 16
24 23 6 18
16 5 23 18
6 6 5
18 5 23
23 5
5 5
