#kunkel.py
# GMT Mon Apr 22 22:19:03 2019
# 
10 11 3 22 16 28 42 26 40 39 0 35 21 37 9 30 41 4 38 31 24 27 12 23
11 30 3 8 20 13 26 0 33 35 1 37 12 36 27 34 4 32 31 21 16 25
17 23 22 8 28 13 26 42 40 39 0 20 35 1 9 29 4 36 41 6 14 2 38 5 21
3 36 3 22 8 16 28 42 19 14 25 0 20 21 12 9 27 33 7 4
22 24 20 28 26 39 0 33 1 37 2 7 30 6 29 38 25 21 27 12 18
8 27 4 24 32 28 42 13 40 14 5 0 30 18 21 15 2 12 25
27 34 20 32 29 40 39 5 0 33 35 1 37 15 16 18 23
28 30 20 13 42 14 33 35 1 37 29 12 36 6 38 31 18 23 5
42 30 13 40 0 33 21 37 9 2 7 12 6 41 25 24 18 31
26 13 40 39 0 33 21 9 2 23 34 15 6 4 19 5 24 18 31
13 40 4 32 41 39 38 31 0 20 35 1 37 16 7 25
40 34 4 30 19 41 14 31 24 35 1 37 9 29 23
39 16 20 35 37 9 29 7 12 34 4 19 38 25 24 18 5
0 33 14 20 1 9 2 24 36 41 6 32 38 5 21 18
20 35 2 6 34 4 32 14 25 16 12 18 23 5
35 36 34 15 19 41 23 5 21 12 16 7 30
21 14 1 29 30 41 34 6 38 31 24 16 12 25
37 16 33 1 9 2 7 6 34 15 4 32 38 25 5
9 23 33 1 2 7 36 34 4 14 5 24 18 31
1 29 7 12 36 41 19 38 25 24 18 23
2 30 15 4 36 38 6 25 32 19 41 5 16 12 31
7 30 33 15 29 23 36 6 14 19 31 16 18 25
30 33 15 23 36 38 34 6 32 41 24 16 18
36 33 15 12 4 32 29 41 31 24 16 23 5
38 31 29 41 32 14 19 38 25 16 5
34 33 14 15 16 12 19 41 31 18 23 25
15 12 4 32 33 14 19 31 25 15 23 6
4 32 33 41 25 24 23
19 23 41 14 31 5 33 12 6 29 25
32 24 31 14 5 6 29 23
14 24 29 12 41 31 16 25
29 23 12 6 41 31 24 18 5
41 41 25 18 31
18 16 33 31 5 24 18 25
5 33 6 23
31 33 6 31 16
24 16 12
16 6 23
12 33 6
6 23
33 33
23 25
25
