#kunkel.py
# GMT Mon Apr 22 22:14:47 2019
# 
10 36 34 15 11 3 4 32 28 42 26 41 31 24 33 1 37 9 6 29 30
11 29 20 30 17 8 27 13 19 38 14 5 21 33 12 37 15 16 18 7 39
17 22 20 28 42 13 40 39 0 33 37 16 29 34 4 32 14 19 25 27 18 5
3 23 28 13 26 42 40 39 20 35 9 29 7 12 36 34 32 19 41 31 24 18 5
22 6 4 8 20 14 26 42 40 39 13 24 27 35 21 37 9 1 2 23
8 20 15 30 4 27 42 26 23 38 39 21 33 35 37 12 6 29 7
2 36 20 15 6 32 13 26 19 41 23 25 24 33 1 12 9 16 18 7 5
20 28 13 0 33 37 30 36 41 4 24 32 38 31 21 27 12 18 5
28 16 28 13 40 35 37 9 29 7 12 36 38 34 15 6 41 25 24 27 5
42 36 34 6 30 39 19 38 14 24 16 1 9 0 18 7 23
26 4 30 40 25 19 39 31 24 6 21 12 15 1 18 23 5
13 36 34 15 25 32 19 16 14 5 21 35 37 9 23
16 40 39 0 33 15 23 34 9 4 32 5 29 25 24 18 31
14 23 19 4 32 31 39 25 0 27 1 12 9 6 21 7 30
0 30 40 0 33 35 1 9 12 36 41 34 15 6 32 19 38 31 5
33 27 39 35 37 15 7 30 36 34 4 19 41 31 23
35 30 40 39 21 7 6 36 41 34 4 32 38 5 24 27 18
1 24 39 37 9 29 7 36 34 15 32 19 38 25 21 27
37 40 9 29 36 15 6 32 5 38 31 18 25
15 39 24 41 34 6 19 38 5 21 23
29 40 7 30 38 34 4 32 19 41 24 27 6 21
7 36 25 32 38 39 5 24 19 18 4
6 21 40 9 6 32 41 25 24 18
36 23 40 39 4 19 38 24 27 21
38 39 12 19 30 31 24 18 23 5
34 30 40 23 9 32 19 25 21 27 12
9 30 27 40 4 25 41 31 24 12 21 5
4 30 40 21 32 39 5 31 24 25
19 40 12 25 23 31
25 27 39 32 41 31 21 12 18 5
32 30 39 41 27 23
39 27 12 18 31
18 40 41 31 5 12 23
41 23 40 30 31 21 27 5
30 12 30 31 24 23
31 40 12 21 23
24 12 23
27 21 12 23
40 12
12 21
21 5 23
23
5
