#kunkel.py
# GMT Mon Apr 22 21:46:19 2019
# 
10 10 30 22 8 28 13 40 39 37 15 4 34 6 25 32 14 19 38 31 21 18 5
30 7 11 17 22 4 18 28 42 26 19 38 14 31 21 35 1 9 29 12 6
17 36 38 34 4 3 2 32 42 18 40 25 16 33 1 37 9 27 29 12 11
3 23 42 26 13 40 14 33 35 37 15 2 7 11 38 9 4 32 41 31 21 27 25
22 28 42 13 40 14 0 33 35 1 37 9 29 7 23 36 6 19 24 27 18
8 16 8 33 28 42 26 39 0 20 35 1 15 29 7 38 14 41 5 24 27 25
2 20 13 26 40 39 33 35 1 15 12 34 9 4 19 31 25 21 27 6 18 5
33 23 13 26 14 0 1 9 7 12 36 6 32 19 38 25 16 5
28 28 42 40 20 21 15 1 23 34 4 19 41 25 24 27 6 18 5
13 23 20 13 42 40 14 35 21 7 11 36 34 4 32 41 24 12 18
26 36 34 15 32 14 19 39 24 20 35 37 9 0 23 11
42 0 35 1 37 15 29 7 12 41 32 38 25 24 18 5
40 11 39 0 20 35 1 37 15 29 36 38 34 6 41 31 16
39 24 0 35 1 9 29 11 36 38 4 32 41 25 21 16 12 6 18
0 23 20 35 37 15 16 36 9 6 32 14 5 21 27 18
20 34 23 32 19 41 14 38 25 16 37 9 29 12 5
35 34 32 11 23 27 18 9 29 12 24
1 21 15 29 12 36 4 11 14 25 24 16 6 23
37 14 15 6 36 34 9 4 32 19 41 31 21 18 25
15 23 9 7 36 34 6 32 41 31 24 27 18
27 21 14 29 7 11 36 34 38 5 24 16 12 23 31
29 29 38 6 16 19 14 9 18 23 11
7 14 9 11 36 4 5 41 31 24 12 6 23 25
4 9 11 19 41 31 21 16 12 18 23 25
36 23 11 36 38 6 19 41 31 18 5
41 34 9 19 16 24 21 32
34 11 14 9 38 32 5 24 18 25
9 6 19 38 21
6 23 6 11 25 12 5
25 21 32 19 38 5 24 12 31
24 11 12 32 19 38 21 18
32 12 38 32 5 19 21 16 23 31
11 14 19 5 21 18
14 19 38 31 21 5
19 31 16 18
38 12 31 16 18
31 5 21 16 18 12
21 23 5
16 5 18 23 12
12 23
18 5
23
5
