#kunkel.py
# GMT Mon Apr 22 21:44:29 2019
# 
10 10 30 22 8 28 13 40 39 37 15 4 34 6 32 14 19 38 5 31 21 18 25
20 41 34 23 8 32 28 13 26 19 40 14 38 25 0 16 5 37 9 29 2 12
30 9 11 17 22 28 42 26 19 38 14 31 21 6 35 1 12 29 18 7 4
17 36 40 34 3 32 33 42 18 38 29 25 11 27 1 37 9 16 2 12 4
3 23 13 26 42 40 14 33 35 37 9 2 7 11 41 15 4 32 38 31 21 27 25
22 28 13 42 40 14 0 33 35 1 37 9 29 7 23 36 6 19 24 27 18
8 27 8 28 42 26 39 0 33 35 1 15 29 7 41 14 38 5 24 16 25
2 13 26 40 39 33 35 1 9 4 34 15 6 5 19 25 21 27 12 18 31
16 41 32 4 33 19 40 39 38 31 0 27 18 1 12 29 23 5
28 28 42 40 21 15 1 6 34 4 19 41 25 24 27 18 23 5
13 23 42 13 40 14 33 35 21 7 11 36 34 4 32 41 24 12 18
26 36 34 9 32 11 39 19 14 24 33 35 37 15 0 23
42 0 35 1 37 15 29 7 12 41 32 38 25 24 18 5
40 11 39 0 35 1 37 15 29 36 41 34 6 38 31
39 21 0 35 1 9 29 12 36 38 4 32 11 41 25 24 6 18
0 23 33 35 37 9 36 15 6 32 14 5 21 27 18
33 23 14 1 9 7 12 36 6 32 19 38 25 5
35 34 9 24 32 27 18 12 29 23 11
1 21 15 29 11 36 4 14 25 24 12 6 23
37 14 9 4 36 34 15 6 32 19 41 31 21 18 25
15 23 9 7 36 34 6 32 41 31 24 27 18
29 38 27 11 19 18 14 9 29 23 6
7 23 14 9 36 4 11 25 41 31 24 27 12 6 5
4 9 12 11 19 41 31 21 18 23 25
36 23 11 36 41 6 19 38 31 27 18 5
41 34 9 32 24 21 19
34 11 14 9 38 32 5 24 27 18 25
9 6 19 38 21
6 11 6 25 12 23 5
24 11 12 32 19 38 25 21 27 18
32 21 12 38 32 19 25 31 23 5
11 14 19 5 21 27 18
14 19 38 31 21 27 5
19 31 18 25
38 12 31 27 18 25
5 31 21 27 18 25
31 25 21 27 18 12
21 27 23 25
27 12 23
12 23 25
18
23
25
