#kunkel.py
# GMT Mon Apr 22 21:06:37 2019
# 
10 11 22 8 28 42 26 40 39 37 15 29 7 30 36 34 6 14 2 38 31 24 23
11 11 17 3 8 40 14 20 35 21 37 9 1 29 12 36 6 32 19 31 24 16 18 25
17 36 34 33 16 22 8 32 28 42 26 41 30 31 24 27 35 21 0 2 4
3 36 34 4 22 8 2 32 30 42 19 40 14 37 25 27 31 15 39 12
22 36 34 6 8 32 13 26 31 40 38 5 24 20 1 37 0 7 23
8 8 16 42 40 39 1 15 29 7 6 36 34 4 32 2 41 5 27
27 23 39 0 33 37 9 29 7 12 38 15 6 2 41 31 21 16 18 4
28 36 34 12 6 16 42 26 2 38 39 31 33 35 5 37 9 18 7 30
42 30 2 20 42 13 40 33 1 29 38 4 32 19 41 25 24 21 5
26 33 39 0 20 1 9 29 12 41 34 15 4 32 14 38 21 16 18
13 36 40 34 4 31 32 41 19 38 25 0 33 14 1 37 9 18 7 5
40 34 15 4 18 38 41 30 20 14 1 12 35 2 23
39 30 16 20 35 1 9 29 7 12 34 4 32 19 31 23 5
0 16 33 14 0 20 1 37 9 29 12 15 4 32 2 25 21 18 5
20 33 20 1 9 29 7 24 34 15 19 38 25 21 12 18 23 5
35 2 33 21 15 1 29 12 41 34 19 38 31 24 16 18 23 25
21 38 24 30 31 41 14 5 21 37 15 1 29 6
37 34 32 19 38 14 25 31 9 2 7 30
15 14 29 7 23 36 4 5 19 25 24 18 31
1 1 2 7 12 41 6 38 31 16 18 5
29 33 16 9 2 23 36 6 38 31 24 25
7 30 33 23 36 6 32 19 38 25 18 5
30 34 41 32 19 23 31 33 14 5 16 24
36 32 16 14 5 24 33 12 6 18 4
41 14 33 2 23 34 32 19 38 5 24 12
34 9 12 6 19 25 24 18 5
9 33 4 24 18 38 5 19 16 2 6
33 16 14 31 32 19 38 5 18 25
6 14 12 32 19 2 25 24 23 5
4 23 32 25 19 16 2 12 5
32 14 25 24 12 18
14 2 12 38 19 16 18 23
2 16 19 25 24 12 18
38 23 24 19 31 16 25
18 23 25 24 31
5 12 24 31
31 19 23
24 24 16 23
16 19
12 25 23
19 25
23
25
