#kunkel.py
# GMT Tue Apr 23 13:58:15 2019
# 
23 18 21 32 42 15 1 9 6 0 34 10 19 20 13 36 5 38 3 39 16 28 31
18 19 4 34 16 13 2 36 28 38 6 24 41 42 0 30 33 27 26 39
4 33 20 31 12 42 35 1 38 9 11 29 39 41 25 30 10 7 26 37 6
21 32 30 41 28 35 1 9 40 25 33 7 19 14 13 2 5 38 17 31 16 42
41 30 32 28 15 9 24 34 33 7 37 20 13 12 36 5 8 29 39 16 27 40
32 19 35 8 14 28 5 1 38 9 3 11 24 36 39 10 33 37 6
42 15 35 14 40 0 30 24 2 12 5 1 22 8 3 29 26 27 39
15 30 6 25 0 10 7 19 20 13 12 36 38 22 17 31 16 27 26 39
35 20 24 1 38 14 3 9 17 26 31 36 40 37 7 33 6
1 14 0 25 30 7 19 20 2 12 36 38 22 8 3 11 34 28 27
9 16 6 25 0 37 7 10 19 20 13 2 12 8 3 11 34 40
12 8 20 13 2 14 22 39 16 27 25 34 10 33 40
17 8 34 2 33 38 22 14 3 11 29 24 16 0 25 10 27 37 31
6 28 40 0 25 34 20 36 5 38 22 8 11 29 26 16 31
0 30 13 14 22 3 26 36 25 34 37 33 19 31
25 19 8 13 2 36 22 39 29 16 11 26 40
34 31 33 37 19 34 2 36 5 22 8 39 16 11 27 24
10 30 31 28 37 7 10 14 20 36 38 8 29 39 16 26
7 19 8 31 2 14 36 30 29 39 20 33 27 24
33 28 19 20 2 38 22 8 3 31 11 27 26
37 5 13 2 28 30 3 29 39 16 11 26 31
40 28 14 19 20 13 5 22 3 11 29 31 16 27 26
19 28 20 24 5 22 8 26 27 39
14 30 24 20 13 36 5 22 3 31 16 39
20 24 2 36 38 22 11 29 26
13 31 28 30 13 38 22 8 11 39 27 24
2 11 5 38 3 29 31 16 28 27
24 30 5 38 8 3 29 26 16 11 27
36 28 3 11 39 16 27 31
5 8 38 39 11 29 27 26
30 30 38 22 8 31 16 28 27
38 22 8 39 11 31
22 3 39 28 27
8 29 31 28 26
3 11 29 31 16 28 27
11 29 39 27 26
29 16 31 28 39
39 26 28 27 39
16 16 28 26
28 26
27 26
26
31
