#kunkel.py
# GMT Mon Apr 22 20:35:32 2019
# 
10 40 4 8 2 33 28 29 19 41 5 38 31 21 20 35 11 15 16 18 12 25
9 34 32 11 17 3 4 33 13 26 18 39 23 31 21 27 1 15 6 2 7 12
11 17 22 8 16 26 39 20 1 2 7 6 38 4 14 29 41 31 27 12 18 25
17 22 20 28 26 40 14 0 33 37 2 7 12 36 38 15 41 30 21 18 23
3 23 22 8 13 26 42 40 20 35 21 29 12 36 15 4 32 19 38 31 24 18 5
22 8 33 28 42 40 20 35 21 37 1 2 7 30 36 34 19 25 24 23
8 13 26 40 0 33 35 1 37 15 2 7 30 38 4 41 24 16 12
20 28 42 13 14 33 35 37 2 23 6 32 41 31 24 16 18 5
28 6 4 25 32 42 26 19 38 31 24 33 35 1 15 27 21 30
13 30 2 40 14 0 1 29 7 24 36 34 6 19 38 5 21 18 23
26 42 40 14 33 1 37 29 30 36 34 15 38 5 24 16 12
42 30 33 42 40 39 35 15 2 12 34 6 32 29 31 27 18 23
40 35 1 15 2 7 36 6 32 19 41 31 27 18 5
14 39 0 35 15 7 12 36 41 34 6 32 25 38 5 24 27 18 31
0 21 39 0 33 37 15 2 7 6 36 4 32 41 25 24 16 12 23
33 23 27 39 29 7 30 34 6 24 41 25 21 16
35 35 37 15 29 12 34 32 2 38 31 21 18 25
1 27 39 37 23 36 34 6 32 38 30 31 24 16 25
37 30 39 37 15 12 4 32 19 41 5 21 16 6 18 23
19 36 34 6 32 25 39 31 24 27 5 21 16 7 12
27 34 15 32 39 5 24 12 16 18 7 25
2 36 34 39 38 4 15 18 7 30
7 38 34 4 25 15 16 7 12
12 21 29 23 34 6 38 5 24
36 36 41 6 21 32 29 25 16 23 24
38 39 30 31 24 16 6 29
34 23 39 15 4 32 41 31 21 25
15 24 4 15 6 29 41 21 18
4 39 23 32 5 29 41 30 25 24 31
24 16 29 32 25
32 23 16 39 29 32 41 31 21 5
5 30 41 25 21 18 29 23
29 30 21 6 41 25 16 23
41 30 39 25 31 21
39 6 30 31 18 16
30 23 25 31 16 18
31 25 21 6 18 23
21 6
16 23 18
6 18 23
18 23
23
25
