#kunkel.py
# GMT Mon Apr 22 20:31:22 2019
# 
10 11 17 3 27 28 42 39 35 30 36 41 6 25 32 14 19 38 31 21 16 12 4
11 36 6 30 33 28 42 29 41 39 25 0 20 5 21 37 9 16 2 7 31
17 30 22 28 40 39 0 20 35 1 37 29 2 23 34 4 14 19 31 24 27 5
3 30 22 28 13 40 14 20 35 21 1 38 34 6 32 19 41 31 24 16 18 5
22 23 8 16 28 42 26 13 14 0 33 37 9 30 34 15 19 25 27 12 5
8 23 2 26 40 14 33 35 1 15 29 7 6 36 34 9 4 39 19 38 25 24 27 18
27 30 40 33 42 26 13 41 25 21 20 35 37 12 29 14 7 39
28 42 26 14 0 20 1 37 9 23 36 38 19 41 31 24 16 21
42 2 13 40 14 0 33 37 15 29 30 6 32 19 38 24 18 4
26 36 41 9 4 16 32 13 38 39 31 0 35 21 15 1 29 23
13 36 32 4 15 29 39 25 24 20 14 21 9 6 2 12
40 23 16 39 0 37 9 29 7 12 36 34 6 19 2 31 21 18 25
39 36 32 19 30 31 24 35 1 37 9 6 12 23
0 36 38 34 4 5 24 16 1 37 15 23 18 7 30
20 2 33 20 21 9 29 7 23 36 15 4 19 41 25 24 16 5
35 36 34 4 33 19 38 5 24 31 12 16 29 23 25
1 33 37 15 7 6 36 41 9 4 32 19 38 5 21 12 18
37 36 41 21 16 38 5 12 6 18 31
15 23 14 33 2 7 6 34 4 41 5 24 16 12 18
29 33 14 9 16 23 32 25 30 31 21 18 5
2 14 33 21 30 36 34 4 32 5 19 41 25 24 18 31
7 36 41 34 24 33 19 38 25 9 6 18 12 31
30 19 32 41 5 33 14 9 6 25
36 9 32 14 25 24 16 18
38 23 32 19 41 14 5 33 6 21 24
34 4 24 32 16 25 14 31 33 21 23 12
9 4 32 25 31 24 16 6 5
6 33 4 5 21 16 12 23 25
25 14 12 4 32 19 41 25 18 23
24 32 19 41 5 31
32 33 14 41 21 16 23 31
14 23 16 4 21 18
19 33 12 41 18
41 16 4 31 12
18 31 21 5 33 16 12
5 21 4 31 16
31 33 12 4
21 33 23 12
16 33 12 16 23
12
33 4
23 23 4
4
