#kunkel.py
# GMT Mon Apr 22 20:05:04 2019
# 
10 13 26 40 39 0 20 35 1 9 2 7 41 34 15 6 32 14 19 38 24 16 18
23 30 8 27 42 26 14 0 20 35 1 9 29 7 12 36 34 4 32 5 38 25 24 16 18 31
17 11 3 16 28 13 14 0 33 15 7 12 36 34 4 32 39 30 31 21 27 6 18 25
3 36 41 30 8 27 42 26 31 38 14 25 21 33 35 1 15 6 29 12 5
22 11 16 28 13 39 33 35 1 37 9 7 30 36 41 15 4 32 14 38 5 24 27 25
8 26 40 33 35 9 2 7 11 36 15 6 32 41 30 25 24 27 12 18 31
27 28 42 14 0 1 37 29 2 24 36 34 11 19 30 31 21 5
28 11 16 42 13 20 35 1 37 9 29 30 34 6 32 2 41 31 24 25
13 33 42 40 0 20 1 37 9 2 7 4 36 6 32 41 31 21 12
26 39 0 20 1 37 15 29 7 6 38 4 32 5 41 31 24 16 12 18 25
42 36 29 34 19 40 30 5 24 20 21 12 1 39 7 4
40 36 6 32 33 19 41 38 25 0 20 18 21 37 15 16 2 11
39 30 0 20 1 37 9 29 2 7 36 4 32 19 41 5 16 18 31
0 35 1 9 7 12 38 34 15 19 41 31 24 16 21
20 2 33 20 35 21 15 29 11 14 19 38 5 24 16 12
35 15 4 19 14 30 5 1 12 9 6 7 24
1 33 37 2 12 36 41 14 19 38 25 18
37 38 34 30 24 33 19 41 31 11 18 15 29 6
9 9 29 7 11 36 34 6 2 38 5 21 12 18 4
29 7 11 34 6 32 14 19 41 31 21 18 25
2 11 16 30 36 15 4 32 14 38 31 24 12 33 25
7 30 36 34 6 24 32 19 25 21 16
30 15 4 38 34 6 19 41 24 16 12
36 33 11 36 34 4 19 12 18
38 4 24 16 11 25 21 31 15
34 33 18 41 14 5 11 15 6
15 4 41 5 31 12 11
33 41 11 32 19 14 5 21 25
6 11 19 31 21 16 12 18
25 14 12 4 32 19 5 21 16 18
32 18 41 24 14 19 4
11 24 12 41 19 21
14 5 41 18 31 16
19 4 24 5
41 21 12 18
5 4 24 18 31 21
21 16 4 24 31
31 16 4
24 16 4 24
16 18
12 18 4
18
4
