#kunkel.py
# GMT Mon Apr 22 20:02:31 2019
# 
10 10 11 17 3 28 13 26 39 0 33 35 1 37 15 2 7 30 38 34 32 41 25 24 16 12 21
20 11 22 13 26 39 0 35 37 15 2 7 6 36 41 34 9 4 14 19 38 24 27 23
11 4 3 22 25 42 13 40 41 39 31 24 27 35 1 15 0 21 23 6
17 30 17 3 8 28 26 40 39 37 9 29 6 38 34 4 32 19 41 31 16 5
3 3 22 13 26 31 14 33 35 15 29 7 12 36 6 19 41 25 21 27 5
22 16 28 42 40 39 1 37 2 12 34 6 14 29 38 30 25 24 27 5
8 40 34 15 6 2 27 42 4 13 41 14 31 33 1 37 19 29 18 23 30
27 13 40 39 33 35 37 9 7 12 6 32 14 19 38 31 18 25
28 23 13 42 40 14 0 1 15 29 7 12 36 34 9 32 41 31 24 18 5
13 13 42 40 0 33 37 15 2 7 36 34 32 31 21 25
26 39 1 15 29 2 7 12 36 34 4 32 14 19 38 5 21 16 18
42 5 40 39 0 33 9 2 7 6 36 4 32 14 19 41 25 23 31
40 36 4 25 32 38 39 5 24 6 14 16 18 23
39 33 35 1 37 9 29 7 12 36 4 5 24 16 18
0 34 30 25 2 38 5 31 24 21 37 9 23 29 12
33 23 16 35 15 2 7 6 34 9 4 32 29 38 24 12
35 14 1 37 15 2 12 36 34 32 19 41 5 25 16 18 31
1 36 15 14 19 25 24 16 21 9 18 7 30
37 36 34 30 32 19 16 41 38 31 29 5
15 36 18 14 5 24 9 23 29 7 6
29 30 14 2 7 23 36 34 6 38 31 24 16 4
2 36 34 32 16 18 14 31 5 23 25
7 30 9 6 34 4 32 14 41 12
30 23 14 6 36 4 32 19 25 21 16 12 18 31
36 38 32 5 41 25 21 18 31
38 32 4 41 19 14 25 21 9 24
34 23 9 32 19 25 21 18 5
9 21 9 12 4 32 19 25 24 23
6 23 4 19 25 24 16 18 5
32 16 4 41 31 21 25
5 21 4 14 24 16 12 23
31 16 14 4 41 12 18
41 14 12 4 19 24 16 18
18 21 23 24 16 12 25
19 16 14 23 25 24 21
25 24
24 21 16
16 12 21
14 23
12 4 21
21 4 23
23
4 4
