#kunkel.py
# GMT Mon Apr 22 19:54:08 2019
# 
10 34 23 17 22 4 32 39 19 38 18 14 5 21 33 35 31 15 16 37 7 30
23 34 6 22 24 33 28 41 26 13 40 14 0 16 35 21 37 27 29 7 11
17 30 3 22 13 26 40 39 0 20 37 9 2 7 11 6 32 14 29 38 31 21 12
3 41 34 15 30 22 8 28 4 26 2 40 39 31 16 1 37 9 18 7 11
22 33 28 13 39 20 1 29 30 34 32 11 14 41 31 21 27 12 18 5
2 8 13 42 40 0 20 1 37 15 6 38 34 4 41 31 21 27 12 18 5
20 11 28 42 26 33 35 1 37 9 29 7 12 36 4 32 19 31 21 27 25
28 34 4 6 8 27 13 26 25 14 5 24 21 15 1 39 9 30
42 24 33 13 26 40 39 0 35 1 9 4 36 38 34 6 14 41 25 21 27 12
26 8 13 26 14 35 1 7 38 6 39 19 41 25 24 27 21
13 8 39 0 35 15 29 30 36 38 9 32 14 19 41 5
40 36 38 30 4 24 32 29 41 5 25 0 18 1 37 12
39 30 8 14 33 35 7 24 36 34 4 32 38 25 21 16 18
0 27 14 33 1 37 9 7 24 36 4 32 11 25 21 16 18
33 36 34 7 32 25 38 29 31 14 15 6 18 12 11
35 36 7 8 32 38 41 31 24 14 1 15 16 12 6
1 30 15 12 36 34 9 6 32 38 25 21 16 5
37 36 34 32 15 27 11 5 29 30 38 25 19 6
15 30 8 16 31 29 7 11 36 32 41 25 27 12 5
29 8 14 21 11 36 6 19 41 30 25 24 16 12
7 11 36 38 34 4 41 30 31 6 12 18 25
30 27 9 34 6 19 38 25 24 16
36 9 38 34 32 14 19 41 5 16 18
27 34 6 24 11 19 41 5 21 16 12 18
34 8 16 9 11 6 19 38
9 24 16 38 14 25 31 19 12 4
4 24 19 8 32 41 38 31 5 11 25
25 8 38 6 32 19 41
24 11 38 32 14 41 31 12 6 18
32 21 8 6 14 19 18
11 5 41 31 21 6
14 6 19 31 16 5
19 16 12 38 6 19 41 18 5
38 8 5 38 18 31
41 8 16 18
5 16 31 21 18 12
21 8 16 18 12
16 8 12 18
12 8 6 18
6 8 31
18 8 31
8 31
31
