#kunkel.py
# GMT Mon Apr 22 19:43:33 2019
# 
10 23 3 28 13 26 42 40 20 9 29 2 7 36 15 4 32 19 41 25 21 16 18
23 11 3 22 27 42 26 39 0 20 1 37 29 2 7 24 34 14 19 25 21 16 12
17 30 3 22 42 13 14 0 1 21 9 29 11 41 4 32 39 2 38 25 24 27 5
3 3 22 8 28 0 35 37 29 2 7 30 36 38 32 19 41 31 21 27 12 5
22 30 20 28 26 40 39 33 35 1 15 2 12 6 29 38 25 24 16 18 5
8 36 34 6 30 32 28 13 26 19 38 25 24 20 35 21 37 15 1 31
31 11 28 13 26 14 33 35 37 9 29 2 30 36 41 6 5 19 38 31 12 18 25
27 36 34 4 32 30 14 19 41 39 25 24 16 21 37 9 6 7 11
28 11 26 14 0 33 37 15 2 7 6 34 9 4 32 24 16 12 25
13 11 33 13 40 0 20 29 12 36 38 34 6 5 41 30 25 24 16 18
26 30 20 42 0 33 37 2 7 38 34 6 32 29 41 18 5
42 34 6 25 24 19 29 14 5 0 33 35 21 9 1 18 12 30
40 36 34 4 2 33 11 19 41 39 38 21 16 35 9 29 18 7 12
39 36 9 32 6 30 5 24 20 35 21 12 15 0 2 7 4
0 0 37 9 2 7 6 36 41 15 4 32 19 38 5 12 18
20 35 1 37 15 7 11 34 4 32 19 41 30 5 21 18
35 11 1 37 2 7 30 34 4 32 14 21 16 18 5
1 34 16 33 41 14 5 24 21 37 15 6 29 7 4
37 33 14 9 30 41 34 4 38 21 12 18 25
9 34 11 33 25 38 14 5 15 16 21 4
29 14 33 11 4 32 19 41 21 16 12 6
2 36 4 30 5 25 38 16 18 24
7 11 16 14 15 7 38 32 41 30 18
11 14 33 16 34 4 32 38 21 18 25
36 24 33 15 12 34 4 32 19 38 21 18 5
38 14 15 6 19 41 21 16
34 4 33 5 19 6 18
15 30 14 33 4 19 41 25 24 16 18 5
33 32 19 30 18 12 5
4 16 19 25 24 5
24 18 16 30 24 14 6 12
32 30 6 32 19 25 21 18
14 30 6 19 41 18 25
19 30 12 5
41 6 25 30
30 12 6 5
25 12 21 18
21 12 5
16 18 6
12 5 18
6 5
18
5
