#kunkel.py
# GMT Mon Apr 22 19:27:21 2019
# 
10 30 3 22 8 16 28 33 1 9 2 12 36 15 6 32 11 19 41 25 27 18 23
20 40 31 4 3 21 2 32 13 26 19 41 42 25 0 16 1 37 12 27 29 11
30 36 34 6 17 22 8 1 32 26 38 31 0 16 40 21 15 27 2 7
17 41 34 6 11 16 22 8 32 19 40 5 33 35 1 31 12 27 2 23 4
3 28 13 26 42 40 14 0 33 35 1 37 15 12 9 6 41 31 16 18 5
22 42 26 13 40 14 0 33 37 2 7 23 36 4 32 41 31 21 27 18 25
8 8 28 42 26 39 0 33 35 1 9 29 2 7 23 4 14 19 27 18
16 0 15 32 28 40 39 38 25 24 35 1 9 27 18 12 11
28 29 15 23 40 32 13 19 41 14 5 24 35 21 9 1 18 31
13 36 40 15 33 11 32 42 26 41 35 39 38 14 9 29 7 6
26 42 40 14 35 1 37 29 7 6 36 4 24 19 38 5 21 12 18
42 23 40 35 1 37 9 2 12 36 34 15 32 25 24 27 5
40 36 2 41 31 0 21 15 29 33 6
34 41 5 25 18 38 39 31 24 27 35 21 37 9 6 2 12 4
0 33 39 35 1 37 9 29 2 7 36 4 32 19 25 24 18
33 11 39 1 9 2 7 12 15 4 14 29 25 6 5
35 23 39 35 37 15 2 6 4 14 38 31 24
1 27 39 21 2 11 41 31 24 18 5
37 11 39 21 15 2 23 9 6 32 29 24 27 12 4
9 23 2 7 12 38 32 29 41 25 24 18
29 11 39 12 36 15 4 38 31 21 6 18 25
2 14 21 2 11 15 24 23
7 27 25 24 32 19 38 39 31 14 6 18 23 5
12 39 12 4 32 14 19 38 31 27 18 25
36 31 19 32 41 5 38 25 27 18 15 23 4
38 39 15 6 32 14 19 41 25 21 23 5
31 14 15 24 4 19 25 21 18 5
15 39 21 23 32 19 24 18
6 14 11 19 41 5 27 18 23
24 11 14 27 4 19 41 5 24 18 25
32 21 27 19 23
11 4 41 25 21 18 19 27 5
5 14 4 39 41 25 27 18 23
19 39 21 4 41 23 25
41 39 4 25 21
39 23 27 14 25 21
25 27 23
21 14 27 18 23
27 27 4 14 23
14 4 14 23
18
23 4
4
