#kunkel.py
# GMT Mon Apr 22 18:25:11 2019
# 
10 36 6 22 8 27 28 42 26 23 41 14 5 0 20 21 9 16 2 7 24
23 30 3 22 8 42 26 39 0 35 1 15 7 36 34 6 32 41 31 21 27 5
17 7 9 6 19 22 32 28 42 13 41 39 25 24 16 18 11 15 29 2 12 4
3 36 27 22 24 32 29 25 40 14 5 21 16 1 37 15 0 2 7 12
22 30 8 28 13 40 14 0 37 9 29 7 11 36 34 6 19 24 18
8 6 24 20 41 26 13 40 14 31 21 33 35 5 37 9 16 18 25
31 2 28 42 26 13 40 14 20 35 37 29 36 38 32 39 19 41 25 27 18
16 29 34 41 32 28 42 19 38 14 25 21 35 11 0 18 7 12
28 42 26 40 35 9 7 36 38 34 15 4 32 19 41 27 18 5
42 30 27 40 39 20 2 12 38 34 6 32 11 41 24 33 5
26 34 9 4 32 13 19 38 39 30 33 35 1 15 27 29 25
13 30 40 14 0 35 1 9 29 2 6 36 34 4 19 41 21 27 12 25
40 33 40 14 20 1 37 9 2 7 15 6 25 32 19 24 5
14 21 0 33 9 29 11 34 15 32 38 24 27 18 25
0 39 20 37 29 2 6 36 38 4 32 19 41 25 24 18 5
20 24 2 32 41 39 38 33 35 1 12 15 29 18 7 5
35 27 34 7 25 38 39 21 37 9 18 12 30
1 33 9 29 30 36 15 6 32 11 19 38 5 21 27 12 4
37 30 2 39 9 29 7 6 36 41 34 4 19 38 21 12 5
9 30 15 2 32 39 38 5 21 27 18
29 27 11 25 19 38 15 18 7 39
2 30 39 36 38 34 4 32 41 21 27 18
7 36 34 33 6 41 24 11 27 12
24 11 33 15 30 36 34 4 19 41 5 21 27 12 25
36 11 39 15 4 5 19 41 30 25 27
38 30 39 33 15 11 6 21 12 25
34 33 21 12 4 11 19 30 25 18 5
15 11 21 41 4 19 5 6 18
6 30 39 33 11 4 5 21 27 18
25 11 33 30 41 32 5
32 11 39 33 4 5 18
11 30 27 39 33 21 4 19 5
39 41 33 19 21
19 27 4 19 21
41 12 21 18
18 30 33 4 12 5
30 5 33 12
5 4
21 33 12
27 27 4 12
12 4 33
33 4
4
