#kunkel.py
# GMT Mon Apr 22 18:07:32 2019
# 
10 11 17 22 28 13 26 42 40 21 37 15 29 7 12 4 32 41 31 24 6 18 5
11 30 17 8 20 26 40 14 0 33 35 37 9 7 23 36 32 19 38 31 24 27 25
17 22 42 39 0 20 35 1 9 29 2 7 12 15 32 14 19 25 16 18 23
3 21 22 33 28 13 26 40 14 0 20 1 15 7 12 36 34 6 39 41 5 24 27
22 30 8 20 42 40 14 0 33 35 1 9 29 38 34 15 6 19 41 5 18
8 36 27 31 4 33 42 13 40 18 14 25 0 20 35 21 9 6 2 23
2 38 20 30 16 27 13 42 41 14 23 25 24 33 5 1 9 0 7 6
33 28 39 0 20 35 37 15 29 4 34 6 32 41 5 24 16 18
28 30 20 26 39 0 35 1 9 23 34 4 19 41 5 24 6 12 18 31
13 23 42 40 39 20 1 37 9 29 34 14 19 5 25 21 16 18 31
26 34 20 30 4 7 32 41 38 31 0 16 35 37 12 27 23
42 21 40 39 0 20 35 37 15 7 12 36 34 4 32 41 25 24
40 39 20 35 21 15 29 30 6 32 14 25 24 16 12 18 23
14 39 37 9 29 7 30 36 15 4 32 14 19 25 24 27 12 18 5
0 16 39 1 37 9 30 4 32 19 31 21 27 12 18 5
20 20 1 16 23 36 6 32 19 38 5 27 12
35 16 39 1 37 9 29 7 12 34 32 41 5 27 18
21 16 39 1 37 9 29 4 36 34 6 32 25 27 18 31
37 16 9 29 12 36 41 34 15 19 38 25 27 5
15 23 4 16 19 38 31 24 12 18 7 5
27 36 34 24 32 29 38 5 7 4
29 4 30 19 38 1 6 18 7 39
7 36 4 18 38 25 5 1 23 39
12 36 30 16 19 38 31 5 39
36 34 31 24 32 30 19 41 25 39 6
38 34 9 25 19 30 5 24 1 23 6
34 30 1 23 32 19 41 31 24 16 25
9 23 1 9 4 39 41 25 18 31
4 16 1 23 19 31 24 18 25
16 23 39 6 32 19 41 31
25 1 6 41 32 19 30 24 18
1 19 41 31 30
32 30 31 18 24
39 24 30 6 39 19 23
19 30 6
41 6 18 5 24 31
30 6 31 18 5
31 23 6
24 23 6 5
6 23
18 23 5
23 5
5
