#kunkel.py
# GMT Mon Apr 22 16:16:41 2019
# 
10 23 8 20 28 42 26 0 33 35 37 15 29 12 27 9 32 38 30 31 16 18 5
4 30 3 8 28 42 26 40 39 0 20 35 1 37 9 29 11 36 34 4 14 25 24 27
23 11 3 8 28 42 40 14 0 33 35 37 29 2 7 30 34 32 19 21 27 12 18 23
17 34 11 3 22 25 32 28 42 26 19 38 14 5 0 16 35 21 12 6 29 30
3 7 11 8 32 28 13 19 38 14 30 31 21 6 35 37 12 16 29
22 11 8 16 28 42 26 39 20 35 1 15 2 30 36 6 32 19 41 31 27 12 25
8 30 20 13 40 14 0 33 35 21 7 38 39 41 5 24 16 6
20 24 27 13 26 40 33 35 1 37 15 2 36 32 19 38 21 16 18
28 13 40 39 0 35 15 2 7 12 36 34 9 32 14 41 31 27
42 2 13 40 35 1 37 9 29 6 38 34 19 41 25 24 16 12
26 32 11 15 41 40 27 5 24 33 35 1 37 9 0 12 30
13 2 27 40 14 0 1 37 15 29 7 6 5 19 41 31 16 18 25
40 30 33 39 37 9 2 7 11 36 34 19 5 24 12 18
14 2 39 0 33 37 9 29 12 36 34 19 38 25 18 5
0 36 34 16 19 41 38 21 33 1 37 15 18
33 36 6 16 31 39 25 21 37 9 27 18 12
35 21 9 29 6 32 41 25 24 27 18 5
1 36 5 9 24 32 31 19 25 37 15 6 2 7 11
37 9 2 7 30 34 15 19 38 31 21 12 25
15 34 11 21 16 2 41 38 31 29 7 5
29 39 2 7 11 36 41 9 38 31 21 27 12 6 25
7 36 38 11 24 19 5 21 27 6 12 30
12 16 36 34 32 25 24 27 18 5
36 30 2 9 32 11 19 38 31 21 18 5
27 39 21 34 32 2 38 31 24 5
34 21 16 25 30 31 24 11 18
9 9 6 39 25 41 31 16 18 5
6 30 24 32 41 18 39 21 2 11
19 2 11 32 38 30 25 24 16 21 31
25 30 39 24 5 21 16 31
24 11 39 32 38 16 18 5
32 41 39 38 31 18
11 39 2 30 31 21 18
39 30 41 2 38 31 21 5
2 41 5 18
38 30 16 5
41 18 5 16 21 31
30 5 31 18
31 16 18
21 21 18
16 5
18
5
