#kunkel.py
# GMT Mon Apr 22 16:05:04 2019
# 
10 11 17 22 8 28 42 14 20 35 37 9 2 30 36 34 4 19 38 31 21 16 25
11 21 22 8 20 13 42 39 0 33 1 9 29 23 36 38 34 4 41 5 24 12
17 23 25 24 32 28 13 19 41 39 27 5 21 20 35 1 37 16 18 7 31
3 23 22 28 42 40 39 1 15 29 7 30 36 34 9 4 32 14 2 31 27 18 5
22 34 15 28 42 19 41 39 5 0 16 35 1 37 9 23 29 7 18
8 20 9 40 32 28 13 19 41 14 31 0 33 5 12 37 15 29 7 30
33 40 4 32 28 13 26 2 38 39 5 21 6 1 37 12 29 18 23 24
28 30 20 40 1 37 9 12 36 15 6 32 41 31 18 23 5
42 40 39 0 20 35 1 15 2 12 38 6 24 14 19 41 21 27 23
26 36 5 6 4 32 13 23 41 14 31 24 20 35 1 37 12 16 2 7 25
13 34 25 27 19 41 14 23 5 21 1 31 0 29 7 30
40 30 39 0 35 1 9 29 6 36 38 4 32 14 41 25 27 23
14 30 14 20 35 21 37 9 12 6 32 19 25 24 18 23 5
27 21 39 0 35 37 29 7 12 36 38 34 4 32 19 41 25 24 18
0 36 38 9 2 16 4 25 24 21 15 1 19 7 5
20 20 9 30 36 38 4 32 39 41 25 24 16 12 6 23 5
35 7 9 6 25 39 18 19 38 31 12 2 23 4
1 37 29 2 7 12 36 4 19 31 24 16 18
37 23 16 37 15 7 36 41 34 9 4 32 38 25 21
9 36 34 24 16 18 5 21 29 12
29 36 34 32 30 19 39 31 21 2 12 6
2 30 39 15 7 24 36 32 38 25 21 16 12 18
7 34 21 32 25 38 39 31 15 5
30 36 34 4 39 16 41 25 24 15 5
36 16 39 38 6 41 5 24 23
41 16 15 34 6 19 38 31 24 18
34 6 38 4 25 32 19 5 24 18 23 31
15 39 21 15 12 4 25 24 16 6 18 23 5
4 12 6 32 25 16 18 5
24 38 31 21 18 23
32 16 39 6 25 38 31 21 5
39 23 19 31 16 5
19 23 18 38 31 12
38 6 18 21
5 31 21 16 6
31 23 12 6 16 21
21 16 12
16 12 25 18
12 6 18
6 25 23
18 23 25
23 25
25
