#kunkel.py
# GMT Mon Apr 22 15:51:50 2019
# 
10 20 11 8 16 42 39 33 35 1 15 29 7 12 36 6 32 14 25 38 31 27 18 5
11 17 3 22 28 42 40 0 35 1 37 15 2 7 4 36 34 6 32 19 41 21 18
17 36 34 33 3 8 32 28 26 14 31 24 20 1 37 9 6 2 12 25
3 20 28 26 40 14 33 35 37 9 16 29 12 38 32 41 5 21 27 18 23
22 20 34 4 16 8 33 30 5 18 40 39 25 24 27 35 21 37 9 6 2
8 21 28 31 14 0 1 15 2 7 36 4 32 19 41 25 24 16 18 5
2 26 40 0 20 35 1 37 15 29 30 4 19 38 31 21 16 12 23 25
20 13 26 39 33 1 37 15 12 34 9 6 14 19 38 25 21 18
28 23 16 42 26 40 39 0 37 9 30 34 14 19 38 31 24 27 25
42 36 15 18 5 26 19 40 14 38 25 24 6 35 21 9 0 29 30
26 23 13 40 33 35 1 15 7 30 36 38 34 9 6 32 29 41 31 18
13 23 27 40 39 35 1 9 29 7 12 36 4 19 41 31 24 16 6 18 5
40 0 35 15 7 30 36 34 9 4 32 29 31 27 12 18 5
39 30 33 31 14 1 37 9 27 34 4 19 41 25 24 16 21 5
0 33 35 37 15 7 30 36 41 9 4 19 38 5 24 27 23
33 36 34 6 4 41 38 25 16 35 1 15 27 5
35 34 4 41 38 5 1 31 29 7 24
1 36 32 19 41 31 24 21 37 16 12
37 15 7 23 36 34 9 6 32 29 5 24 16
15 14 9 30 36 4 41 31 24 27 18 23
29 30 14 21 7 12 36 34 32 19 38 31 24 16 25
7 36 34 4 32 19 38 25 16 21 9 24
12 34 4 16 18 30 38 5 14 31 27 23 6
36 14 9 23 34 6 41 5 21
27 23 21 4 6 32 19 30 31 24 27 18
34 14 38 4 41 5 18 25
9 23 30 6 32 14 19 25 21
6 30 4 32 5 19 31 21 23 25
4 24 14 38 31 21 16 25
24 19 16 14 5 30
32 14 30 19 41 31 21 18 23
14 30 41 5 16 18
25 23 19 41 5 21 18
38 19 18 23 21 16
41 30 19 41 21 31 23 5
19 16 30 18 31
30 30 21 18
31 23 5
21 16 23
16
18 5
23 5
5
