#kunkel.py
# GMT Mon Apr 22 15:35:25 2019
# 
10 11 3 8 42 13 40 39 0 20 9 2 7 41 34 15 25 19 38 31 21 16 18 5
11 36 20 23 17 3 4 32 14 26 19 29 39 5 24 16 9 27 18 7 12
17 36 40 22 8 27 30 42 26 19 41 29 31 21 16 1 37 0 18 23 4
3 8 20 28 13 26 42 40 39 33 1 6 36 34 4 32 14 31 12 18 23
22 30 28 42 26 40 14 0 20 35 37 29 2 34 6 32 5 19 41 31 16 18 25
8 15 6 32 28 41 42 40 39 30 5 21 33 35 1 37 9 2 23
27 20 26 14 33 35 37 9 7 30 36 34 15 6 38 5 21 16 12 18 23
28 30 13 40 1 15 29 2 6 36 41 4 32 5 19 38 25 24 16 31
42 21 0 33 35 1 37 2 7 12 6 32 41 31 24 16 18 5
26 13 40 39 0 35 9 29 7 30 36 41 15 4 19 38 25 21 12
13 30 40 14 33 35 1 9 29 7 23 34 15 4 32 2 5 21 25
40 24 32 19 38 14 31 21 1 37 15 0 18 39
39 7 15 4 30 41 19 5 38 31 24 16 12 29 23
0 23 14 33 21 37 9 2 12 36 4 32 19 38 31 24 16
20 36 34 9 16 2 41 14 25 21 35 1 31 15 18 23 6
35 23 33 16 1 9 29 7 36 38 34 32 41 5 24 21 31
1 36 25 16 14 31 21 19 15 29 2 12 18
37 36 38 34 23 33 19 41 14 25 15 6 2 5
9 24 33 2 38 19 14 31 21 15 29 7 30
29 38 4 41 14 25 21 30 6 18 12 5
2 30 33 7 23 36 34 15 6 32 19 38 21 24 18
7 34 25 19 41 31 21 5 15 16 12 6
23 16 15 12 4 32 25 21 6 18 23 5
36 33 12 34 6 38 30 31 21 18 5
38 21 12 15 32 41 5 24 16 18 25
34 30 14 33 21 12 6 32 19 41 31 24 5
15 41 31 16 30
33 30 14 33 12 4 19 41 25 24 16 18
4 30 6 25 14 19 41 5 24 16 18 31
25 14 30 41 32 31 16 12 6
24 32 19 41 30 31 5 16 12
32 30 6 5 12
14 30 19 31 5 21 12
19 6 21 16
41 6 12 18
30 31
31 12
21 18 6
16 12 6 18
12
6 5 18
18 18
5
