#kunkel.py
# GMT Mon Apr 22 15:27:50 2019
# 
10 11 17 3 22 8 28 42 39 1 21 9 30 38 15 32 14 19 41 24 27 12 18
11 23 3 22 8 13 14 0 33 21 37 9 7 12 34 4 38 31 24 6 18 5
17 21 3 22 20 28 13 42 39 33 1 37 9 29 4 6 32 2 38 25 24 5
3 8 20 28 39 33 9 2 7 23 36 34 15 4 32 41 25 21 16 18 5
22 42 13 39 0 33 35 37 15 29 30 34 4 5 19 38 31 21 27 25
8 42 14 20 35 15 29 7 30 9 4 2 38 31 24 6 12 18 23 5
31 36 38 34 30 24 28 13 18 41 5 25 21 33 35 15 23 2 12
20 23 2 16 26 14 0 33 37 9 29 34 15 32 39 19 41 25 24 27 5
28 4 23 21 27 26 40 39 38 24 33 35 1 15 0 2 7 12
42 36 34 21 32 39 26 19 40 14 5 0 16 1 23 2 7 18
26 36 40 34 6 7 19 41 14 38 25 33 35 12 37 9 2 23 18
13 5 16 40 14 0 33 35 9 2 12 36 4 39 41 25 27 6 18 23
16 30 16 14 0 37 7 23 34 6 32 39 19 38 25 24 27 18 5
39 36 30 4 41 14 25 24 35 1 2 7 12
0 30 27 14 9 2 7 36 41 15 4 32 19 38 21 23
1 23 2 40 14 33 37 15 29 12 36 38 6 19 41 24 18 4
35 40 4 19 41 30 25 24 6 5 21 37 29 18
21 40 15 29 7 12 36 34 6 32 19 2 24 18
37 33 40 14 9 7 30 36 32 19 41 5 24 27 23
9 40 34 27 41 38 25 15 18 7 23
29 36 40 34 4 27 30 23 41 14 5 15 6 12 25
2 40 33 23 19 41 25 24 18 5
7 7 30 34 4 14 25 24 27 18 5
30 32 6 24 19 41 5 33 12 27 4
36 33 15 12 41 34 4 32 14 38 25 27 5
41 33 34 15 6 24 27
34 33 14 23 6 19 38 25 5
15 23 14 33 38 6 32 19 27 25
33 19 23 18
6 40 14 12 32 19 5 18 23 25
4 40 14 19 25 24 27 12 18
32 23 19 40 14 25 5 27 12
14 27 12 18 23
19 24 38 18
38 23 5 38 25 24 27 12
25 40 24
24 5
27 40 12 5
40 12 18 23 5
12 23
18 18
23 23
5
