#kunkel.py
# GMT Mon Apr 22 15:18:53 2019
# 
10 36 34 9 33 23 17 3 32 28 2 38 39 31 0 20 37 15 29 7 30
23 11 17 3 22 8 32 28 13 40 38 31 0 16 35 1 12 9 2 7 30
17 36 7 15 3 22 33 13 26 19 40 39 5 0 27 21 12 9 42 4
3 22 28 13 40 39 33 35 29 12 6 32 14 19 30 31 21 27 18 5
22 5 20 30 8 24 16 11 13 26 41 39 31 0 33 14 21 6 18
8 16 42 13 39 0 20 35 1 37 15 29 7 30 34 6 19 31 24 27 12
20 36 11 32 28 14 26 38 39 30 31 0 33 37 9 16 18 24
28 34 30 4 11 13 42 41 38 7 24 27 35 21 9 16 2 6
13 42 26 14 35 1 37 9 2 12 15 4 11 29 24 27 18
26 30 33 14 0 35 37 15 2 24 41 34 9 19 38 25 21 27 5
42 30 40 39 1 37 9 29 7 11 36 34 4 19 41 25 27 6 18 5
40 27 39 33 35 15 2 30 36 41 9 32 11 38 31 21 16 12 18 25
39 14 0 33 35 1 15 6 34 4 32 19 31 5 24 16 25
25 0 35 1 15 29 7 12 36 38 9 6 14 19 41 31 16 18 5
0 1 37 9 2 7 12 36 4 32 38 5 27 18 31
33 2 1 29 7 12 38 6 14 19 41 5 24 18 4
35 27 14 1 35 21 2 7 36 4 29 38 24 16 5
1 14 21 37 9 29 7 30 6 32 41 24 16 12
37 34 15 6 2 32 41 38 5 9 16 29 12 30
9 16 14 15 6 34 4 31 24 27 21
2 15 7 12 34 4 11 41 30 31 24 27 18
7 27 15 7 12 38 34 32 5 29 41 21 16 19 31
30 11 14 36 4 24 32 31 21 6 12
36 16 31 14 29 11 34 4 32 19 38 24 27 6 5
27 14 29 12 19 41 31 21 16 18
34 11 21 38 15 4 32 19 41 24 16 18
15 4 11 38 21 6 14 5 12
4 29 11 32 14 19 41 31 24
41 38 32 19 14 16 18
24 11 6 19 5 16 18
32 29 11 32 14 5 21 16 12 18
11 19 5 14 6 18 12
14 16 21 31
29 38 21 19 18 6
38 19 18 6 12
18 21 16 19 31
31 19 12
21 12 6 19 5
16
12 6 5 19
6 5
19 5
5 5
