#kunkel.py
# GMT Mon Apr 22 15:05:27 2019
# 
10 11 22 8 13 26 42 40 0 33 35 1 9 2 7 41 34 6 19 38 25 21 18
11 30 22 8 16 13 40 14 0 20 21 15 1 23 36 4 32 19 31 24 27 18 25
17 41 34 6 22 25 32 42 19 40 39 31 24 27 35 5 37 9 0 29 12 23
29 23 3 22 8 20 13 26 42 40 33 35 37 2 6 36 34 4 25 5 27 31
22 3 42 13 14 0 33 35 9 2 12 38 32 41 31 24 16 18 23
8 3 20 42 39 0 33 35 21 37 9 7 12 36 15 6 19 24 27 18
20 34 3 2 32 28 13 19 40 42 31 24 27 1 37 15 16 4
3 23 3 13 40 14 33 35 1 15 7 12 36 34 9 4 32 31 18
13 16 28 39 21 9 1 23 36 38 15 6 41 25 24 27 18
26 30 16 28 40 1 35 21 37 9 23 36 38 34 32 19 41 31 24 27 18 5
42 23 16 42 40 39 1 15 2 12 6 32 19 38 5 27 18 31
40 39 35 1 7 30 36 6 32 25 24 27 18 23 4
14 36 41 9 4 32 0 18 38 39 5 24 33 37 12 16 2 7 6
0 16 28 35 1 37 7 23 34 4 32 38 31 24 27 12 25
33 30 28 39 37 9 6 36 41 34 15 4 32 38 31 16 12 5
35 30 28 39 2 7 6 34 4 19 41 5 21 16 12
1 36 34 24 32 28 41 39 25 12 27 7 5
31 2 9 7 30 36 34 4 19 41 5 27 23
9 6 30 18 41 24 5 21 15 2 23 25
27 28 37 7 30 36 4 25 19 38 5 21 27 12 18
2 21 15 7 4 36 34 6 19 38 24 16 12 5
7 36 34 6 16 28 39 18 38 23 21
30 36 41 15 6 28 19 39 38 24 16 32 23 5
36 39 37 15 34 19 38 21 18 5
38 16 28 39 12 34 19 25 24 5
34 28 37 34 4 41 18 25
15 28 39 21 37 12 6 19 5 24 18 23
6 37 23 32 19 41 25 16
28 41 32 12 37 23 21 5
24 39 37 41 4 19 25
32 37 39 19 41 21 16 18 4
39 37 23 4 19 5 21 25
19 21 4 12 25
41 12 37 23
5 21 37 12
37 23 16 18 25
25 4 16 12
21 16 4 23 18
16 23 12 4
12 4
18 23 4 18
23 4
4
