#kunkel.py
# GMT Mon Apr 22 14:53:51 2019
# 
10 11 3 8 2 26 40 14 20 21 37 9 1 29 36 15 6 32 19 38 5 24 18
11 30 17 3 22 20 42 26 40 39 33 37 9 16 7 12 36 15 4 19 5 24 27
17 22 8 28 26 14 0 33 37 15 7 30 41 4 32 19 38 31 24 18 23 5
3 29 34 30 13 26 42 40 39 23 25 21 27 14 5 31 12 1 2 7
22 36 40 34 9 8 27 28 19 41 14 38 23 33 37 12 29 2 7 4
8 30 13 42 14 0 33 35 1 9 29 2 12 36 34 15 19 38 31 18
2 30 16 28 13 26 40 39 20 35 37 12 6 19 41 5 27 18 23 25
33 40 39 0 30 1 15 7 6 4 32 5 41 21 31 24 18 23 25
28 23 42 26 39 0 20 35 1 9 7 30 41 34 15 4 32 19 38 21 27 12
42 16 14 0 20 35 1 15 29 7 23 36 6 39 41 31 24 27 18 25
26 6 16 13 19 41 38 25 24 31 21 37 12 1 30
31 27 6 32 13 38 39 14 0 20 35 16 18 7 30
40 13 14 0 35 1 9 29 12 41 4 32 38 25 21 18 23
14 21 39 20 37 9 36 4 32 5 41 24 27 18 25
0 23 13 20 35 1 9 16 29 36 38 6 19 41 27 18 5
20 1 21 9 29 30 36 41 4 32 19 38 24 16 25
35 23 16 13 39 15 29 7 4 34 6 32 19 5 21 25
1 30 13 9 16 29 24 36 34 6 25 21 27
37 36 34 32 30 39 19 41 13 25 24 27 15 6 5
9 27 39 7 23 36 34 32 38 25 24 16 12
16 13 7 12 36 34 15 4 32 19 41 30 18 23
29 34 4 30 13 39 38 15 6 18 24
7 36 25 13 38 39 24 27 21 23 5
24 36 34 32 13 25 18 6 12
36 4 12 30 5 15 23 21
41 38 6 18 25 21 15 23 5
34 4 32 18 39 25 27 15 6 12 30
15 13 30 32 19 38 25 21 18 5
6 21 13 39 23 32 19 38 30 27 18 5
25 21 12 4 39 19 18
32 23 13 4 32 39 27 18
39 30 4 5 38 27
19 4 27 5 18 12
38 23 13 4 38 12 5
30 12 4 23 5
13 5 21 12
5 21 27 18 23
21 27 4 23
27 12 27 18
12 4
18 4
23
4
