#kunkel.py
# GMT Mon Apr 22 14:51:15 2019
# 
10 36 38 34 4 2 27 28 42 26 19 41 14 30 24 20 37 9 16 18 23 11
5 30 17 3 22 20 28 13 26 39 33 1 9 2 7 11 34 6 38 31 24 27 18 4
23 11 17 22 20 42 14 33 35 21 9 7 4 38 34 6 39 19 41 31 24 25
17 8 28 26 40 0 1 21 37 9 29 2 7 30 15 32 11 19 38 25 24 18
3 36 27 20 30 22 4 32 13 42 40 18 39 25 24 16 21 0 14 7 6
22 36 11 6 8 32 28 42 38 39 31 21 33 35 1 15 16 29
8 11 8 28 26 39 33 1 15 29 12 36 34 9 4 14 41 25 21 16 18 31
16 30 20 13 26 42 40 39 33 35 37 9 29 7 36 32 41 27 18
28 30 13 42 40 39 0 33 35 29 7 11 34 4 14 19 38 12
42 15 11 40 32 41 39 30 7 21 1 9 0 2 12 4
26 36 6 11 25 27 33 19 39 21 18 37 12 0 2 7 30
13 24 40 14 0 33 35 1 9 2 12 41 6 32 31 38 25 21 18
40 36 34 15 6 33 31 14 25 21 19 9 0 2 7 4
14 0 20 35 21 15 29 30 36 34 4 19 41 25 24 27
0 39 20 37 15 29 12 36 34 6 32 19 41 31 27 18
20 34 6 18 41 38 21 27 1 37 9 2 12 30
35 33 1 37 9 29 2 7 11 38 15 4 24 32 19 41 31 21
21 6 38 24 33 1 15 27 7 12
37 34 15 11 6 33 31 38 25 1 9 27 29 7 30
9 27 39 15 11 34 4 32 19 41 6 18 31
1 30 2 15 29 6 34 4 32 19 41 31 27 18
2 36 34 30 4 32 41 38 25 31 12 7
7 27 39 33 15 30 36 4 11 29 19 25
11 29 6 36 34 4 19 38 30 12
36 39 29 12 38 34 32 19 41 31 25
38 15 32 29 41 24 27 18 25
34 39 15 29 30 31 24 18
15 24 33 15 4 32 39 27 18
33 27 39 29 6 4 32 19 24 12 18 25
4 32 19 41 27
32 30 39 12 29 31 24 19
39 30 41 24 27 18
19 27 31 6 29
41 12 30 25 18 31
30 12 6 25 31
29 27 12 25 24 18
31 12 24 27 25
24 18 25 12
27 6 25
12 25 18 6
6 25
18
25
