#kunkel.py
# GMT Mon Apr 22 14:30:26 2019
# 
10 30 3 22 33 28 42 26 13 40 39 20 37 15 2 36 32 38 31 24 27 18 25
5 17 22 8 13 40 39 0 20 35 1 37 9 29 7 12 36 34 4 14 2 38 25 16 6
30 11 17 22 8 33 42 26 40 20 35 1 9 27 29 38 34 4 19 41 24 16 21
17 3 22 8 28 42 26 13 14 33 21 37 9 2 7 23 36 38 4 41 24 6
3 36 6 32 42 26 13 40 41 39 38 27 24 33 35 15 0 19 7 4
22 8 26 39 33 15 2 7 11 36 41 34 6 14 29 38 21 27 18 31
8 27 42 13 40 35 1 9 7 12 36 15 6 32 19 38 25 16 18 31
20 28 42 40 39 33 35 1 37 15 7 12 36 34 9 11 38 31 24 16 18
28 23 13 40 0 35 1 15 29 2 12 36 34 32 19 41 25 24 16 21
42 14 0 33 35 1 37 15 2 11 34 4 32 39 38 31 16 18
26 40 7 32 11 13 2 41 39 25 31 9 16 29 12 6
13 39 0 33 35 9 29 2 12 15 6 19 38 25 24 18
40 29 4 6 2 19 41 39 25 11 15 1 18 12
39 11 16 14 35 1 37 15 29 12 36 34 9 6 19 27 25
0 11 14 33 35 21 37 2 7 23 6 32 19 38 25 24 16 18
33 21 9 29 11 15 32 19 38 25 24 16 12 31
35 16 37 9 29 7 11 36 15 32 19 21 27 18
1 9 29 11 34 15 4 32 14 19 25 21 27 18 31
37 11 2 37 9 29 23 4 14 19 41 25 24 27 6 31
15 23 14 21 12 27 2 18
16 36 34 32 25 31 12 6 29 7 23
2 34 11 4 32 41 14 25 27 29
7 11 9 6 36 34 4 19 31 21 12 18 23
11 36 4 19 18 14 12
36 14 23 34 4 32 19 21 18 25
41 38 32 29 31 24 27 18 21 9 23 12
34 25 4 19 38 29 31 24 23 12
9 31 32 18 21 6 29 23
4 38 32 14 25 24 31 23 12
32 24 27 14 29 6 25 21
14 24 29 19 21 27 12 6 31
29 23 6 18 31
38 24 21 25 6 18 23
19 6 19 31 24 27 21
21 23 31 27 12 25
31 12 27 25 24 23
24 12 27 18 23
27 18 6 23
12 23 18
6 23
18 23
23
25
