#kunkel.py
# GMT Wed May  1 19:43:08 2019
# 
14 12 11 25 3 39 5 4 28 15 7 1 20 41 27 29 18 30 17 32 19 8 0 24 26
12 22 11 38 21 39 33 10 4 30 0 15 26 19 28 35 36 27 25 34 7
34 30 10 20 24 2 39 5 33 4 22 17 16 41 19 40 36 25 26 32
11 37 21 31 3 18 23 10 4 22 6 32 0 1 35 36 38 20 26 7
25 7 39 5 33 31 2 22 15 1 36 20 41 27 29 23 18 16 8 0 38 32
3 26 7 33 10 4 6 15 1 40 35 41 9 29 18 16 17 32 19 8 0 38 13
21 10 9 35 7 2 39 5 33 4 0 42 32 8 28 40 24 38 23 26
31 10 8 6 15 36 20 41 27 9 38 29 23 18 17 37 32 19 2 28 26 13
39 7 5 10 4 6 42 1 35 36 20 2 23 32 19 8 28 24 13
5 13 36 29 33 10 18 30 37 6 19 38 1 24 26 27
33 10 7 2 4 22 28 6 15 40 29 18 17 37 32 19 8 0
10 26 15 42 1 35 40 7 38 2 32 19 28 24 27 13
2 35 4 40 36 20 7 16 9 29 23 18 30 17 37 26 19 28
4 0 6 15 42 41 9 18 16 17 19 29 7 27 26
22 20 29 23 0 18 17 6 9 13 38 8 28 40 36 35 27
28 8 6 42 1 35 36 23 18 16 17 37 29 24 38
6 15 42 1 35 36 7 9 23 18 30 32 19 8 38
15 9 35 27 23 30 17 42 38 1 40 24 41
42 7 0 1 35 20 41 27 16 9 18 30 17 8 26 13
7 40 36 41 16 9 20 30 17 37 8 27 38
1 1 40 36 20 27 29 23 18 30 37 24 13
35 8 20 30 9 16 17 37 19 29 0 24 27 26 13
36 40 20 41 27 9 16 17 37 38 0 32
20 9 23 16 17 19 29 24 26 13
41 40 27 9 29 23 18 30 17 37 32 38 13
27 9 13 40 19 8 27
16 29 0 26 40 32 9 18 30 8 24 38 13
9 30 23 40 32 0
38 0 29 18 37 19 24
29 40 30 37 26 19 8 13
23 24 32 8 37 40 13
40 24 13 32 30
18 0 8 24 26 13
30 17 19 0 24 37
17 37 19 8 26
37 24 13 0
32 19 8 0 24 13
19 8 0 13
8 24
0
24 13
26 13
13
