#kunkel.py
# GMT Wed May  1 19:40:49 2019
# 
14 30 10 9 11 2 39 5 31 22 28 12 15 42 26 8 0 1 40 36 20 34
12 21 29 23 5 33 10 18 22 37 15 6 7 28 1 4 27 25 41 13
35 10 11 3 21 39 5 4 15 42 25 7 9 29 17 37 32 19 8 0 27 34 13
11 21 3 2 23 5 10 25 30 15 42 32 8 0 26 24 38 40 41
25 10 9 3 2 39 5 33 37 15 16 6 32 19 7 28 41 26 27
3 7 33 4 22 0 6 15 42 40 41 21 23 30 17 26 8 28 24 27 38
39 5 33 31 6 15 42 40 36 9 23 18 30 17 37 34 19 28 24 38
5 7 31 4 21 9 29 23 40 30 37 26 10 8 28 34 13
33 10 21 31 22 15 1 40 36 30 23 16 37 32 19 8 0 38 13
10 22 29 18 30 40 37 9 41 19 2 28 24 26 13
31 7 6 15 42 1 36 20 27 29 23 16 17 34 19 8 0 24 38 13
22 21 7 4 22 0 36 20 41 27 30 38 23 16 32 19 28 24 34
0 16 9 13 23 4 37 15 34 28 26 36 20 41 32
6 34 21 6 42 1 40 20 41 7 9 2 37 32 28 24 38 13
15 9 29 20 16 17 19 8 28 27 13
42 9 34 36 2 4 16 18 19 8 26 24 23 38 32
7 27 1 40 36 20 9 29 23 18 16 17 8 28 26
1 21 8 26 40 36 20 41 27 16 29 23 30 32 2 28 24 34
40 21 30 9 34 23 16 17 32 19 27 26 13
36 16 9 21 4 41 32 19 18 20 26 13
38 16 34 24 21 2 18 17 26 29 4 27 41 13
20 30 9 21 29 4 24 32 18 28 34 13
41 30 4 37 18 17 9 34 8 27
21 26 4 27 29 37 32 19 8 24 34 13
16 26 27 9 2 23 17 37 19 8 28 24 34 13
9 27 23 18 30 17 32 19 8 28 24
24 29 23 18 17 37 2 28 13
29 18 2 4 17 32 26 19 8 28
2 34 18 4 32 26 19 8 28 27 37
23 4 30 18 37 26 34 32
18 34 17 8 37 19 27 13
30 4 27 17 37 32 19 8 28
17 34 4 32 8 13
37 4 28 27 13
4 26 8 19 34 32
34 19 8 28 13
19 8 27 26
8 28 27
28 26
32 27
27 13
26 13
13
