#kunkel.py
# GMT Wed May  1 19:39:42 2019
# 
10 30 12 11 3 24 39 5 31 18 22 17 6 42 26 19 8 35 36 20 34 13
12 16 11 2 23 14 31 30 37 4 19 8 6 1 40 18 27 22 13
11 27 5 33 4 22 0 15 42 1 40 36 9 30 37 38 19 8 28 24 26 32
25 14 27 3 33 31 4 22 6 15 42 35 36 20 41 34 23 37 32 19 8 24 38 13
3 35 7 39 5 33 14 22 6 42 26 40 20 21 9 29 18 30 37 38 28 34
21 26 7 39 8 4 22 28 6 15 1 36 20 29 23 16 32 19 2 0 24 34 13
39 7 5 14 31 6 15 42 35 36 40 30 9 2 23 16 37 38 8 24 26 32
5 30 9 7 33 31 18 16 28 15 41 0 1 35 27 23 34 13
33 30 14 9 29 31 22 17 6 41 32 19 28 1 35 24 34 13
31 30 7 41 2 14 20 22 23 6 16 26 28 13 34 37
4 42 1 35 41 30 9 38 2 23 16 17 37 34 32 0 24 26 13
22 6 15 42 1 20 41 29 18 37 38 19 8 0 24 26 13
0 6 42 26 40 35 41 7 8 9 20 29 23 18 16 32 2 27 34 13
6 7 15 35 36 40 41 27 9 29 18 30 19 28 24 34
15 14 1 36 20 30 9 2 18 16 17 37 32 19 7 24 27 38
42 24 2 40 37 13 38 29 35 20 34 7
28 26 1 40 36 35 27 38 2 18 16 17 32 19 8 34 13
7 14 9 29 18 17 19 8 40 27 20 26 13
1 30 36 29 23 17 16 32 8 40 24 41
35 27 14 26 40 36 41 30 18 16 37 32 38 13
36 26 9 38 29 23 18 17 37 32 8 34 13
32 14 40 20 41 29 23 18 30 19 26
20 30 2 23 18 17 41 19 24 26
41 30 9 37 29 23 17 16 19 18
27 14 40 8 29 23 30 17 37 38 19 2 26
16 40 9 2 23 16 37 38 19 8 24 34
9 30 9 2 17 13 34 19 26
38 14 40 30 2 23 18 17 8 34
29 13 2 34 23 14 18 8 40
2 23 37 26 19 18
23 8 24 13
40 17 14 24 19 13
18 14 17 37 8 26
30 37 19 34
17 13 14 24 37 19 8
37 8 24 26 13
34 14 8 24 13
19 14 8 24
8 13
14 26 13
24 26 13
26 13
13
