#kunkel.py
# GMT Wed May  1 19:30:08 2019
# 
10 14 11 3 5 33 31 0 15 42 7 1 35 36 27 16 23 30 37 8 28 24 13
12 14 34 11 5 33 31 15 1 40 36 25 21 16 2 30 37 38 19 29 24 26 13
26 14 21 3 39 5 33 4 15 42 35 40 27 23 18 30 17 19 8 28 38 13
11 21 3 5 33 4 22 6 15 1 35 20 2 23 17 37 32 19 8 24 34
3 35 39 5 33 31 4 22 0 7 40 25 41 27 9 29 37 34 19 28 24
21 41 13 36 34 4 31 18 22 0 6 42 38 8 28 1 24 20 27
39 14 9 35 7 2 4 5 31 18 16 17 6 15 32 8 40 24 20 13
5 2 5 14 18 30 17 41 19 8 0 40 36 38 28 32
33 9 2 8 14 31 22 17 15 42 41 29 7 40 13 32
14 35 7 6 15 42 1 40 20 16 2 23 25 30 17 37 34 29
31 25 4 42 1 20 7 9 29 2 17 37 32 19 8 0 38
22 4 6 1 35 20 41 7 9 34 23 30 17 37 32 8 28 27 38
0 24 34 29 4 17 37 15 18 8 28 1 36 38 20 41 32
6 16 24 25 29 8 4 17 18 2 28 1 36 27 23 30 7
15 34 2 28 35 18 20 7 29 23 40 25 16 37 8 24 27 38
42 9 29 23 18 30 24 13 32 19 28 1 40 36 20 7
18 9 2 37 4 23 28 32 7 40 24 38 20 13
7 2 19 4 1 20 41 9 29 23 37 8 28 34 13
1 4 35 36 9 2 17 19 8 28 24 38
35 34 4 36 25 27 9 38 2 23 17 32 8 24 13
36 34 29 23 37 28 9 38 19 27 41 13
32 16 9 23 37 19 8 30 4 25 34 27
40 27 4 2 9 17 37 19 24 41 34 13
41 16 9 2 23 4 37 13 8 27 25 38
27 34 25 27 16 9 2 20 30 37 19 28
16 9 25 34 23 30 17 19 8 24 20 13
9 20 30 2 25 19 24 38
20 29 2 17 37 19 8 24 34 13
29 4 25 30 28 17 8 34 37
2 28 23 25 30 17 19 13
23 30 37 19 28 24 34
25 30 34 8 4 28 24 38
30 8 19 28 13
17 8 38 28 34 13
37 19 8 38 13
4 19 24
38 28 34 19 13
19 34 24
8 28 13
28 24
24
34
13
