#kunkel.py
# GMT Wed May  1 19:29:52 2019
# 
14 22 10 9 11 2 39 5 31 30 0 12 15 42 34 8 28 1 40 36 20 26
12 11 3 39 5 33 10 4 22 1 40 20 41 27 9 23 17 37 32 19 8 28
35 10 11 3 39 5 4 15 42 7 25 21 9 29 17 37 32 19 8 0 27 34 13
11 21 3 2 23 5 40 10 41 15 42 32 8 0 24 38 25 26
3 7 33 4 22 0 6 15 42 40 41 21 23 25 17 38 8 28 24 27 26
21 34 26 5 33 4 22 6 1 40 36 27 29 20 30 37 32 19 8 24 38 13
39 5 33 31 6 15 42 40 36 25 9 23 18 17 37 34 19 28 24 38
5 7 31 4 40 9 29 23 25 30 37 34 10 8 28 26 13
33 10 31 22 15 1 40 36 25 16 23 30 37 32 19 8 0 38 13
10 30 29 18 22 40 37 9 26 19 2 28 24 25 41 13
31 7 6 15 42 1 36 20 27 29 23 16 17 38 19 8 0 24 34 13
22 7 4 22 0 36 20 41 27 16 34 23 30 32 19 28 24 38
28 7 6 15 1 25 30 9 29 20 16 37 34 2 0 24 26 8
6 13 34 9 2 20 30 37 42 32 6 40 24 38 25 41 7
15 16 9 29 20 30 17 19 8 0 13 25 27
42 9 2 4 16 24 18 19 8 38 26 36 23 34 32
18 13 9 34 7 29 2 23 30 17 37 38 19 8 24 36 20 41 27
7 27 1 40 36 25 30 9 20 29 23 16 17 8 26
1 34 8 40 36 20 41 27 16 29 23 30 32 2 24 26
40 26 9 23 16 17 32 19 27 34 13
36 16 9 26 13 4 32 19 0 36 20 41
38 16 13 2 17 4 26 29 24 27 41 34
20 9 29 4 24 13 32 0 34
41 30 4 37 17 9 34 8 0 25 27
27 25 16 9 2 30 37 32 19 8 13
16 34 25 9 2 23 17 37 19 8 0 24 26 13
9 23 25 17 32 19 8 0 24
24 29 23 17 37 2 13
29 26 2 4 30 17 32 19 8
2 26 4 8 34 19 32 37 25
23 4 30 37 34 0 26 32
25 30 37 32 19 26
30 13 37 4
17 34 4 13 8 32
37 4 13 0
4 34 8 19 0 26 32
26 0 19 13
19 8 34
8 34
0 32 34 13
13 34
34
32
