#kunkel.py
# GMT Wed May  1 19:52:25 2019
# 
14 11 3 39 5 33 31 4 15 42 13 20 41 21 16 2 23 30 17 19 29 0 24 34 8
12 10 12 34 11 21 5 4 22 1 35 36 7 9 38 2 23 30 17 32 29 24 26
34 35 7 3 33 42 1 40 36 25 41 21 9 20 23 18 16 17 37 19 28 24 38 13
11 21 3 5 10 22 40 36 35 41 7 8 30 20 29 23 18 16 17 37 19 2 27 13
25 10 21 3 5 33 31 6 15 7 26 25 27 9 29 23 20 16 32 19 0 38 13
3 39 10 31 36 42 1 4 41 16 9 2 18 30 17 32 19 0 24
39 7 5 33 10 4 22 42 1 40 20 27 8 9 29 18 32 19 2 24 26 13
5 30 20 31 23 22 17 6 9 32 19 8 0 1 40 38 21
33 21 7 10 4 15 1 35 36 41 27 16 23 30 37 32 19 8 0 13
31 16 2 22 29 23 30 6 42 41 19 8 1 35 24 20 26
4 7 22 6 15 42 41 27 9 2 23 18 30 17 37 0 24 38 13
22 10 6 15 40 36 20 41 27 9 2 30 17 29 0 38 13
0 16 9 7 2 37 18 17 6 13 32 1 38 21
6 10 7 28 40 21 30 9 2 23 18 16 17 37 19 8 24
15 7 8 10 42 1 40 36 27 9 29 18 37 32 19 2 28 26
42 9 35 21 29 10 41 19 18 40 36 23 26
18 10 21 1 35 40 27 29 23 30 37 32 28 13
7 10 1 40 36 41 21 2 16 37 19 8 24
1 9 2 30 17 37 8 28 35 41 27
40 10 41 27 9 29 23 17 37 32 19 8 28 24 38
36 20 41 21 9 29 23 16 17 37 32 19 28 38
32 10 20 30 9 38 2 23 16 37 32 26 13
35 30 10 29 23 2 16 8 28 24 27 20 38 21
41 30 24 29 13 10 8 20 38
21 28 27 29 23 16 17 8 26
8 29 23 37 26 2 28 24 38 13
30 27 2 16 17 37 19 28 26 13
10 26 20 29 16 2 28 24 38
2 26 16 19 28 27 38
23 26 9 38 16 24 27
9 26 16 19 24 13
20 24 17 37 19 28 38 26 13
16 26 29 37 24
17 29 37 19 28 38
37 26 27 38 29 24
26 24 27 13
19 29 28 27
29 28 24 38
28 24 27 13
24 27
27 38 13
38 38 13
13
