#kunkel.py
# GMT Wed May  1 19:28:57 2019
# 
14 10 12 27 36 2 23 5 4 22 6 41 32 19 8 28 35 24 38 20 34 13
12 21 25 39 5 33 22 6 42 35 36 20 11 9 23 18 30 37 26 8 24 38
34 16 9 21 2 39 5 40 31 25 22 23 6 15 32 8 28 35 36 20 41
27 26 7 33 4 6 15 1 35 36 40 41 11 30 9 29 16 17 37 32 19 28 38
31 30 35 11 21 29 39 4 22 17 6 42 32 19 28 40 36 20 38 7
3 10 21 5 33 22 6 15 1 35 25 41 29 23 40 18 16 17 38 0 24 26 13
39 16 18 21 41 23 33 4 30 17 37 42 32 0 1 40 36 25 6
5 9 11 2 33 10 25 30 17 37 15 41 28 1 38 20 26 32
33 30 2 4 16 28 9 13 19 8 0 1 40 18 25 7
10 11 22 0 42 7 35 36 25 41 21 9 2 18 16 17 32 19 29 28 13
4 35 25 2 23 8 18 16 37 42 29 28 1 40 13 38 7
22 9 7 25 29 23 6 42 32 8 28 35 24 40 41 13
0 21 15 1 40 36 20 41 7 23 18 17 37 32 19 8 28 38 13
6 25 15 35 36 40 41 21 2 23 18 17 37 19 38
15 9 41 23 40 18 17 42 26 19 7 1 35 32 20 11
42 9 25 2 8 17 26 29 1 35 18 23 41 13
18 11 1 20 9 2 30 17 37 26 8 24 38 13
7 30 16 26 36 32 19 8 1 35 24 25 38 21
26 13 20 11 21 2 17 37 28 29 35 36 25
35 25 9 2 30 17 37 19 29
36 1 25 21 9 29 23 16 17 8 28 38
20 11 32 1 25 30 29 23 16 38 19 2 24 13
41 16 2 28 19 8 24 23 38
21 8 40 25 9 2 37 38 19 29 24 13
11 8 30 29 16 37 32 19 2 28 40 24 13
16 1 9 29 23 16 37 19 8 28 38 13
9 25 40 30 17 37 32 19 8 13
29 40 30 23 17 19 8 28 24 38
2 1 40 37 19 8 24 13
23 1 40 25 17 37 32 24 13
40 38 30 32 19 13
25 1 30 17 28 24 38 13
30 17 37 13 32 24 38
17 28 37 32 19 8 13
37 1 13 19 28 24 38 32
32 13 24
19 1 8 24
8 38 13
28 24
24 1 24
1
38 13
13
