#kunkel.py
# GMT Wed May  1 19:27:35 2019
# 
10 14 26 27 33 31 4 22 0 15 42 1 40 25 16 9 2 20 30 32 19 8 28 34
29 14 9 7 41 2 4 36 37 15 42 32 8 28 1 40 24 27 20 26 21
26 24 21 39 14 31 18 30 23 6 42 41 19 2 38 35 4 20 34 37
27 12 21 3 39 5 4 22 28 15 42 1 35 25 7 37 34 19 8 0 38
3 12 33 4 28 42 35 36 20 7 9 18 16 17 37 32 19 8 0 24 34 13
21 14 9 2 5 33 31 4 16 37 12 13 38 0 35 36 25 15 7
39 11 5 33 4 0 42 7 1 35 36 20 23 40 18 17 32 19 28 24 34 13
5 12 11 4 22 6 15 42 1 40 36 25 41 9 2 23 18 16 37 38 8 7 24 34
33 36 7 6 30 17 37 15 32 19 8 0 1 35 24 23 38 11
31 12 35 25 34 4 22 6 15 1 40 20 7 9 2 23 18 17 32 8 0 38 13
4 11 22 15 1 35 36 40 38 23 18 30 32 2 28 34 13
22 12 11 36 23 18 30 17 42 7 28 1 40 13 20 41
0 11 0 42 1 25 41 9 20 34 18 16 37 32 8 28 38
12 6 15 40 36 20 41 7 2 23 16 34 19 8 24 38 13
15 11 40 14 30 17 37 32 19 8 7 24 38 13
42 16 9 35 2 6 32 8 30 40 24 25 7
18 14 7 35 36 20 41 11 9 2 16 17 38 19 8 24 34 13
1 16 9 23 6 19 28 35 24 20 37
40 11 36 9 30 17 37 32 19 2 28 24 34
36 30 24 9 17 28 38 25 34 13
25 16 9 11 13 23 30 17 6 38 32 35 41
41 6 35 8 20 23 30 17 37 32 19 2 28 38 13
7 14 11 6 35 17 37 32 8 28 34
11 14 28 6 35 30 23 16 8 24 38 13
16 2 23 14 17 9 32 35 13 34
9 14 17 19 8 28 38 13
38 14 6 35 30 37 19 28 24
2 14 23 6 8 28 20 34 13
14 34 35 20 30 17 37 32 8 28 24
6 17 6 19 32 28 24 20 13
20 30 32 17 28 23 13
30 35 23 37 34 32 13
17 23 37 32 19 13
37 23 34 19 24
32 35 19 28 34
19 8 24 23
8 35 23 28 13
28 24
24 34
35 13
23 34
34 13
13
