#kunkel.py
# GMT Wed May  1 19:25:42 2019
# 
10 12 35 7 25 3 39 5 31 4 0 15 40 20 21 9 29 18 30 17 37 19 28
12 30 20 11 3 2 39 40 14 4 22 23 41 42 26 8 0 35 36 25 34
35 34 11 21 5 33 4 22 15 42 1 20 41 7 2 23 30 37 32 29 28 38
7 34 3 39 5 31 28 6 1 36 40 41 9 2 30 17 38 19 0 26 32
25 11 39 33 14 31 15 40 36 20 41 21 38 29 18 30 17 37 26 19 8 24 27 34
3 9 2 23 5 15 31 4 30 0 42 19 29 14 1 27 38 21
13 34 21 29 39 5 31 4 22 17 6 15 42 26 19 32 40 36 27 23 41 13
39 26 11 14 31 22 0 6 1 4 41 27 9 38 29 18 17 32 28 34
5 34 11 4 22 42 20 41 21 2 40 18 37 32 19 8 28 24 27 38
33 14 21 41 2 23 40 4 16 17 6 42 38 19 28 1 36 26 27
31 9 34 2 23 29 14 17 6 42 32 8 37 24 4 26
4 11 21 15 1 27 2 14 30 17 19 8 24 23 38
22 14 11 0 40 18 16 17 42 26 28 1 36 27 20 41
0 26 29 9 18 6 15 32 38 19 14 1 36 20 41 11
6 14 21 15 1 36 20 41 27 16 2 30 37 26 19 8 34
15 30 21 2 37 16 42 26 27 29 36 38 20 41
42 8 30 11 2 18 19 29 28 1 24 20 26
16 30 9 21 29 23 37 17 41 26 28 32 40 24 38 20 34 27
1 11 9 34 23 18 30 37 26 19 8 24 38
40 21 14 36 20 41 27 9 2 32 19 8 24 34
36 14 28 20 41 21 18 30 17 37 8 24 27 38
20 11 23 37 18 17 8 26
41 11 21 30 2 23 18 37 19 29 38
21 11 27 29 23 32 8 28 24
11 11 27 9 23 30 17 37 32 8 24
8 14 9 38 18 30 37 32 19 34
9 29 34 2 37 32 19 28 27 23 26
38 14 2 23 18 17 37 29 28 24 26
29 34 18 37 28 24 27
14 24 37 2 32 28 26
18 27 28 23 30 17 32 19 24
30 26 27 17 32 19 34
17 26 2 32 19 28 24
37 19 2 28 24 26
26 27 2 23 19 24
19 24
2 28 24 34
28 32 27
24 23 34 32
27 34
23 34 32
34 32
32
