#kunkel.py
# GMT Wed May  1 19:25:01 2019
# 
10 14 11 3 5 33 31 22 0 15 42 7 1 27 30 2 23 16 37 32 8 28 13
12 14 35 11 3 5 33 31 34 15 1 40 25 21 16 38 29 30 37 32 19 26 13
26 14 21 39 5 33 4 22 15 42 40 27 2 23 18 30 17 19 8 28 38 13
11 21 5 33 4 22 6 15 1 35 36 20 2 23 17 37 32 19 8 24 34
3 9 21 2 23 5 37 0 6 42 38 19 29 28 1 13 41 34 27
21 13 20 34 4 31 18 0 6 42 32 8 28 1 36 38 41 27
4 24 7 2 39 31 18 22 6 41 32 19 29 0 1 40 36 25
5 39 5 14 22 0 35 40 41 27 18 30 17 38 19 8 28 24
33 9 24 29 15 14 31 22 17 42 8 7 35 36 40 41 13
14 35 7 39 6 15 42 1 40 20 16 2 23 25 30 17 37 29 34
31 39 22 42 1 35 20 7 9 29 25 17 37 19 8 0 24 38
22 39 28 7 40 36 25 41 27 9 2 37 32 19 29 0 34
28 6 15 42 1 35 36 25 7 38 29 23 18 30 17 32 8 0 27
6 16 29 39 7 23 30 17 18 8 1 35 36 27 25 32
15 35 25 39 8 40 20 7 2 23 18 16 37 34 29 0 27 38 32
42 9 29 23 30 24 13 32 19 1 40 18 20 7
18 20 9 35 39 37 0 32 7 40 24 38 23 13
7 1 35 36 20 41 9 29 23 37 19 8 39 34 13
1 36 35 9 2 17 32 19 8 0 38
35 25 39 40 20 41 9 2 23 30 17 19 27 13
36 20 41 9 2 23 30 17 37 34 8 24 27 38
40 27 39 9 17 37 41 19 32 34 13
41 16 9 25 13 23 37 8 0 27 38
27 25 27 30 9 2 20 16 37 19 24 34
30 29 23 16 24 9 19 8 25 13
9 39 20 2 25 16 32 19 24 38
20 39 0 29 16 17 37 32 19 8 34 13
38 2 0 37 19 17 25 34 13
29 25 0 17 8 34 37
2 39 25 34 23 17 32 8 24 13
23 16 37 34 19 24 32
25 16 8 34 24 32
16 39 17 32 34 19 8 24 13
17 39 34 8 0 13
37 19 8 0 24 13
32 39 0 19
19 24 34
8 39 0 24 13
0 24 34
24 39 34
39 13
34
13
