#kunkel.py
# GMT Wed May  1 19:19:06 2019
# 
10 12 7 3 5 33 4 22 6 42 35 20 41 27 8 2 18 30 37 26 29 0 38
12 7 39 5 33 31 4 22 6 15 35 36 21 9 2 18 17 34 19 8 28 38
34 26 7 3 5 33 6 15 42 1 40 25 21 2 20 17 32 29 28 24 38 13
7 21 3 5 33 14 4 28 6 1 36 20 9 2 16 37 19 29 0 24 26 13
25 13 22 14 9 27 29 39 5 33 18 16 6 4 42 38 24 20 41 32
3 30 9 29 39 14 31 22 17 15 42 41 19 28 1 40 38 23 13
21 39 33 31 22 6 15 42 35 41 11 18 16 37 19 8 0 24 26 13
13 30 11 2 5 31 38 16 28 22 15 41 8 26 40 24 27
39 11 35 8 31 4 22 0 15 40 36 20 41 27 29 23 18 17 32 2 28 24 38
5 26 11 4 14 31 22 15 42 1 36 20 9 38 32 8 0
33 11 22 15 1 35 36 20 41 16 9 23 18 30 37 38 19
31 11 22 6 42 1 40 36 20 41 23 18 17 32 8 28 24
4 8 22 2 23 14 16 17 37 19 29 28 30 24 20 11
22 6 42 35 40 9 14 16 26 19 8 23 38
28 9 11 41 29 30 6 42 28 1 35 27 23 26
6 14 0 42 1 40 36 41 27 30 29 23 18 16 17 38 24
15 14 11 18 30 24 37 41 19 8 26 40 36 27
42 0 1 35 36 20 2 23 18 17 37 38 29 32
16 14 1 36 20 9 29 23 30 17 37 8 0 24 27 26
1 30 14 9 37 2 23 17 38 19 40 27
35 14 0 40 20 41 11 9 2 17 37 26 29 24 38
36 14 40 20 11 2 23 30 37 32 8 0 24 38
20 29 40 18 23 14 38 27
41 11 14 0 9 38 29 18 30 37 32 8 26
27 9 11 17 2 14 0 19 8 40 26
11 9 38 2 30 24 32 19 26
8 9 29 14 18 17 19 2 0
9 14 0 2 23 17 32 19 24
2 26 14 40 30 32 0 24 38
14 14 18 38 29 26
40 17 30 0 23 26 29 37
18 29 23 30 0 32 19 26
30 23 37 0 19 38
17 32 0 24 38 37
37 24 29 26 32 0
26 32
19 23 0 32 24
29 32
0 23 32 24 38
24 23 32
23 38
38 32
32
