#kunkel.py
# GMT Wed May  1 19:15:26 2019
# 
14 10 7 5 33 31 4 22 6 15 35 20 41 21 9 23 40 18 38 19 8 28 26 13
12 10 24 37 11 38 23 5 31 22 0 6 15 42 34 28 1 13 27 25 26 21
35 7 3 21 2 33 31 4 17 6 15 42 18 10 28 1 40 36 25 38 37
7 21 25 3 29 39 5 10 18 30 6 15 41 32 19 1 40 24 38 27
25 24 3 2 5 33 31 4 16 0 37 15 6 19 28 1 36 40 27
3 11 16 10 29 40 33 4 30 0 6 15 41 32 28 1 18 26 21
39 30 9 2 33 31 4 16 17 22 32 19 8 38 1 40 18 41 34 27
5 11 10 4 6 15 42 1 40 27 9 23 30 32 8 0 24 26 13
33 29 11 10 4 6 42 1 40 36 20 41 27 2 18 30 37 32 19 8 13
31 16 20 29 15 4 30 17 41 9 42 26 19 8 0 1 38
2 10 9 20 27 23 36 17 41 15 18 19 8 28 24 38 34 13
4 21 42 36 41 11 16 9 29 23 30 17 37 8 28 13
22 21 0 6 42 1 40 36 20 41 27 29 23 18 16 17 19 28 38 13
0 21 6 42 40 36 20 41 11 9 38 23 18 30 37 32 19 34
6 34 28 36 20 41 27 29 18 17 37 26 19 8 38 32
15 11 36 21 30 9 13 8 28 42 24 20
42 10 34 21 36 16 29 30 37 32 8 24 38 13
1 30 10 20 23 32 1 18 27 38 21
40 16 36 29 10 23 17 37 32 24 38 11
36 34 21 11 30 9 18 16 37 26 19 29 27 38 13
32 20 29 23 18 30 17 26 8 28 24 34 13
20 26 21 9 10 30 37 19 29 28 24 38 13
41 21 11 9 23 30 17 37 8 24 27 26
21 11 9 29 30 34 8 28 27 26
11 29 23 9 24 17 19 8 38
16 30 27 29 23 37 18 19 28 24 34 13
9 27 10 37 26 19 29 24 38 13
29 10 18 38 34
34 10 8 37 18 38 23 26 27
23 30 19 24 27 26 13
18 8 10 17 37 19 26 13
30 28 17 37 19 26 13
17 10 24 19 8 28 26 38 37
37 10 38 26 28 24
19 27 28 26
38 8 10 24 27 13
10 27 26 13
8 27 28 26
28 27 24 13
24 26 27 13
27 13
26
13
