#kunkel.py
# GMT Wed May  1 19:04:47 2019
# 
14 12 11 39 5 31 22 28 6 42 40 36 25 21 9 18 30 17 37 32 8 0 38
12 7 3 39 33 10 22 15 42 35 36 40 41 21 16 17 37 38 19 28 26 13
35 11 2 39 5 33 31 25 30 23 37 9 34 0 40 13 20 38 27
11 8 24 7 29 5 33 10 4 30 17 6 15 19 2 28 18 25 38 27
1 16 27 21 29 23 8 31 4 30 17 22 39 18 19 2 28 40 13 20 41 7
3 10 21 2 23 15 37 4 16 28 6 9 42 32 0 26 39 20 41 13
39 7 2 23 0 10 18 16 17 9 42 32 8 28 20 21
5 33 4 22 15 42 20 41 27 9 29 23 25 17 37 32 19 8 24 38
33 10 31 0 6 42 40 36 21 20 29 18 30 17 37 32 19 2 28 38
31 7 13 23 4 30 17 41 42 26 19 8 0 32 27 20 34 21
34 10 29 21 2 23 40 30 17 37 32 28 8 6 26 36 20 41 13
4 10 21 2 4 30 15 42 32 19 8 28 36 38 41 13
22 21 10 0 7 36 20 41 27 9 2 23 30 17 37 8 28 24 38 13
0 10 15 42 25 41 16 9 23 18 30 17 37 28 38 13
6 30 9 29 8 18 16 17 15 32 2 38 26 40 21
15 10 40 25 41 7 16 9 2 30 17 37 38 19 8 24 26 13
42 7 26 40 36 41 27 29 23 18 30 32 28 24 38 13
7 10 36 25 27 16 9 23 18 30 17 32 19 24 26
26 10 20 29 23 18 38 19 28 40 24 25 21
40 21 10 20 27 30 29 23 18 16 17 37 19 2 24 13
36 10 25 27 30 2 18 16 17 37 32 8 28 24 13
25 24 38 29 18 16 37 41 32 19 2 27 20
41 30 20 27 2 17 32 19 8 21
21 32 9 18 16 17 10 8 24 13
16 37 2 9 24 13 19 8 27 38
9 30 2 17 32 28 29 13 27 23
20 10 38 2 32 19 8 18 13
29 10 27 2 23 18 30 32 8 28 24 13
2 10 18 17 37 8 28 24
23 18 30 37 38 19 28 24 13
18 8 17 37 19 13
30 37 10 27
17 19 32 10 13
37 27 8 28 24
19 13 28 27
32 24 38 13
10 38 24
8 24 13
28 27
24 27 38 13
27
38
13
