#kunkel.py
# GMT Wed May  1 18:55:26 2019
# 
10 14 27 25 5 33 31 4 22 6 15 42 35 36 40 9 23 18 30 17 32 19 8 0 24 13
12 30 7 21 39 5 31 4 22 17 37 15 26 8 28 1 35 24 27 23 38 13
26 11 30 14 21 3 2 23 5 31 18 22 24 37 42 19 7 36 25 41 27
27 34 7 3 39 14 4 22 6 1 40 20 11 29 30 37 32 2 28 13
25 16 11 3 2 23 33 14 20 22 17 42 19 35 36 40 38
3 14 39 33 31 4 0 15 40 7 16 38 2 23 30 37 32 8 28 24 34
21 22 14 7 36 21 15 31 30 17 37 9 16 32 0 1 24 41 6
39 30 33 31 15 18 22 17 6 9 41 8 7 1 35 36 20 34 11
5 31 36 2 8 14 4 16 28 6 15 32 19 29 0 1 35 24 40
33 11 14 31 22 0 1 36 20 9 2 17 34 19 8 28 24 38 32
14 35 31 7 40 20 9 2 18 30 17 34 28 24 13
2 4 22 28 1 40 20 41 18 30 17 38 8 0 24 13
31 22 42 35 36 40 7 29 23 37 34 19 0 38 13
22 34 1 40 36 41 7 16 18 30 38 19 29 0 13
28 6 15 41 11 9 23 16 17 32 19 29 0 24 34 13
6 9 11 13 18 36 17 37 4 32 19 1 40 24
15 24 29 23 18 16 0 42 8 1 35 36 20 34 13
42 30 9 11 36 29 4 16 17 41 0 18 38 20 34 13
1 34 4 20 41 18 16 37 32 19 29 0 38
35 7 29 30 24 37 0 40 18 20 34 11
4 11 0 16 9 38 29 23 18 30 37 32 8 7 24 34 13
40 41 11 9 29 23 18 16 37 19 8 7 38
41 16 9 29 0 32 41 8 24 23 34 11
7 20 9 29 18 16 17 37 8 0 13
11 18 9 20 24 19 8 38 34 13
16 30 9 20 29 23 24 32 34
9 0 36 20 30 17 37 34 8 24 38
20 24 17 13 38 19 36 34
36 30 29 32 19 8 38 13
29 18 23 0 38 32
34 37 19 18
23 17 32 0 38 19 24 13
18 30 32 19 8 24 13
30 38 17 32 8 0
17 37 0 32 24 38
37 0 32 38 19 24
32 8 0 13
19 8 0 24 13
8 24 38
0 13
24 13
38 13
13
