#kunkel.py
# GMT Wed May  1 18:54:10 2019
# 
10 12 21 31 29 2 7 37 18 17 6 38 8 0 26 40 36 27 20 34 11
12 7 3 39 8 33 14 31 22 0 1 36 25 41 21 29 20 30 17 38 19 2 28 24 26
34 11 33 31 22 28 6 42 1 40 35 32 9 2 23 25 30 26 19 0 38 13
11 9 36 3 29 4 5 33 14 31 22 17 6 42 32 19 8 18 24 25
25 30 14 28 39 5 31 16 17 37 7 32 8 6 40 13 41 38 21
3 5 33 31 4 22 0 1 35 36 40 7 9 23 37 32 8 28 24 38 13
21 39 5 33 22 0 42 1 36 41 23 18 30 17 37 26 8 28 24 38 13
13 39 5 31 4 22 36 20 41 38 2 23 16 17 37 26 19 8 28
39 22 14 41 29 5 33 16 0 6 9 42 32 7 40 36 27 38
8 31 4 6 15 1 40 36 41 29 23 16 32 2 7 24 38
33 14 31 4 28 15 1 40 27 16 9 2 30 26 19 29 0 24
31 5 4 22 1 35 20 41 27 16 23 18 30 17 37 19 28 26
4 35 22 6 40 36 20 27 29 23 18 30 37 32 2 28 24
22 30 26 16 6 42 38 0 1 40 27 41
28 14 7 6 42 26 35 36 30 9 29 16 17 38 19
6 7 14 15 42 40 27 9 29 23 18 30 17 2 38
15 9 27 2 23 5 37 16 24 42 19 29 0 1 35 36 20 26
42 30 14 9 18 23 16 1 35 24 20 26 7
1 16 7 29 23 5 17 19 30 40 24 20
40 7 5 36 20 41 27 9 29 30 26 19 32
36 35 9 2 30 17 19 29 0 24 26
20 7 5 14 35 41 2 23 18 30 37 26 19 29 24 38
41 16 14 35 18 29 5 9 32 2 0 24
7 35 14 9 23 17 37 32 19 0 24 26
16 30 14 27 17 2 18 0 38 35
5 14 9 2 5 19 0 18 38 26
9 0 2 23 18 30 17 32 29 24 38
29 35 27 18 17 37 38
14 30 2 37 38 19 32 35 24
18 37 17 26 0 24 38
30 27 23 37 38 24 26 32
17 37 0 24 27
37 24 32 38 23 35 26
35 23 19 2 0 32 27
26 0 19
19 2 23 32 27
2 27 23 0
0 23 38
24 27 38
27 32 38
23 38 32
38
32
