#kunkel.py
# GMT Wed May  1 18:51:32 2019
# 
10 12 35 11 3 39 5 22 0 1 40 18 20 41 7 36 25 17 37 32 8 28 34 13
12 30 35 27 31 3 39 14 4 16 23 22 15 42 41 0 40 24 25 34 37
26 9 21 7 3 40 5 33 31 4 22 28 37 15 6 8 0 1 35 27 20 13
11 21 3 8 33 14 31 22 42 1 25 7 29 30 37 32 19 2 28 24 34 13
3 34 5 14 31 0 15 1 40 36 20 41 21 2 18 19 28 24 38
21 14 34 5 33 31 4 22 6 42 35 20 41 7 2 18 30 17 8 0 24 38 13
39 7 2 5 31 4 22 24 6 13 32 19 29 0 1 36 20 34 27
5 2 31 4 22 6 15 1 35 40 41 29 14 16 17 37 38 19 8 28 24 23
33 9 7 41 4 30 6 15 42 32 19 8 0 1 35 24 38 25
14 31 4 22 6 42 1 35 36 25 7 30 9 20 16 8 28 27 38
31 16 25 29 15 18 30 23 9 13 0 35 36 20
22 34 6 7 36 16 9 38 29 30 17 37 32 8 28 24 27 13
28 15 42 1 40 20 41 27 2 23 18 38 8 13 34 32
6 16 20 2 34 4 38 19 40 24 27 25 7
15 27 4 35 36 25 41 16 2 18 30 37 38 24 34 32
42 34 4 1 36 25 41 9 20 29 23 18 37 32 19 0 27 38 13
1 16 18 29 4 30 0 34 19 17 36 23
35 9 29 30 17 37 19 8 38 40 13 25 27
18 2 4 30 17 37 41 20 38 32
20 36 9 23 16 17 37 4 34 8 0 24 32
41 4 7 40 25 27 2 16 32 8 0 24 13
7 40 27 9 2 23 17 37 38 19 8 34 13
30 9 16 2 23 37 13 32 0 24 38
36 8 25 9 2 37 34 19 29 0 24 38 13
38 4 0 40 29 16 17 32 34 13
29 34 2 17 32 19 8 0 40 27
2 17 13 32 19 40 24 25
23 13 23 16 17 37 9 19 8 40 24 25 27
40 4 25 9 16 17 37 24 34 13
9 17 13 37 34 0 27 32
25 16 24 34 8 0 27
16 4 34 8 24 32
17 37 13 32 0 4
37 24 19 27
4 27 8 0 13
32 27 8 0 24
19 13 24 0 27
8 8 24
0 13
24 13
27 34 13
34
13
