#kunkel.py
# GMT Wed May  1 18:50:05 2019
# 
10 14 12 35 7 25 3 39 33 31 22 6 42 40 20 41 27 29 2 18 16 17 32 8 26 13
12 35 21 3 4 6 15 1 40 36 20 41 2 25 16 17 37 38 8 28 24 26
35 7 3 5 14 22 28 42 1 36 25 41 11 9 29 23 30 17 38 0 26
7 11 39 5 14 0 6 15 25 27 16 9 29 23 18 30 17 37 8 28 24 38
25 14 11 3 21 39 5 33 31 22 15 1 4 2 16 37 38 8 28 27 34 13
3 9 11 2 23 5 40 31 18 16 6 15 32 19 29 0 4 21
21 22 11 29 23 33 31 16 42 34 19 8 1 40 24 20 38
39 5 33 4 22 15 42 1 36 20 41 9 2 23 18 32 8 0 24 38
5 14 26 33 31 4 16 40 6 19 17 23 28 1 24 34 11
33 14 31 28 15 42 36 20 11 29 23 17 37 34 19 8 0 24 26 13
31 14 22 6 42 1 40 41 11 30 23 18 16 17 32 19 0 27 38 13
34 22 11 9 26 24 29 23 30 17 37 32 28 1 40 36 38 13
4 14 11 29 20 22 6 9 42 32 8 28 18 38 41 27
22 11 28 6 1 40 36 41 27 29 18 16 38 19 0 13
0 14 42 1 36 20 11 9 29 23 18 30 17 37 32 38
6 2 24 37 15 13 32 19 29 1 36 27 20 11
15 16 14 2 37 20 30 23 13 41 29 36 27 26 11
42 11 16 36 29 14 30 17 28 8 24 27 20 13
1 14 40 41 11 9 2 23 16 37 32 24 13
40 36 41 11 9 29 23 18 30 17 37 19 8 27
36 30 11 17 37 28 32 19 24 38 13
20 14 9 16 26 19 8 18 20 41 11
41 9 2 14 18 30 17 37 38 19 28 24 23 26
27 30 9 2 23 16 29 28 18 26 11
11 9 29 17 26 8 32
30 9 13 23 17 28 8 32
9 26 18 14 19 8 13 38
38 14 8 29 23 16 37 2 24
29 26 2 16 17 37
2 26 18 16 23 19 28 13 32
14 16 32 19 28 24 13
18 23 17 37 32 19 8 28 24 13
16 8 17 19 26
17 37 19 28 24
37 26 24 13 8 32
32 24 8 23
19 24 28 13
8 28 23
28 23 13
24 26
23 26
26 13 26
13
