#kunkel.py
# GMT Wed May  1 19:51:53 2019
# 
10 35 11 25 3 5 33 31 22 28 15 42 40 36 20 21 2 23 18 16 32 0 24 38
12 22 14 9 26 11 36 3 2 39 5 31 18 16 32 34 25 30 4 20 41 13
35 11 5 4 0 6 15 42 7 1 40 36 20 27 9 29 25 16 37 2 28 26
11 11 8 33 14 15 1 20 41 21 29 23 18 16 17 32 2 28 24 26 13
25 27 39 0 6 15 42 26 40 36 20 41 29 23 18 30 34 8 28 24 38
3 16 27 18 29 5 14 4 30 17 37 15 42 38 0 40 36 41 34 32
14 30 13 21 29 5 2 4 22 17 37 42 38 8 40 24 26 7
5 34 21 39 33 31 40 7 2 23 18 30 17 37 32 29 0 24 38 13
33 39 22 6 15 40 36 21 9 29 23 18 37 34 19 8 28 24 26 13
31 7 4 28 6 15 42 1 40 20 27 16 2 30 17 37 32 29 0 26 13
34 7 39 4 22 6 15 40 36 21 2 16 17 32 19 29 28 24 27 38 13
4 7 39 0 1 36 41 27 29 23 16 32 19 8 28 38 13
22 16 37 21 29 18 30 6 9 42 41 19 28 40 24 38 7
0 21 39 6 15 1 41 7 23 30 17 37 32 19 8 28 38
6 21 42 20 27 9 38 29 23 18 16 17 37 32 8 28
15 42 40 36 7 16 2 23 18 30 19 8 24 27
42 9 7 39 17 19 28 1 40 18 23 38 13
7 26 40 20 41 9 2 23 16 17 19 8 28 24 38
26 30 21 20 16 37 32 19 28 1 40 24 38
40 21 41 27 9 29 30 32 8 13
36 21 39 1 20 41 9 2 18 17 37 19 29 24
1 21 20 27 2 23 18 30 17 37 32 19 8 24 13
20 21 20 41 38 23 16 17 32 19 24 27 13
41 21 39 41 29 23 18 16 19 28 27 13
21 27 18 30 37 19 8 28 24 13
30 27 9 29 18 16 17 19 8 28 24
9 16 29 39 8 18 32 2 28 38 27
29 39 27 2 16 37 19 24
2 39 28 27 18 17 37 8 38 13
23 13 39 17 32 8 24
18 39 17 37 32 19 24 27
16 17 37 19 8 24 27
17 39 37 38 24
37 27
32 28 38
19 39 38 19 13
8 39 24 27 38 13
28 38 27
24 38
27 39 13
39 38 13
38 13
13
