#kunkel.py
# GMT Wed May  1 18:41:09 2019
# 
8 9 7 3 13 23 15 31 16 17 6 12 32 41 19 37 1 40 24 26 27
14 11 25 5 33 31 4 0 6 42 1 35 36 20 27 9 2 18 16 17 32 19 29 7 26
12 10 26 7 3 39 33 31 4 22 6 1 36 9 2 23 32 19 29 28 34 13
35 9 20 11 2 5 33 10 18 17 6 15 42 41 19 29 38 1 0 34 7
27 11 21 39 5 33 31 4 6 15 1 40 36 20 41 7 16 9 23 18 30 38 28 34
25 22 36 7 23 31 18 16 41 15 42 26 19 0 1 40 4 25 34 13
3 11 5 33 4 22 0 42 7 26 40 21 9 38 2 18 17 32 28 24 34 13
39 5 31 4 22 0 6 15 1 40 36 20 41 9 23 18 17 37 28 24 26 13
5 21 7 33 31 22 0 42 40 30 29 16 17 26 28 24 38 13
33 11 21 13 23 4 30 6 15 42 38 7 1 24 26
31 9 21 2 15 20 37 41 32 0 26 36 1 38 11
34 10 11 7 9 16 37 15 38 19 28 1 40 13 26 21
4 16 21 36 2 23 18 30 17 37 19 29 0 24 22
22 10 11 0 42 40 20 41 7 30 9 38 2 23 16 32 28 26 13
0 24 20 21 2 30 23 6 32 29 36 37
6 26 30 9 42 32 19 28 1 36 23 15
15 21 42 40 20 7 30 9 2 23 16 32 19 28
42 16 7 23 37 20 17 32 28 1 38 13
7 21 40 20 41 9 2 23 18 37 19 28 24
1 21 36 41 9 29 2 16 17 37 38 19 28 24 13
40 16 11 18 30 23 37 32 19 26 24
36 11 2 30 18 19 29 28 24 26 13
20 11 41 21 30 9 18 16 17 32 10 24 38 13
41 10 11 21 2 23 30 17 19 29 28 26 13
21 10 11 30 2 16 17 37 19 26 13
11 26 38 2 23 18 32 10 29 28
16 26 29 23 10 37 18 19
9 2 18 30 17 37 26 10 28 24 32
10 2 18 17 13 29 26 24
24 29 17 37 26 38
29 2 23 30 17 37 18 28 32
23 30 37 2 38
18 30 37 13 32 28
30 28 17 26 19 38 13
17 2 19 28 26 13
37 32 38 19 28
26
19 2 28 38
2 32
28 38 32
32 13
38 13
13
