#kunkel.py
# GMT Wed May  1 18:41:09 2019
# 
10 16 7 3 2 39 33 31 4 22 28 6 15 42 32 23 0 35 20 34 11
12 14 11 39 5 33 31 22 42 26 35 25 27 16 9 2 23 30 17 38 8 24 34
7 34 21 39 33 4 15 42 35 36 25 41 11 2 40 20 16 17 32 8 28 38 13
3 11 39 5 31 6 42 20 41 27 30 29 18 16 17 32 19 2 0 24 34 8
21 14 9 20 29 5 31 18 30 32 19 8 28 1 36 27 25 38 11
39 8 33 14 31 22 6 15 1 36 25 41 11 2 38 19 29 0 34 13
5 22 14 23 4 30 17 37 16 32 27 8 0 42 36 1 41 11
33 36 29 37 4 30 28 6 13 38 0 26 24 20 41 11
31 29 14 30 28 13 15 42 34 19 8 0 24 27 23 26 11
4 9 23 18 16 24 37 15 42 41 19 40 35 36 27 25 38 13
22 20 38 2 23 14 25 16 15 13 41 29 28 26 40 36 34 32
0 37 25 29 18 30 23 6 42 32 8 1 35 20 34 13
6 28 35 25 41 30 9 20 2 23 40 18 16 37 32 19 8 38
15 42 1 40 35 41 27 11 9 2 23 37 32 19 29 24 26
42 1 20 41 9 2 23 18 16 17 26 8 28 34
18 14 28 26 35 36 25 27 30 9 40 16 37 38 24 34 32
1 11 26 25 41 27 9 38 29 23 20 16 37 32 19 24 34 13
26 16 14 27 29 17 37 9 41 19 28 25 13
35 14 9 36 29 23 2 16 13 19 8 40 27 37
36 34 9 17 29 24 37 32 19 27 41 11
20 30 9 29 23 17 32 19 8 40 25 38
41 14 11 30 2 23 16 32 28 24 13
11 25 27 9 29 23 16 17 37 32 8 24 38
30 37 2 25 16 17 38 8 40 13
9 34 25 29 2 23 17 8 28 24 27 38 13
38 16 29 23 17 37 32 27 34 13
29 14 34 40 2 17 37 19 8 28 32
2 25 27 17 37 19 28 24 34 13
23 40 8 24 37
14 16 17 37 8 28 24 27 40 13
40 16 24 40 17 19 8 34 27
25 28 16 19 27 34 13
16 13 24 34 32
17 27 37 8 13 34 32
37 24 19
32 28 19 24
19 34 27 8 24
8 28 24 13
28 24 27 13
24 27 34 13
27
34
13
