#kunkel.py
# GMT Wed May  1 18:20:25 2019
# 
10 14 12 11 3 5 33 4 15 42 1 35 21 38 2 16 17 32 19 8 7 24 26
12 35 7 3 39 33 4 22 6 15 42 40 36 25 27 16 9 2 20 30 17 37 26
34 30 24 11 3 2 33 37 4 22 28 6 15 13 38 19 29 0 40 36 41 7
11 16 9 29 23 5 20 22 39 6 15 42 18 19 8 30 36 25
31 14 29 3 39 33 22 15 42 1 35 41 9 2 23 18 17 37 19 8 0 26 13
3 27 5 33 4 22 28 6 42 26 35 20 9 2 23 18 17 38 19 8 0 24
39 21 4 29 23 5 18 22 6 15 42 19 8 28 1 35 24 27 40
5 21 33 14 4 28 6 42 36 25 41 27 16 23 30 17 37 32 19 0 24 38
33 7 14 22 0 15 40 36 20 9 29 18 16 17 8 28 26
14 21 25 22 15 42 1 35 36 20 41 7 2 18 30 37 19 8 28 26 13
4 21 2 6 20 17 37 15 41 26 19 8 38 36 23 13
22 9 35 29 16 37 15 41 19 38 40 24 25 13
28 2 21 6 42 40 25 41 27 29 20 16 17 19 8 0 24 26
6 1 35 40 41 7 9 38 29 23 16 37 32 19 8 0 27 26 13
15 20 21 29 37 32 19 8 0 13 38 25
42 25 1 40 20 41 27 9 38 23 18 17 37 32 24 26 13
18 36 35 21 2 20 23 13 17 19 1 40 24 27 25
1 9 20 21 16 17 32 8 0 1 35 13 25 38 7
35 30 20 24 36 29 17 40 27 23 38 13
36 25 20 41 27 16 9 38 2 23 30 19 0 26 13
20 25 7 9 29 16 32 19 8 38
41 21 0 7 40 25 27 9 29 23 30 37 19
21 7 2 23 17 37 29 0 24 25 38
30 2 16 24 37 32 29 26 27 7
9 2 17 32 8 0 38 25 7
38 29 40 16 37 32 2 0 24 13
29 16 2 32 26 37 24
2 25 27 37 32 8 24 26
23 8 25 16 17 7 0 40 26
0 17 19 40 32
40 27 26 16 17 37 8 13 32
25 7 16 37 8 24 27
16 7 37 32 19 26
17 27 37 32 19 13
37 26 32
32 27 24 26 8
19 7 24 26
8 27 7
7 26 13 24 27
24 13 24
27 13
26 13
13 13
