#kunkel.py
# GMT Wed May  1 18:17:35 2019
# 
10 14 12 35 7 25 3 39 8 33 31 22 6 42 40 20 41 27 29 18 16 17 32 2 26 13
12 35 21 3 4 6 15 1 40 36 25 41 2 20 16 17 37 26 8 28 24 38
35 7 3 5 14 22 28 42 1 36 25 41 11 9 29 23 30 17 26 0 38
7 11 39 5 14 0 6 15 25 27 16 9 29 23 18 30 17 37 8 28 24 38
25 14 11 3 21 39 5 33 31 22 15 1 4 2 16 37 34 8 28 27 38 13
3 9 11 18 2 23 5 15 31 16 6 32 19 29 0 4 40 21
21 22 11 29 23 33 31 16 42 34 19 8 1 40 24 20 38
39 5 33 4 22 15 42 1 36 20 41 9 2 23 18 32 8 0 24 38
8 11 33 4 16 23 37 9 42 32 28 40 18 20 38
33 5 14 31 28 15 42 36 20 11 29 23 17 37 26 19 0 24 34 13
31 5 14 22 6 42 1 40 41 11 16 23 18 30 17 32 19 0 27 38 13
34 30 11 9 36 29 23 5 22 17 37 32 28 1 40 24 38 26 13
4 14 11 41 29 5 20 22 6 9 42 32 28 18 38 27
22 11 28 6 1 40 36 41 27 29 18 16 19 0 38 13
0 14 42 1 36 20 11 9 29 23 18 30 17 37 32 38
6 11 2 5 24 37 15 32 19 29 1 36 27 20 13
15 11 30 14 2 37 20 16 23 26 29 36 27 41 13
42 30 24 11 29 14 16 17 13 28 36 27 20
1 14 5 40 41 11 9 2 23 16 37 32 24 13
40 5 36 41 11 9 29 23 18 30 17 37 19 27
36 30 11 28 37 17 32 19 24 38 13
20 9 14 16 41 19 18 20 26 11
41 9 2 14 18 30 17 37 26 19 28 24 23 38
27 30 9 2 23 16 29 28 18 26 11
11 5 9 29 17 26 32
30 9 13 23 17 28 32
5 14 16 23 17 19 28 24 26
9 26 13 14 19 18 38
38 14 29 23 16 37 2 24
29 2 16 17 37 26
14 16 32 19 28 24 13
18 2 23 17 37 32 19 28 24 13
16 2 17 26 19
17 37 19 28 24
37 26 24 32 13
32 24 2 23
19 24 2 28 13
2 26 23 28 13
28 23 13
24 26
23 26
26 13 26
13
