#kunkel.py
# GMT Wed May  1 18:05:06 2019
# 
10 14 21 3 29 39 40 31 18 30 23 37 13 32 28 8 0 35 4 25 26 11
12 21 25 5 31 22 28 6 15 7 35 36 20 41 27 9 34 23 18 30 17 32 0 38
34 14 35 7 3 39 5 33 22 6 15 1 40 20 41 11 25 37 32 19 24 13
7 16 14 27 2 23 33 4 22 40 37 42 19 8 1 35 25 26 32
3 32 5 33 31 4 22 0 42 26 40 41 2 18 16 17 38 19 29 28 13
21 14 11 5 4 0 6 15 42 1 35 20 27 2 23 18 16 32 19 28 24 38
39 14 27 5 33 31 4 15 42 1 36 20 9 29 18 16 17 37 19 32 8 28 24 38 13
5 14 33 2 22 15 42 35 20 41 11 30 29 18 16 17 19 8 28 27 26
33 14 11 31 4 6 15 42 26 41 9 23 30 37 38 28 24 13
31 9 22 14 35 38 4 30 15 42 41 8 40 36 23 26
2 35 15 42 1 40 36 20 9 38 29 23 25 17 37 32 0 24 26 13
4 14 28 1 35 4 25 41 11 36 40 30 19 0 24 13
22 14 18 30 17 6 42 19 8 0 35 36 20 26
28 29 17 6 9 13 32 8 0 36 20 41 11
6 14 26 0 1 35 40 11 9 29 30 17 37 32 19 24 38
15 14 36 25 27 11 23 18 16 17 37 32 24 26 13
42 16 14 18 17 37 29 1 40 20 38 13
1 16 14 36 25 37 30 17 19 29 13 27 20
40 25 8 35 20 41 9 29 18 16 37 0 24 38
36 11 35 20 16 9 23 18 30 26 8 24 38 32
25 14 20 29 9 16 37 32 8 27 35 38 13
41 14 27 26 13 35 20 29 23 18 30 17 38 8 0 24 32
27 11 9 18 16 23 37 8 0 38 26
11 24 37 30 32 35 20
16 35 20 29 23 30 17 19 8 0 24 26
9 29 23 17 38 19 8 35 26 13
20 35 18 17 37 38 19 13
38 14 29 23 32
29 14 23 18 30 17 19 0 24 26 32
14 23 30 37 26 19 13
18 37 19 8 0 24 13
30 30 17 8 0 26 37
17 35 8 23 37 24 13
37 23 8 24
32 8 23 26 19 24 13
19 24 8 23 26
8 0 13
0 23 35 13
24 26 35 13
35 23 26
23
26
13
