#kunkel.py
# GMT Wed May  1 17:53:36 2019
# 
8 30 24 21 29 39 5 4 22 28 37 15 32 19 0 1 40 18 38 41 13
10 14 20 11 29 39 33 31 18 16 17 6 15 32 19 7 40 23 13
12 14 34 7 3 5 31 6 42 26 35 36 20 30 29 23 16 17 37 32 28 24 38
35 16 14 21 3 13 39 33 37 4 22 6 32 19 0 35 24 38 23 41 27
11 7 3 39 5 33 14 31 1 20 41 9 38 2 23 25 16 17 37 32 24 34
25 14 21 5 33 4 22 28 15 42 1 40 36 25 30 9 2 23 18 16 17 32 0 24 26
3 21 39 5 22 6 7 1 40 36 20 30 9 23 18 16 17 34 19 0 27 38
21 7 33 31 28 15 42 1 40 20 27 30 9 29 18 16 17 32 19 2 0 38 13
39 33 14 31 15 42 40 36 41 30 9 38 29 18 16 32 19 24 26
5 14 18 13 23 4 30 17 41 15 38 28 40 24 20 34 27
33 2 7 31 4 22 0 15 13 19 28 1 40 24 41
31 4 22 0 6 1 36 20 9 38 34 18 32 19 28 24 26 13
34 14 26 4 22 42 1 40 7 29 23 18 32 19 2 27 38 13
4 7 22 42 1 40 41 27 9 38 20 30 37 19 0 26
22 14 7 28 15 1 36 20 41 27 9 29 23 40 37 32 0 24
0 6 15 20 41 7 16 2 18 30 32 19 28 26
6 14 15 42 1 20 9 29 23 18 16 17 37 26 19 28 24 38
15 14 42 40 16 9 20 30 17 37 24 38 13
42 14 32 1 40 36 41 30 29 23 18 16 37 38 28 13
1 40 36 41 16 9 38 2 23 30 37 19 26 32
40 26 14 20 7 29 23 18 30 28 24 38
36 14 27 36 41 7 9 2 18 30 17 38 19 29 24 26 13
20 14 18 16 17 37 32 7 24 27 38
41 14 24 29 28 37 19 23 26
7 30 2 23 17 9 32 18 27
30 9 16 37 26 27
9 24 2 13 29 37 27 26
38 2 16 32 28
29 16 24 2 18 17 28
14 26 27 2 37 32 19 24 13
18 26 17 32 24 27 13
16 23 17 13 26
17 23 17 37 32 19 28 26
37 27 2 32 19 28 26
32 26 13
19 28 23 27
2 13 27 28 24 26
28 23 27
24 27 23 13
27 13
23 13
26 13
13
