#kunkel.py
# GMT Wed May  1 17:51:19 2019
# 
10 16 34 12 7 29 2 39 4 22 23 6 9 38 8 28 18 20 41 27
12 21 25 3 39 5 33 14 4 22 15 40 36 20 11 29 23 18 26 19 8 28 34 32
11 21 3 33 31 15 1 35 36 41 27 16 9 23 30 38 19 8 28 24 26 13
25 21 5 31 4 6 15 42 26 36 41 16 9 2 23 30 17 37 38 24 34 32
3 14 9 26 29 23 15 31 18 22 17 42 32 0 1 39 24 20 38
31 14 35 39 5 34 22 15 42 1 40 20 16 2 23 30 17 32 19 38 13
39 21 5 14 6 42 35 4 20 41 7 16 9 29 23 18 30 17 37 19 8 0 26
8 35 21 29 23 33 34 4 30 17 37 38 2 0 40 20 41
33 14 21 24 28 23 9 4 17 15 42 32 0 1 18 41 13
14 18 21 2 4 30 28 6 42 32 37 40 24 27 20 26 7
4 27 5 22 40 36 29 23 18 30 17 37 19 2 24 38 13
22 7 0 6 42 35 20 27 16 9 23 18 30 32 28 24 34 13
28 30 24 2 18 17 6 15 13 29 35 36 41 7
6 16 9 27 5 17 15 42 32 0 26 36 41 13
15 35 5 40 36 7 38 29 18 16 17 37 32 2 24 26
13 34 5 42 36 41 9 2 23 18 30 17 37 32 19 26
7 30 27 17 29 5 18 23 37 42 32 19 24 20 38
26 30 9 20 16 23 17 36 27 34 37
35 21 5 1 40 36 20 41 27 9 29 18 30 32 19 2
18 34 5 1 36 41 9 29 23 30 37 32 38
1 9 21 29 5 17 37 42 19 36 40 38
40 21 5 42 36 20 41 27 29 23 16 37 2 0 34
41 5 0 42 20 21 30 9 2 23 16 32 38
21 29 5 2 37 9 42 19 34 27
16 9 37 34 23 17 29 38 27 32
5 20 9 17 37 38 19 34
9 2 20 32 19
36 34 0 42 27 29 17 32 19 2 24 38
29 20 27 30 17 32 38
23 42 30 32 19 24 27 34
20 42 19 0 24 34 32
30 2 19 0 38
17 34 19 0
37 24 2 32 38
34 27 2 19 24 38
19 38 32 0 27
2 0 27
0 27 42 32 0 24 38
42 24 38 27
24 32 27 38
27 32
38
32
