#kunkel.py
# GMT Wed May  1 17:50:24 2019
# 
14 34 11 25 8 4 22 6 15 42 1 35 20 41 9 29 18 30 17 32 19 2 0 38 13
12 11 7 3 39 31 4 22 42 35 36 20 41 27 30 34 23 16 17 32 19 8 28 24 26
34 21 3 39 33 4 22 15 42 1 20 27 16 29 25 30 17 38 7 24 26
11 21 39 33 22 42 35 36 20 27 2 23 40 18 30 17 19 29 0 26 13
3 10 35 7 39 5 33 31 2 28 40 36 20 27 9 29 25 16 37 19 8 0 24 26 13
39 16 10 42 2 29 20 30 17 37 33 8 0 32 36 25 41 21
5 9 21 36 2 33 37 20 22 6 15 42 41 19 8 1 24 25 26 13
33 21 4 22 15 42 1 36 41 29 18 30 37 32 19 28 24 27 13
31 16 10 20 21 24 0 18 30 17 9 38 28 26 35 36 25 41
2 9 18 24 37 15 42 32 28 40 36 38 35 26 13
4 16 7 36 23 18 30 0 37 15 38 19 8 28 40 24 25 27
22 35 10 6 15 40 36 20 21 9 29 23 25 37 38 8 28 24 26 32
28 21 25 18 15 42 32 38 26 35 36 40 41 13
6 36 21 23 10 18 17 37 15 42 32 19 8 0 40 24 41 38
15 35 27 10 42 40 20 41 9 23 25 30 17 32 29 13
42 1 36 41 7 9 23 16 17 38 29 26
7 16 27 29 23 18 30 17 37 9 19 38 1 40 25 26 32
1 9 29 23 20 19 26 40 13 25 41 27
35 21 17 37 32 19 8 13 38 26 27
18 36 20 41 21 16 9 30 32 10 29 24 27 38 13
25 20 41 9 16 17 10 0 24 38 13
41 27 40 20 29 16 19 32 10 8 0
21 10 0 36 20 9 17 38 19 8 24 26
30 16 17 37 32 8 0 26 40 38
9 0 36 20 27 23 16 17 37 32 29 24
10 24 20 29 17 13 38 19 37 40 36 27
36 20 23 16 32 19 29 0 38
29 0 27 38 8 24 26 13
23 16 13 0 17 19 8 37 20 26
40 16 37 0 32 27 20
20 27 17 37 26 0
16 24 8 0 13
17 37 13
37 19 0 24 38
32 27 19 0 26 13
19 24 8 38
8 8 24 38 13
0 27 38 13
24 27 26
27 26 13
26
38
13
