#kunkel.py
# GMT Wed May  1 17:27:24 2019
# 
10 16 18 9 7 39 5 31 4 30 0 15 42 34 8 28 1 24 38 23 26 32
12 11 21 2 23 5 33 31 30 17 37 42 41 19 8 0 1 13 25 38 7
26 11 30 36 7 17 21 39 5 4 22 23 37 15 32 0 1 35 18 25 13
7 3 31 4 28 6 15 42 1 40 36 25 41 9 29 2 30 17 19 8 0 24 34 13
22 9 11 17 29 39 8 18 30 24 6 4 32 19 2 28 1 36 41 27
3 14 34 21 5 0 6 42 1 40 27 8 2 18 17 37 32 29 28 24 38 13
21 14 34 11 5 33 4 28 42 1 40 20 27 9 29 25 16 17 38 0 32
39 16 9 11 36 2 4 14 28 18 17 32 19 29 0 40 24 35 27
5 11 33 31 4 6 35 36 40 41 27 9 38 2 18 30 17 24 34
33 11 2 23 18 16 24 37 41 32 19 8 1 35 36 20 34 27
31 14 4 6 42 1 40 36 20 27 11 16 29 23 18 30 37 38 19 0 24 34
4 14 28 6 15 1 40 35 41 8 9 29 20 16 37 2 0
36 14 9 28 6 38 19 37 35 24 25 34 11
28 6 42 35 20 41 9 38 29 18 30 32 19 0 34
6 14 0 15 42 35 11 29 18 17 38 8 24 34 13
15 14 20 11 2 23 37 16 19 41 32 0 35 13 27 25
42 11 25 1 35 20 16 9 23 18 30 37 19 8 24 27
1 35 25 14 40 20 41 9 23 18 17 37 34 24 32
40 16 14 9 2 30 23 17 19 29 35 24 25 34
13 11 16 14 20 2 18 30 17 9 38 35 24 25 34 27
25 14 11 18 32 19 8 0 35 27
41 14 34 35 20 27 2 23 18 17 32 19 8 38
11 35 20 27 16 29 30 17 37 34
30 32 27 9 29 16 37 38 8 24 34
9 8 24 2 29 18 20
20 14 2 16 37 38 19 0 24 20
29 0 16 23 17 37 32 8 27 38
2 2 23 17 37 32 8 27
23 14 18 16 17 37 34 8 0 24 32
14 27 18 16 17 37 0 24
18 27 35 17 32 8
16 19 27 34
17 35 37 38 19 8
37 35 27 32 19 8 0 34
35 0 27 24
38 0 27
19 32 19 8 24 34
8 0 34
0
24 27 32
27 32
34 32 34
32
