#kunkel.py
# GMT Wed May  1 17:25:08 2019
# 
14 8 30 12 11 3 2 23 5 33 31 4 16 37 15 32 19 29 28 35 25 27
12 11 3 31 4 15 42 1 40 20 41 7 9 29 16 17 37 32 10 8 27 34
26 9 7 41 3 29 39 5 6 18 16 23 37 42 32 19 40 27 35 34 13
11 27 25 3 39 5 31 4 6 1 35 20 8 2 18 10 17 19 29 0 24 38 13
3 39 31 0 36 25 41 21 20 23 18 30 37 32 19 8 28 34 13
21 25 39 5 33 4 1 40 20 41 30 9 38 2 18 16 37 32 19 29 28 34 13
39 16 4 5 6 18 22 17 37 34 19 8 0 1 36 27 25
5 29 25 33 10 4 6 15 40 20 30 9 2 23 18 16 32 19 8 7 24
33 9 24 7 29 2 17 37 42 34 19 8 0 40 36 41 13
31 34 10 4 22 15 1 25 41 7 2 18 30 17 32 19 28 38 13
4 35 2 10 16 13 42 19 28 1 40 36 27 20
22 9 30 17 6 15 42 41 19 28 1 35 36 25 38
0 34 24 29 8 37 18 17 6 7 32 2 38 36 20 41 27
6 10 9 29 2 37 15 41 32 8 1 35 13 27 23 7
15 34 10 35 36 40 8 9 29 18 30 37 32 19 2 24 38 13
42 16 10 34 24 29 2 23 37 8 1 35 18 25 38
7 10 27 28 1 40 20 41 30 23 18 16 37 32 19 24
1 30 10 2 17 19 29 37 40 28 38
35 34 40 25 41 27 16 9 29 23 20 30 38 19 28 24
18 28 25 41 9 29 23 30 17 37 32 8 24 27 34 13
38 10 2 36 25 16 29 23 40 30 17 8 34 13
25 40 41 9 20 2 23 16 17 37 32 8 28
41 10 28 40 36 27 30 29 16 19 8 34
27 13 10 30 9 32 2 36 27
16 10 36 20 8 29 30 37 2 28 32
9 34 2 37 17 13 32 19 28 36
10 13 37 34 28 40 24
24 2 40 28 17 32 19 29 36 20 34
36 29 2 8 28 30 40 23 34
2 28 20 23 30 17 37 13
23 34 20 37 30 28 32 13
40 20 29 30 32 8 13
20 17 13 32 28
30 17 19 8 13
17 29 32 19 8 13
37 13
32 8 13
19 8 34
29 34
28 34 13
13
34
8
