#kunkel.py
# GMT Wed May  1 16:55:42 2019
# 
14 26 11 3 39 33 6 4 37 15 42 38 19 8 1 35 36 20 41 21
12 10 34 7 3 39 33 15 42 35 36 40 41 21 9 29 16 37 32 19 0 24 38 13
34 10 11 3 39 5 4 22 6 15 42 20 21 9 29 18 17 37 32 19 0 27 34
11 21 3 10 6 1 35 40 7 16 29 23 30 17 37 38 19 8 28 24 27 13
25 10 9 21 3 4 33 18 22 24 15 42 41 8 0 1 35 36 40 26 7
3 39 7 31 4 22 0 6 1 36 41 21 10 2 23 20 30 37 32 19 28 13
13 21 31 22 6 15 42 1 35 40 41 7 9 2 18 37 19 29 28 38
39 21 5 33 10 31 22 42 1 35 36 41 27 9 29 23 18 16 17 24
5 16 10 30 35 27 36 33 20 22 6 4 32 19 8 0 40 24 23 41
33 7 41 2 37 20 17 6 15 42 32 28 29 0 38 27
10 21 31 22 6 15 35 40 41 27 9 2 23 18 16 37 32
4 30 24 29 31 20 22 15 32 28 35 36 40
22 9 7 2 29 31 30 17 6 8 1 40 27 20
0 21 31 42 35 36 41 7 23 18 16 17 37 32 19 8 28 38
6 15 42 40 20 41 7 23 18 17 26 19 8 28 24
15 35 27 31 42 40 36 16 2 23 30 37 26 28 24
42 21 7 31 1 40 36 27 29 23 20 37 19
18 7 31 28 1 40 36 41 27 9 2 20 16 17 26 19 29
28 24 21 2 23 7 31 32 19 36 27 38
1 16 9 29 24 32 19 30 35 36 23 26 21
35 31 40 20 21 8 29 23 17 19 32 2 24 26
36 21 40 9 2 23 17 8 24 26
20 30 9 7 2 31 17 19 29 26 37
41 30 7 2 16 17 19 24 23 38
21 31 7 38 2 30 32 24 27 26
30 16 29 23 31 17 37 32 40 27
9 16 24 37 32 19 8 40 38
29 31 38 2 40 16 17 26 19 8
23 31 7 27 16 2 17 19 8 24 26
40 16 17 26 19 38
2 24 19 38 27 26 7
16 26 31 7 37 32 8 38
17 31 32 37 26 27
37 32 8 27 7
31 27 32 24
38 8 26 19 24
19 27 8 32 24
8 32 26 7
7 27
24 32 27 26
27 26
26
32
