#kunkel.py
# GMT Wed May  1 16:32:59 2019
# 
10 22 13 9 11 3 2 39 33 31 4 16 42 26 19 28 1 35 24 41 7
12 14 26 7 3 39 33 31 4 22 15 1 35 36 40 21 11 2 32 8 28 27 38 13
34 14 21 5 33 31 22 15 42 1 40 36 25 7 8 9 2 20 30 17 37 26 19 29 24 38
11 22 7 3 29 23 33 14 16 17 37 19 8 0 1 40 36 38 21
25 14 24 7 39 5 33 18 22 15 42 32 19 8 28 26 40 4 25 13
3 9 26 5 33 37 4 24 6 15 42 41 19 8 1 40 18 27 7
21 5 22 6 42 7 26 40 36 20 41 27 2 23 16 37 32 19 29 28
39 27 33 4 22 0 6 26 36 41 2 20 30 17 37 32 19 28 24 38
8 16 14 29 37 4 30 24 6 42 41 2 0 35 36 40 32
33 5 14 31 42 1 35 36 20 41 27 2 23 18 30 37 26 29 28 24
31 27 2 5 14 4 22 40 6 9 29 1 35 24 20 13
4 7 5 6 42 35 2 23 40 30 17 37 32 19 29 13
22 14 6 42 1 35 36 41 7 29 18 16 17 26 0 32
0 30 29 18 17 37 15 42 32 28 1 35 36 38 20 41
6 14 7 1 40 36 41 27 29 23 37 32 2 28 24 38 13
15 28 14 7 2 16 17 37 9 42 38 19 1 20 27
42 24 7 2 5 37 32 41 18 38 13
18 16 7 2 23 28 17 19 1 35 24 27 20 41 13
1 26 35 36 20 27 30 9 2 16 32 19 38 13
35 27 16 9 29 14 30 37 32 19 28 24 26
36 16 30 5 37 28 41 38 24 27 20
40 16 14 30 9 41 37 26 38 20
41 28 30 29 16 17 26 19 2 24 38 13
7 5 20 9 2 16 17 32 19 24 13
30 14 32 20 9 16 17 37 26 19 24 13
5 9 29 23 16 32 19 28 38 20 13
9 16 17 32 26 24 27 13
29 16 28 2 23 17 19 13 20
2 26 14 27 23 17 19 38 13
14 17 26 28 24 27 37
20 23 17 37 19 24 38 13
16 23 17 32 19 28 27 13
17 26 27 23 37 38 32
37 27
38 32 23 19 28 26 13
19 13 24 27 32
32 27 23 28
28 23 26
24 27 23 13
27 23 13
23 26
26 13
13
