#kunkel.py
# GMT Wed May  1 16:27:16 2019
# 
10 14 37 11 39 33 31 4 30 0 6 15 41 32 28 1 40 18 38 25 34 27
12 26 11 3 39 31 0 15 42 1 40 25 41 7 2 23 16 32 8 28 24 34 13
26 14 7 3 33 31 4 0 15 1 35 36 20 41 29 23 25 30 34 28 24 38 13
11 27 25 3 39 5 4 6 15 42 1 35 20 9 29 18 30 8 28 24 13
3 14 35 39 33 22 1 40 18 20 7 2 23 25 17 38 19 29 0 24 34
21 14 34 7 29 5 33 31 4 16 17 6 42 32 19 8 28 1 38 0 41
39 35 33 31 4 15 40 36 25 41 7 9 29 23 16 17 37 34 19 28 38
7 14 35 5 33 4 15 42 1 40 25 27 16 9 2 20 30 37 32 8 0 13
33 28 14 5 31 25 17 37 41 19 8 38 1 40 27 20
31 34 14 4 22 6 15 35 20 41 27 29 25 17 37 32 8
4 20 2 23 5 18 30 17 37 15 41 32 29 38
22 27 5 6 1 35 40 41 8 2 23 18 17 37 32 19 29 28 24 38 13
28 34 29 5 23 37 15 32 8 1 40 36 35 20
6 25 15 42 35 36 20 41 9 29 23 18 16 17 32 8 24 13
15 42 1 35 36 40 27 9 29 23 18 30 8 0 38 32
42 14 25 1 35 40 41 2 23 18 30 17 37 29 0 24 34
1 8 36 20 41 16 9 29 30 17 19 2 24 27
40 25 14 20 41 27 29 23 18 37 19 8 13
13 34 35 29 5 37 18 9 32 19 0 36 38 25 41
25 35 20 16 9 38 2 30 32 29 0 27
41 35 9 2 23 30 17 19 8 0
27 2 14 36 30 9 29 23 16 17 32 8 0 24 34
16 14 29 5 18 24 9 34 8 35 36 38
5 30 29 23 17 37 32 0 35 18 20
36 14 2 8 37 20 17 19 29 0 35 24 23
20 14 34 9 29 23 30 32 19
29 9 2 18 17
34 30 14 18 17 38 8 0 24
14 2 23 18 38 19 0
9 17 2 37 23 32 38 19 35
18 35 30 38 23 32 2 8
30 24 2 19 8 0 35
17 23 37 32 2 24 38
37 2 32 19 8 0
32 23
19 35 2 23 38
2 35 8 0 24 38
0 23 38 8
24 23
35 38
23
38 8
8
