#kunkel.py
# GMT Wed May  1 16:17:50 2019
# 
10 14 34 11 3 5 33 31 26 40 36 35 21 9 2 17 37 32 19 8 0 24 27 38
12 14 9 7 3 2 39 8 22 17 37 12 13 38 19 29 0 1 36 28 26 27
34 7 3 33 28 42 1 35 36 20 41 9 2 23 18 17 32 19 8 0 26 13
11 22 9 27 3 29 39 23 4 16 17 42 41 19 8 28 36 25 38
3 7 22 42 1 35 36 20 21 29 40 25 16 32 8 28 24 38 13
39 14 5 22 35 20 41 21 16 2 25 30 37 38 19 8 28 24 27 26 13
5 14 21 25 4 6 15 42 35 36 40 7 9 18 16 37 32 19 24 38 13
33 16 27 2 23 14 18 22 37 42 32 0 20 38 13
14 30 21 29 31 20 22 17 6 40 32 0 1 35 13 25 27
31 16 9 21 2 23 18 22 24 6 13 32 19 29 0 36 38 25 26 7
22 25 2 23 18 16 24 42 41 19 1 35 4 38 7
28 6 15 42 26 40 36 20 21 29 25 30 38 19 2 0 24 13
6 8 9 21 24 2 4 18 16 17 13 29 35 36 40 27
15 8 36 20 21 2 23 18 30 17 37 4 41 29 1 40 24 25 26 7
42 16 18 21 2 4 17 0 32 1 36 20 26 7
18 8 7 29 23 17 32 19 2 0 40 36 26 27
7 1 40 36 41 9 2 23 17 37 19 8 24 38 32
26 21 4 40 25 41 27 9 29 23 30 19 8 24 38
40 37 29 16 17 19 2 35 24 20 21
36 9 21 16 19 1 35 25 41
35 27 4 20 41 30 2 23 16 37 32 19 29 13
41 30 9 20 2 4 13 8 0 23
21 24 37 4 0 32 8 1 23
30 9 17 20 16 37 38 19 8 0 24 23
9 37 17 23 20 24 2 0 1 25
20 27 4 1 25 23 17 37 19 8 13
29 17 38 19 13 32
2 4 1 27 37 0 24 13
1 16 4 17 37 8 24 25
25 4 23 16 17 37 32 0 24 13
16 23 17 19 32 37
17 4 23 32 8 0 24 27 38
37 27 23 32 0 38 13
4 27 23 32 19 8 0 24 13
32 23 8 0
19 23 8 0 24 27 13
8 38 0 27
0 24 13
24 23 27 38
27 23 38
23 13
38 13
13
