#kunkel.py
# GMT Wed May  1 16:12:03 2019
# 
10 14 27 33 31 15 42 1 35 36 20 41 16 9 2 23 18 30 17 37 34 19 8 26
12 35 7 3 21 39 33 4 22 6 42 1 40 36 25 27 16 9 23 20 30 34 8 0 24 38
27 11 33 31 4 22 6 15 42 1 35 25 41 7 2 23 40 30 37 34 19 29 0 26 32
25 14 3 29 23 5 33 31 4 16 37 42 8 28 1 36 41 7
3 11 39 31 4 22 6 42 1 35 36 40 41 23 16 37 19 8 28 24 34
13 30 9 11 29 39 0 40 31 18 16 17 15 42 23 2 28 1 35 24 20 38
39 11 33 31 4 22 15 1 35 20 41 21 16 29 23 18 30 17 37 32 19 8 24 34
5 16 9 7 34 33 37 20 22 6 15 42 18 19 8 28 36 32 11
33 11 14 4 28 6 40 20 41 21 9 23 16 37 38 19 7 26
14 35 7 31 4 22 6 15 42 40 36 20 11 29 23 18 30 17 38 24 34
31 9 20 11 18 2 4 16 37 32 8 0 40 38
22 42 1 40 41 11 9 38 2 23 18 17 37 32 0 24 34
0 16 30 2 4 18 17 6 15 38 8 37 1 36 20 41
6 16 7 29 23 30 15 42 32 19 28 35 38 20 34
15 7 4 42 1 35 20 9 23 40 18 16 17 32 24 26
42 2 1 20 7 30 9 29 23 16 32 8 24
28 26 11 21 29 23 18 32 19 38 1 35 24 41
1 7 36 41 21 38 29 23 18 30 32 26
35 2 8 18 30 17 26 29 40 24 23 41
36 11 4 20 41 7 16 9 2 23 30 26 8 24 34
20 37 2 4 24 18 26 40 34
41 11 7 40 9 29 30 37 32 19 24 34
21 7 2 18 16 17 37 32 40 24 38 23 26 11
11 30 2 7 24 9 38 8 40
16 40 2 23 30 37 34 38
9 34 4 40 7 29 18 32 19 8 26
38 4 7 30 18 17 37 34 19 8 24 26
29 7 17 2 18 23 4 26 19 8
2 30 7 4 17 18 19 34
23 18 17 37 32 19
40 40 17 32 8 24 34
18 7 4 8 34 19 24
30 34 7 37 19 8 26
17 37 34 19 26
37 19 26 4
4 34 8 26
34 32 19
19 7 26 8
8 24 26 32
7 26
24 32
26 32
32
