#kunkel.py
# GMT Tue Apr 30 23:52:44 2019
# 
1 7 41 27 9 6 13 11 18 4 0 16 30 24 21 3 19 35 25 40 36 22 14
23 30 40 38 3 24 25 33 9 14 6 13 11 29 2 32 36 17 15
7 15 26 8 28 9 37 6 20 4 12 16 2 21 3 25 27 35 13 29 36 17 10
27 24 21 38 2 8 19 34 33 9 3 13 29 31 4 40 36 22 10 18
38 17 28 9 37 42 2 34 4 39 16 24 21 19 33 32 5 29 25 22 36
15 30 5 21 41 3 35 19 14 16 37 36 25 11 10 34 4 9 22 18
26 30 24 20 0 8 17 19 28 9 5 11 29 39 32 40 35 22 10 18
24 28 37 6 21 18 34 29 41 40 20 36 3 25 8 33 16 5 13 39 14 10
35 30 40 20 0 2 8 19 28 9 5 6 42 18 31 14 32 12
31 40 21 0 19 8 33 9 13 29 2 4 32 12 14
39 30 40 20 41 25 16 37 42 34 4 0 12 22 19
28 20 41 40 19 5 21 42 18 2 34 14 12 17 10
9 37 6 42 18 34 4 41 12 0 25 16 10 29
37 30 12 19 42 6 13 11 29 2 34 41 16 10 18
6 40 21 3 8 25 22 11 34 4 42 12 17 32
13 30 5 21 41 3 8 33 16 42 14 0 12 17 11
11 30 40 20 0 14 25 33 5 3 18 4 12 10 29
18 10 2 34 32 30 21 3 19 8 16 29 25 42 14 22 36
2 34 32 12 30 0 3 22 29 33 10 36 17 14
34 30 0 41 25 5 12 22 14
4 30 40 20 3 33 29 0 16 12 22 10
32 40 20 3 22 29 21 42 41 12 17 14
12 8 41 0 21 25 33 10 42 14
20 30 3 19 41 42 5 0 29 36
10 41 40 19 22 33 5 25 42 17 36
30 40 8 19 33 42 16 36
40 21 42 5 14
0 41 22 21 16 42 14 17 36
21 42 19 8 22 33 16 29 25 14 17 36
3 41 19 14 5 33 16 29
25 41 22 33 5 29 36 17 14
41 8 17 29 22 36
8 19 5 42 36
22 19 36 42 29
33 19 29 42 5 17 36
16 19 5 29 14
5 19 42 29 36 14
29 42
19 42 14
42 36 14
36 14
17 17
14
