#kunkel.py
# GMT Tue Apr 30 23:45:50 2019
# 
23 30 7 12 41 15 8 28 16 37 13 10 1 34 4 32 38 35 22 14
7 38 15 8 34 28 9 37 4 13 31 32 0 16 24 21 19 35 5 40 22 14
41 0 12 15 27 14 25 31 8 9 37 3 11 18 1 34 4 38 29 10
15 30 40 3 17 28 4 5 13 33 2 34 0 32 38 12 22 36 14
26 24 20 0 3 8 17 19 31 33 16 14 13 11 29 1 34 32 2 25 22 10
8 10 21 38 25 29 11 16 37 36 42 18 31 32 12 14
17 0 31 28 9 20 11 1 34 4 39 30 24 21 25 33 35 5 42 22 14
34 27 9 6 13 42 18 1 31 39 38 21 3 19 35 5 10 25 36 14
39 30 24 20 0 40 28 16 5 29 12 9 22 19
28 38 24 16 9 37 20 42 18 2 32 12 30 40 0 21 3 33 35 5 13 10
9 30 12 27 22 33 16 37 6 2 4 38 35 36
37 38 24 35 16 14 13 42 18 31 12 22 29
6 35 24 20 38 3 27 14 16 5 21 18 2 31 4 32 10
13 30 24 20 27 25 5 35 18 1 4 32 12 36
42 40 21 3 19 33 35 25 11 2 32 12 22 36
18 30 40 21 1 25 36 33 2 31 0 38 10 19 29
1 20 0 27 25 22 33 35 5 2 4 29
32 10 31 4 0 12 24 3 19 27 5 29 40 22 14
4 27 20 31 0 16 2 30 24 21 3 35 10 40 36 14
0 30 19 5 11 31 25 10
38 31 20 11 24 21 3 27 33 29 36 10
12 24 21 25 27 40 10 22
2 27 31 16 30 40 20 3 19 33 24 10 25 11 22 29
3 20 29 5 33 31 16 10
30 24 40 25 14 16 5 31 29
24 27 11 16 25 22 35 29 36 14
35 21 33 40 19 29 11 25 10
21 31 16 40 19 33 5 29 11 36 14
19 40 25 11 16 14 10 29
31 20 25 33 5 29 36 14
27 5 11 29 20 36
29 20 16 40 14
33 40 11 14 10
16 20 22 14
5 22 36 14
11 40 25 36
10 25 22 14
25 20 22 40
20 40
40 14
36
22 14
14
