#kunkel.py
# GMT Tue Apr 30 23:41:49 2019
# 
35 30 24 7 20 36 40 34 5 6 21 11 18 31 4 32 27 12 17 10 29
23 38 26 27 9 37 6 18 39 31 4 41 12 24 20 22 33 5 10 32 40 17 36
7 0 15 40 17 28 21 18 1 31 32 12 24 20 3 25 16 5 13 39 22 36
0 30 40 21 38 2 26 19 41 42 5 33 16 37 11 10 1 34 32 17 29
15 41 1 26 28 6 13 11 18 2 31 32 24 20 3 19 33 16 10 14 22 36
26 30 24 8 16 5 37 13 11 2 31 32 38 12 3
8 41 1 40 39 28 37 13 42 2 34 4 38 12 30 24 19 16 5 29 32 25 17 36
31 28 9 37 13 42 2 39 32 20 3 19 33 5 29 25 14 36
16 38 9 37 6 42 2 34 4 39 30 40 3 19 33 29 32 14 17 10
28 41 34 9 37 6 20 42 1 32 2 30 24 21 33 13 29 14 36
9 40 20 3 25 42 5 33 37 21 11 39 4 41 13 14 10 36
37 38 24 41 5 6 40 18 34 4 12 17 10 14
6 1 38 27 13 42 18 39 34 32 41 24 20 19 33 5 22
13 41 1 4 39 2 38 40 21 25 27 33 29 22 14
11 24 21 38 3 25 41 5 18 29 2 4 14 17 10
18 30 5 21 27 19 22 33 29 14 38 12 36 17 3
1 24 21 19 14 10 34 4 32 25 12 17 20
34 41 24 21 38 3 40 33 32 4 22 36 10 14
4 30 40 20 3 5 33 29 32 42 38 22
32 41 12 2 38 24 20 3 25 33 29 40 36 10
38 5 21 42 39
12 30 24 20 3 19 27 22 33 42 17
2 30 24 21 19 41 5 33 22
3 41 39 29 17 36
41 21 24 20 19 27 33 5 10 14 17 29
24 17 40 21 19 33 39 25 22
21 19 22 36 17 14
29 40 17 27 39 22 10 14
20 30 40 33 19 5 39 25 14
30 19 27 5 25 17 10
19 33 39 10 14
27 17 25 33 5 14 22 10
42 5 10 36 14
22 36 5 39 17 14
33 39 40 14 10
39 5 25 17 36 14
5 25
10 40 17 14
25 40 36
40 36
36 17
17 14
14
