#kunkel.py
# GMT Tue Apr 30 23:37:00 2019
# 
1 30 41 8 25 16 33 9 37 13 11 2 36 4 39 35 17 14
30 7 0 26 24 28 37 6 2 36 32 12 15 40 21 3 19 33 35 5 29 25 14 10
7 24 0 3 8 22 41 29 33 9 23 18 2 31 32 39 36 17 10 14
38 23 0 15 8 28 37 6 13 42 4 41 16 10 40 20 3 25 27 35 5 29 11 14
15 40 20 41 3 8 31 28 16 24 10 2 34 4 17 29
26 37 20 23 3 8 28 16 5 6 11 29 2 36 4 32 9 17 10
27 41 23 24 31 28 32 5 11 10 2 34 4 0 12 14
39 41 8 9 37 6 13 42 18 2 34 12 40 3 19 16 29 25 11 17 36
34 24 21 0 17 28 6 40 42 29 2 31 4 22 3
16 24 41 2 8 19 42 28 9 5 11 18 31 0 25 10
24 42 41 33 19 28 9 6 13 11 10 4 0 25 12
28 19 6 3 13 42 10 2 4 11 17 36
9 23 17 37 13 11 2 0 35 21 3 25 33 5 10 42 22 14
37 0 8 6 21 11 2 32 12 40 20 19 41 33 5 25 42 36 29
4 40 21 41 8 22 5 6 13 11 33 20 10 14
13 8 6 21 11 18 32 41 35 40 20 3 19 29 42 17 36
11 23 8 42 18 2 31 41 20 25 29 32 17 10
18 35 41 8 17 19 33 6 2 32 23 25 12 22 36 14
2 23 21 42 31 0 35 20 25 33 5 22
31 23 21 32 0 12 35 40 20 33 5 29 42 14 22 36
32 40 21 23 25 36 6 29 10
23 40 35 3 19 5 36 0 41 12 17 10
12 40 0 29 35 14 17 36
41 17 35 0 20 19 8 14 22 36
40 5 20 33 35 42 14
0 17 35 20 3 25 33 22 14
20 6 42 29 21 19 5 10 14 17 36
3 33 5 6 10 14 17 36 29
6 42 21 25 33 35 14 22 36
19 21 5 42 33 14 17
21 5 8 33 10 17 36
8 10 33 17 36
29 33 36 42 22
22 35 33 17 10
33 25 36 10
35 17 36 14
5 25 42
10 17 14
25 42 17 14
42 17 14
14 36
17
36
