#kunkel.py
# GMT Tue Apr 30 23:33:36 2019
# 
23 7 38 8 28 37 6 13 42 2 31 4 39 35 30 24 20 3 25 16 29 22 14
7 0 27 9 37 6 21 11 31 38 30 24 20 3 19 42 16 5 13 40 14 22 36
41 24 21 0 2 8 19 37 27 16 5 6 1 39 9 22 36
15 30 35 0 2 26 3 31 29 9 37 6 10 1 19 4 32 25 22 14
26 24 20 9 3 8 19 29 33 16 6 11 28 1 32 14 17
8 40 20 0 3 19 29 28 16 6 21 10 34 32 39 25 9 17 14
39 30 25 34 42 9 37 13 11 18 31 4 32 38 36 10
34 0 28 9 37 13 42 18 1 4 32 38 16 30 21 3 19 27 35 14 22 36
24 10 1 27 37 6 21 2 38 12 30 40 20 3 25 16 5 29 14 22 36
28 30 21 0 35 5 6 13 42 29 14
5 40 20 38 3 19 9 6 42 29 2 25 4 32 35
37 10 27 31 9 13 11 4 12 30 25 29 32 40 14 22 36
6 13 18 1 32 12 30 21 27 33 35 29 40 10
21 40 20 19 22 16 13 42 29 1 4 35 17 14
42 30 40 0 3 27 19 22 16 10 1 32 4 17 36
18 40 20 0 3 27 19 31 29 9 22 35 13 10 16 17 14
1 20 38 27 19 22 16 2 4 25 35 17 14
32 0 31 11 4 38 12 30 40 20 3 25 35 29 17
4 0 27 13 11 2 38 12 20 30 40 3 29 14 22 36
38 35 0 2 40 9 13 11 10 31 29 3
12 40 19 27 16 13 10 2 25 9 22 36
16 20 30 3 33 35 13 40 14 22 36
2 20 19 27 33 9 36 13 10 25 17 29
30 35 20 19 31 11 9 22 14
40 0 29 9 13 10 36 22
0 3 27 29 10 36 14
20 9 13 3 27 33 29 14 22 10
9 31 13 11 3 25 27 33 35 17 36
3 25 27 33 35 29 22 36
19 31 11 17 25 27 33 29 22 36
31 27 33 13 35 17 10
27 11 33 35 17 14
22 35 11 33 13 25 36 17 14
33 35 36 33 13 11 29 14
35 11 25 10 36
14 25 29 36 10
13 11 36
29 11 17
25 11 17
11
36 10
17 10
10
