#kunkel.py
# GMT Wed May  1 19:49:23 2019
# 
10 14 12 21 3 39 5 33 31 4 22 42 40 36 20 27 2 23 25 30 37 26 8 24 38 13
12 11 3 21 31 22 28 6 15 42 1 40 36 20 41 7 2 25 17 32 29 0 27 38
35 11 29 7 3 33 4 15 42 1 40 20 21 9 2 23 25 30 17 37 19 8 28 38
21 11 3 39 5 33 14 4 6 15 1 36 41 2 16 17 37 19 8 24 13
3 7 5 14 31 6 15 42 1 40 41 23 20 30 38 19 0 24 34
39 26 11 25 5 33 31 4 28 15 7 1 20 41 9 18 16 37 38 19 0 24 34
5 7 6 15 42 40 36 20 27 16 9 2 23 18 30 19 28 24 26 13
33 34 6 15 36 20 7 9 2 23 40 18 16 17 32 19 29 28 26
31 16 26 11 14 30 23 37 9 32 0 1 24 36 27 20 38 7
34 30 9 7 29 23 18 22 17 37 15 42 8 0 1 40 20 26 13
4 16 9 36 2 22 17 6 13 32 19 8 1 24 27 38 11
22 20 7 2 23 8 17 15 42 32 19 29 0 1 36 38 25 27
0 9 30 20 11 2 18 17 37 15 42 41 23 36 25
6 29 24 41 9 42 32 38 7 28 1 40 36 27 26 13
15 15 40 7 11 9 2 25 16 17 37 32 26 13
42 11 13 14 26 36 40 41 9 29 2 30 17 19 8 24 38 32
18 14 11 28 1 40 36 25 41 7 16 38 23 30 17 32 19 24
28 11 29 30 17 37 7 32 2 38 24 27 40 41 13
1 26 40 27 20 16 17 37 32 19 8 38
40 11 25 14 36 20 27 23 16 17 26 19 8
36 17 29 14 24 23 26 7
32 11 7 27 2 30 17 38 19 24 26 13
20 27 25 41 7 11 9 2 23 19 13
41 11 25 41 7 9 29 23 16 19 8 27 13
27 16 26 11 30 9 8 25 37
11 14 16 29 23 30 8
16 29 30 23 37 13 8 14 25
9 14 2 17 19 8 24 37
29 14 25 30 38 2 23 19 8 24 26
2 14 38 37 19 26 13
14 30 23 24 13 19 37 25
25 23 30 17 37 26 19 8 24 38 13
30 8 7 26 13
17 23 37 24 13
37 7 38 8 24 26 13
26 23 19 8 24
19 38
8 23 24
7 38 13
24 38
23 38
38
13
