#kunkel.py
# GMT Wed May  1 19:49:23 2019
# 
14 30 10 12 27 36 3 2 39 29 37 4 16 17 6 19 8 0 1 40 24 23
12 12 27 33 31 22 6 15 42 1 35 25 9 29 18 30 17 37 10 8 26 13
34 16 10 9 21 24 29 23 18 22 17 42 38 19 8 28 1 35 36 25 41 7
27 9 20 21 2 23 10 4 16 6 15 38 19 8 28 1 40 25 26 37
31 11 3 39 33 22 6 42 1 35 36 40 41 7 23 18 30 17 37 32 19 8 24 38 13
3 11 39 33 15 35 36 25 21 9 20 2 40 18 10 37 19 29 0 24 26 13
39 21 5 22 6 15 40 20 11 30 9 2 23 18 16 32 8 28 24 26
8 35 11 10 22 28 15 1 40 25 21 29 26 0 16 37 32 19 7
33 21 4 15 35 25 41 16 9 2 40 20 30 17 37 38 19 0 26 32
10 30 36 2 5 4 16 17 6 32 19 28 35 24 25 11
4 11 25 7 0 6 15 42 1 35 36 40 9 23 18 30 17 26 28 38
22 9 11 24 29 5 18 30 17 32 28 0 35 36 25 26
28 30 2 18 23 37 15 32 38 26 40 20 41 7
6 20 11 36 5 16 24 15 42 26 7 35 0 41
15 11 42 7 25 41 21 2 23 20 17 29 0 24 13
42 11 36 2 30 17 13 18 29 37 1 40 24 20 41 21
18 7 5 35 25 41 32 29 40 30 37 38 19 2 13
7 26 1 35 20 41 36 24 2 23 40 25 17 38 19 0 13 32
1 20 21 36 29 16 13 9 32 40 24 35 38
40 11 5 35 25 41 21 29 30 38 2 26 13
36 30 16 29 37 5 41 38 25 26 13
32 16 21 5 0 37 19 35 13 20 26 11
35 21 5 2 25 9 29 17 0
41 9 29 23 0 30 24 25 26 37
21 5 25 16 20 30 17 19 24 38 13
11 11 5 25 9 2 16 17 29 0 24 38
16 2 26 20 38 29 23 30 19 0
5 9 2 30 17 37 13 38 24 25 26
9 20 24 2 17 26 0 13 23
20 29 0 19 17 13 23
2 0 30 17 37 38
23 26 25 30 17 37 38 19 24 13
25 26 19
30 17 19 29
17 29 19 24 38
37 38 29 19 0 26 13
38 26 0 24 13
19 26 0 24
29 26 13
0 26 24
24 13
26 13
13
