#kunkel.py
# GMT Wed May  1 19:48:51 2019
# 
10 10 12 21 3 39 14 4 6 15 42 1 40 25 9 2 23 17 37 32 19 8 0 34
12 21 3 7 33 31 4 22 0 15 1 35 20 27 38 2 16 26 19 29 28 24 34
26 14 7 39 5 33 4 22 0 6 15 42 1 25 41 27 8 29 23 18 16 17 37 2 28 38
21 7 3 39 22 6 42 1 40 35 41 9 20 29 23 18 37 32 0 24 34 13
31 14 7 25 3 39 5 4 1 40 36 35 41 2 23 18 30 17 37 19 29 28 38
3 7 39 5 33 22 6 40 36 25 41 16 2 23 18 30 37 38 29 24 34 8
39 11 33 14 42 36 20 9 2 23 18 16 17 32 19 29 0 38 13
5 14 27 5 33 6 42 40 36 9 38 29 30 17 37 32 8 24 34 13
33 14 11 25 4 15 42 36 20 41 9 2 18 30 38 19 0 34
14 7 4 22 1 35 36 20 41 27 9 2 18 16 37 32 8
4 34 7 22 0 6 42 40 36 27 16 9 2 30 32 28 24 13
22 11 7 15 42 35 41 27 9 38 29 23 18 30 28 34 13
28 30 11 2 23 37 9 41 32 19 8 7 35 25 38 27
6 9 11 13 23 16 0 41 15 32 7 1 40 36 27
15 11 35 25 27 16 20 23 18 30 17 32 19 8 0 24 13
42 11 24 29 37 41 19 0 1 35 36 23 34 27
18 11 7 35 20 38 25 30 32 8 0 27 34 13
27 11 2 9 24 32 19 8 20 38 13
1 16 20 2 23 30 38 19 29 37 36 25 34 32
40 16 9 2 30 17 41 38 19 29 35 24 20 34 11
36 7 35 20 2 25 17 37 32 19 8 0 24 34
25 24 7 29 23 0 37 32 8 38 20 11
41 16 9 2 0 17 30 38 35 7
7 35 11 9 29 2 16 34 19 8 0 24
11 9 20 29 0 23 17 24 34
30 20 2 23 16 17 37 32 19 34 13
9 20 29 23 17 19 8 0 34
38 29 16 17 19 8 0 13
29 16 2 20 17 24
2 20 23 17 19 8 24 13
23 20 37 19 8 13
20 35 8 24 34
16 37 17 13 24 35 32
17 8 35 37 24 34 13
37 0 34 8 35
32 13 19 8 35 34
19 0 34 13
8 35 0 24 13
0 13
24 13 35
35 34
34 13
13
