#kunkel.py
# GMT Wed May  1 19:48:35 2019
# 
14 11 0 12 20 21 23 5 18 22 17 37 15 42 8 28 40 4 25 26 27
12 7 3 39 5 33 4 6 15 35 36 25 16 9 23 20 30 17 19 0 24 26
35 10 7 15 1 40 36 20 41 27 9 38 2 23 18 30 17 32 29 24 26 13
11 27 3 39 10 4 22 28 6 42 1 40 25 41 16 29 18 30 37 26 0 24 38
25 41 3 29 31 30 24 37 15 42 32 19 8 28 40 36 20 34 7
3 10 26 39 5 4 22 15 1 40 41 21 2 23 20 16 32 24 34 13
13 22 34 9 7 29 23 5 31 4 30 17 6 42 16 8 1 18 20 26
39 30 21 36 2 23 33 4 22 6 9 34 19 28 1 40 24 26
5 21 33 22 6 42 1 36 20 41 7 9 38 29 18 30 32 8 0 24 27 34
33 10 27 36 2 31 4 16 17 6 9 42 8 0 24 20 41 37
10 21 4 22 28 6 42 26 36 40 7 2 30 17 32 8 0 27 38
34 21 31 4 6 42 1 40 36 7 9 18 17 37 32 19 8 38
4 31 22 15 42 1 40 36 21 30 9 16 17 37 38 8 7 32
22 21 6 42 1 36 20 41 27 9 2 23 30 37 32 19 29 26
28 9 24 2 20 17 15 42 32 19 8 0 40 36 27 41 7
6 21 31 1 7 9 2 18 30 17 32 19 8 24 27
15 31 0 42 1 36 9 2 23 40 37 32 19 29 24 38
42 24 31 29 17 18 2 7 1 21
7 27 31 0 26 16 23 20 30 37 32 19 38
1 20 41 2 40 30 17 37 19 29 0 38
40 16 29 30 26 19 8 36 23 32
36 27 31 0 8 9 29 30 37 26 2 32
20 0 41 21 2 18 16 17 37 32 29 26
41 31 0 27 38 2 23 18 16 17 32 19 8 24 26
21 30 24 38 2 31 16 37 18 26
30 31 0 29 18 17 19 24 27 38
9 27 29 37 17 32 0 38 23
29 2 23 31 16 18 8 27
2 16 31 18 32 27
23 16 31 18 37 32 38 26
18 8 31 19 0 26 24
16 8 17 37 38 19 0 27
17 27 19 0 24
37 38 32 19 0 27 26
31 27 26 8 0 24
38 26 32 19 8 24 27
19 26 0 27 24
8 27 8 24 26
0 0 26
24 32
27
26
32
