#kunkel.py
# GMT Wed May  1 19:52:37 2019
# 
14 14 7 5 33 31 22 6 42 35 20 41 27 8 2 25 30 17 37 32 29 0 26 13
12 10 35 27 3 5 31 28 6 15 40 25 41 9 20 2 18 30 37 32 19 8 0 34
34 30 21 29 39 9 22 23 6 15 16 38 0 26 35 36 25 41 7
7 32 39 5 10 15 42 1 35 36 25 41 2 23 18 30 37 28 24 38 13
3 21 25 5 4 22 6 15 42 40 36 35 16 9 29 23 18 30 32 19 24 26 13
21 16 10 9 11 13 40 33 31 4 22 17 15 42 38 35 36 25 27
39 25 5 33 4 22 0 1 40 36 20 9 2 23 18 16 17 19 28 24 13
5 11 5 33 31 22 1 36 25 16 23 18 30 37 10 28 27 26
33 9 20 29 6 31 4 30 17 37 42 10 28 1 40 25 38 11
31 10 22 0 15 1 35 40 11 9 2 16 32 19 8 28 24 27 38 13
4 2 11 22 6 15 1 40 36 25 41 27 9 29 18 16 37 32 8 24
22 41 30 17 6 42 26 19 8 32 27 25 13
28 10 9 35 29 23 20 24 37 42 32 1 40 36 38 11
6 11 8 10 42 26 35 36 27 9 2 18 30 19 29 0 38
15 11 10 9 2 23 8 36 37 42 26 29 1 35 18
42 26 10 1 9 23 16 17 37 32 19 8 24 38
16 24 11 13 23 37 26 19 2 0 1 36 27 25
1 10 26 35 36 25 27 9 29 18 32 19 8 0 38 13
35 11 20 9 23 30 17 38 0 27 26 13
18 26 11 40 20 41 27 2 23 17 32 29 38 13
20 11 2 0 10 30 17 37 9 32 8 13 40 27
41 10 26 36 11 9 38 2 30 17 32 19 29 0 24 27
27 40 11 9 10 37 26 19 24 38 13
11 30 24 2 23 0 32 19
8 9 30 37 2 23 19 17 10 0 24
9 36 2 23 25 38 13
38 36 40 2 23 30 17 19 29 24
36 10 26 29 17 37 32 0 24 13
2 25 26 23 17 32 19 13
23 32 13 25 29 30 17 37 0 24
40 10 25 29 30 17 32 0 24 26 13
25 30 17 37 19 29 0 13
30 10 29 17 13
17 17 37 26 19 13
37 10 29 37 32 19 26
19 10 29 32 19 0 24
32 29 0 13
10 29 26
29 0 24 26
0 24 26
24 26
26 13
13
