#kunkel.py
# GMT Wed May  1 19:46:22 2019
# 
10 14 12 7 39 33 31 4 22 0 1 40 20 21 29 23 25 16 37 19 8 28 24 34
12 14 11 3 5 4 22 42 35 20 41 27 16 9 29 25 30 17 37 26 19 7 38 13
35 11 3 39 31 4 22 6 15 20 41 27 30 2 23 16 17 19 8 0 24 34 13
7 11 3 29 39 31 4 30 6 9 13 32 14 1 18 38 34 27
3 14 39 31 22 6 15 42 40 20 41 9 29 18 16 17 37 32 8 28 24 34
39 14 4 6 42 1 40 36 9 20 2 23 18 30 17 37 32 19 0 24
5 14 11 21 33 4 22 6 42 1 20 41 27 9 38 23 30 32 19 8 24 26 13
33 16 27 2 23 14 4 22 17 42 19 29 0 1 40 24 28 26 8
31 9 20 11 21 2 4 16 24 6 32 19 0 1 36 38 40 41
2 14 9 11 29 23 17 37 13 34 19 8 28 1 24 25 15 21
4 11 28 6 1 36 20 41 21 9 23 18 17 19 0 27 34
22 11 21 14 15 40 20 27 29 23 18 17 32 8 28 24 26
28 16 9 21 17 6 15 18 8 38 1 40 36 25 41 27
6 11 25 15 40 20 41 27 38 29 18 16 32 8 34 13
15 34 9 21 23 37 18 0 13 32 29 36 20 38 27
42 14 34 21 42 1 36 25 16 29 23 30 17 26 19 8 0 38 32
1 11 14 20 41 21 9 38 23 18 32 29 26
40 21 14 36 25 41 11 38 23 16 17 37 32 0 34
18 14 26 11 21 36 41 9 23 17 37 38 19 24 34
32 36 20 41 30 29 23 25 16 34 19 24 26 13
20 11 36 25 9 14 30 37 8 24 13
41 21 36 25 27 29 23 17 37 8 0 24 38 13
21 29 11 25 23 30 17 37 19 8 0 13
11 30 36 23 17 13 26
30 14 23 37 8 0 26 36 27 25 34
9 14 25 36 27 29 16 26 19 8 0 24 38 13
26 14 24 37 17 16 19 0 36 34 27
36 16 0 17 8 38 13
29 34 0 8 37 13 27
14 34 25 17 38 0
25 23 16 17 24 25 38 13
16 37 23 17 8 38 13
17 27
37 27 23 19 8 0 34 13
38 27 19 8 24 34
19 34 27 8 0 24 13
8 34 24
0
24 27 23 34
27 13
23 34 13
34
13
