#kunkel.py
# GMT Wed May  1 19:46:12 2019
# 
10 14 12 34 7 3 31 4 22 0 15 35 36 25 27 9 2 23 20 16 17 32 19 8 28 26 13
12 30 9 21 25 29 23 5 33 14 31 16 37 6 19 8 28 1 35 4 40
34 26 11 21 5 33 31 22 0 6 15 1 35 40 7 23 18 17 32 19 28 24 38 13
7 11 3 5 33 14 42 1 35 25 41 21 9 23 30 17 19 8 0 24 27 38
3 14 39 5 31 4 6 42 25 41 9 29 23 18 16 17 37 32 8 0 24 38 13
21 14 35 22 0 6 15 42 1 40 25 11 16 9 20 2 18 30 17 28 24 13
14 11 36 2 23 5 29 18 30 17 15 32 28 8 1 13 26
5 11 29 23 31 4 37 39 32 19 28 1 40 18 20 38 27
33 11 39 31 4 22 6 15 42 25 41 27 2 23 18 30 17 26 8 28
31 25 4 22 0 1 40 36 20 41 30 2 18 16 17 38 19 29 28
4 22 24 25 2 18 16 37 15 32 0 30 35 36 40 38
22 9 26 2 39 18 37 6 8 0 1 40 24 41 15 27
0 30 9 29 23 24 6 13 19 2 36 41
6 11 15 42 1 35 36 25 41 27 38 23 30 26 19 24
15 36 2 39 17 42 32 8 40 24 23 38 27
42 11 39 1 40 35 41 16 9 20 2 23 18 30 37 29 28 27 38
18 39 35 36 20 11 9 38 2 23 16 32 8 24 26 13
1 39 1 36 25 16 9 20 30 37 26 19 8 28
35 25 26 40 36 20 41 27 23 16 17 37 38 13
36 11 25 28 20 9 23 16 32 19 24 26 13
25 39 41 27 2 23 16 37 26 8 38 13
41 39 28 40 11 9 20 17 37 32 19 8 26 13
27 9 2 39 37 32 19 29 38 20 26 13
11 39 40 20 29 37 32 19 8 28 24 13
30 29 39 16 17 38 19 8 20 26
9 39 29 23 16 17 37 32 19 13
38 40 8 2 17 26 29 28 24 13
29 16 24 2 23 17 40 13 39
2 16 24 39 17 28 20
23 39 40 32 19 24
40 39 16 17 37 26 19 32
20 24 39 17 32 19 28 20
16 39 17 37 19 24 26
17 26 19 24 13
37 37 26 19 8 28 32
32 24 39 28 26
19 8
8 39 13
28 24 26 13
24 26 13
39 13 26
26
13
