#kunkel.py
# GMT Fri Apr 19 06:44:34 2019
# 
3 14 41 35 21 27 34 25 9 12 39 20 31 0 2 1 32 13 22 5 38 26
8 41 33 35 22 20 0 12 13 4 23 19 14 11 30 36 29 15 28 39 31 21 10 6 40
41 22 20 25 32 18 23 13 19 37 11 7 21 27 34 9 16 31 36 1 10 40
24 5 22 7 35 21 29 9 42 39 31 0 2 1 6 4 28 37 16 19 26
33 18 17 7 35 34 15 9 28 20 37 19 2 1 10 6 30 23 13 38 40
35 14 17 30 29 27 9 12 5 20 31 2 18 42 23 16 37
15 22 1 0 2 13 23 18 19 37 14 36 27 9 31 32 10 6 26 38 40
12 4 25 0 13 28 23 16 19 37 30 40 21 42 39 32 36 17 38 26
5 16 22 20 0 13 42 18 19 17 14 11 36 29 27 9 28 32 1 37 38 26
20 4 10 25 32 2 18 37 14 11 7 27 34 42 31 1 40
25 14 11 21 29 42 28 32 19 17 1 10 7 4 23 38 26
0 14 17 27 34 39 38 21 10 6 42 37 36 19 26
17 16 2 13 30 23 18 19 37 11 7 21 29 9 28 6 38 40
2 22 18 4 16 19 37 14 11 30 21 29 27 31 1 38 26
13 22 32 18 30 16 19 37 11 7 9 42 39 10 38 40
22 28 34 4 32 30 23 18 37 14 29 42 39 31 6 26 38 40
23 28 1 30 16 37 7 21 27 42 31 10 38 26
18 32 30 19 7 21 9 42 39 1 10 6 40 26
19 11 7 21 29 27 28 39 31 36
37 4 32 16 7 21 34 31 10 37 38 40
14 34 4 16 30 21 42 39 31 32 36 1 6 40
11 4 30 16 7 21 27 34 9 28 31 10 6 38
30 28 16 40 29 42 34 39 10 6
7 4 32 42 16 36 34 28 1 10 6 26
42 21 29 32 9 10 4 26
21 4 36 27 9 31 32 1 6 38
4 27 26 29 28 1 36 38
27 32 16 29 34 9 39 36 10 40
34 32 9 39 10 26 1 6 36 38
9 32 16 39 36 10 6 40 26
28 26 36 32 31 10 29
39 16 32 29 36 10 40
31 32 16 29 10 6 26
32 16 29 36 6
16 26 1
36 29 36 6
1 29 6 38 40
10 29 10 38 26
6 40 38
40 29 26
29
38
26
