#kunkel.py
# GMT Fri Apr 19 06:39:11 2019
# 
3 11 33 36 29 27 15 9 28 39 20 25 8 38 1 6 40 23 18 19 26
0 39 40 33 26 36 4 15 42 5 25 8 37 2 10 13 12 23 6 19 17
41 24 22 20 8 2 18 30 23 16 19 17 14 11 7 36 29 9 31 21 10 6 37 38 26
24 18 8 7 33 35 21 29 15 28 5 20 25 32 12 16 6 42 13 26
33 35 12 25 2 22 19 17 14 21 27 34 42 39 31 8 36 6 38 40
13 32 22 5 20 25 8 30 16 17 7 21 29 15 39 31 36 1 6 37 26
35 42 14 34 21 27 15 9 12 5 20 32 28 40 1 10 6 22 16 37
34 18 14 8 28 7 26 15 22 12 30 32 2 1 6 4 23 16 40
22 12 20 25 8 30 19 37 14 11 29 27 39 32 6 40 38 26
5 11 7 36 29 15 9 12 39 20 31 32 10 6 30 23 16 19
20 28 10 25 8 2 30 23 16 21 4 27 15 42 39 31 1 6 40
25 2 4 23 16 17 14 11 30 7 27 1 10 37 38 40
8 8 4 12 23 18 19 37 14 11 30 21 39 31 32 1 10
12 4 16 19 17 14 11 7 21 27 9 28 39 32 1 38
2 7 29 42 15 31 4 39 38 21 1 10 18 30 19 26
18 4 1 32 30 16 37 11 29 15 9 31 10 6 40 38 26
4 23 16 17 14 7 36 29 27 15 9 28 39 31 21 26 40
23 14 11 28 40 30 29 27 42 1 7 19 17
16 32 19 37 11 7 21 29 42 31 1 17 40
19 30 17 7 36 29 15 9 39 31 1 6 26 38 40
17 28 32 30 11 21 27 9 42 36 1 6 38 26
14 11 30 15 31 9 42 21 1 7 29 26
11 37 21 29 27 9 31 32 36 10 38 40
30 37 27 15 9 28 31 1 6
7 32 37 36 9 42 31 21 10 40 26
42 36 21 15 28 31 10 6 37 26
36 26 28 36 27 31 10 6
29 28 39 15 32 38 1 10
27 31 9 32 28 6 38 37
15 31 1 10 6 38 40
9 10 37 21 39 1 6 38 26
28 26 40 31 1 6 37 38
39 32 21 38 1 10 37
31 21 10 26 38 40
32 21 10 1 6 37
37 37 21 10 6 26 38 40
21 6 40
1 26
10 26
6
26
38 40
40
