#kunkel.py
# GMT Fri Apr 19 06:36:27 2019
# 
3 41 15 22 5 20 25 0 18 30 23 19 14 7 21 29 34 42 39 31 36 1 38 40
28 40 14 41 24 35 21 29 27 15 12 39 10 0 2 1 4 30 37 36 19 26
41 14 11 7 24 13 35 21 27 34 9 5 22 25 26 42 30 23 6 40
24 33 22 5 20 25 12 2 18 4 23 16 14 30 7 21 15 39 31 36 6 26
33 13 15 5 20 32 2 18 23 16 19 37 14 21 29 34 42 39 8 1 10 17
35 14 11 13 29 4 12 20 25 8 2 1 10 18 30 23 6 19 40
15 22 20 25 0 18 30 19 14 11 7 21 29 34 9 31 1 10 38 26
32 12 5 20 25 0 13 4 23 16 19 37 14 11 30 21 29 27 34 9 8 17 38 26
22 11 0 36 29 25 12 39 10 31 8 17 2 1 13 4 16 40
5 7 21 29 27 34 42 5 8 12 1 13 30 16 19 37
20 8 25 0 18 23 14 11 7 21 29 34 9 31 36 1 6 40
25 4 25 2 13 23 16 17 14 21 29 34 9 42 31 6 37 26
0 14 11 30 26 29 27 34 9 8 18 21 42 6 37
12 39 11 26 27 42 31 8 2 10 6 23 16 19 37
17 4 23 16 19 37 11 30 7 21 29 27 39 36 10 6 26 38 40
2 40 7 21 4 27 23 31 8 18 37 16 19 26
18 4 8 13 30 23 16 19 37 14 36 9 1 10 6 38
30 14 11 27 29 9 39 7 23 13 19
23 16 19 21 9 42 36 1 10 26
13 42 39 29 27 34 31 8 1 6 19 40
19 4 8 7 21 27 42 39 31 10 6 40
37 39 11 7 42 34 31 9 10 1 16 38
14 16 29 9 10 4 6 38 26
11 34 4 16 39 7 21 29 27 9 31 1 10 6 40
7 8 16 26 21 29 27 34 42 31 36 1 6 40
21 4 36 42 6 26 40
29 4 27 42 10 6
27 10 36 34 9 31 1 26 38 40
34 39 9 42 8 36 40
9 4 8 36 10 31 16 38
42 1 4 16 36 10 26 38 40
39 16 36 10 31 38 1 6
10 26 36 6 38 40
31 26 4 8 38 1
8 36 4 16 6 38 40
16 4 1
36 4 1 6 38
1 6 26 38 40
4 6 38
6 6 38 26
26 38 40
38 40
40
