#kunkel.py
# GMT Fri Apr 19 06:35:46 2019
# 
3 14 11 24 35 36 29 27 15 31 9 4 5 39 25 2 1 18 40 16 37
8 28 16 24 35 22 25 32 18 30 13 37 11 40 36 29 27 34 42 12 21 1 6 17 26
41 14 11 30 7 33 20 36 29 27 34 42 32 22 0 1 4 28 13 16 19
24 15 20 2 13 30 16 19 37 14 11 21 34 9 42 31 26 18 6 17 38 40
33 35 4 5 20 25 32 2 28 23 16 19 14 11 7 21 27 15 42 39 6 40
26 40 14 28 7 15 29 34 9 22 39 31 0 19 1 4 12 38 26
35 35 15 12 20 25 2 4 23 16 19 17 14 0 7 21 34 32 36 10 6 37 38
34 4 25 13 28 23 18 19 37 14 7 36 29 15 9 42 31 21 1 40 38
4 28 22 5 0 13 12 16 19 37 11 21 42 39 31 32 6
5 1 18 28 21 29 31 9 42 39 20 25 2 10 6 30 16 38 37
10 22 25 32 2 18 30 23 13 19 17 11 21 29 27 15 16 0 36 1 6 40
25 32 15 0 13 28 23 18 17 14 11 29 9 42 39 31 1 37 38
0 30 11 28 7 36 29 27 39 32 17 1 42 19 40
12 11 32 40 29 42 15 9 39 20 31 19 17 13 22 16 38
2 39 7 36 27 15 9 22 20 32 6 18 28 16 38 37
18 15 22 20 16 19 37 14 11 7 36 27 9 42 31 6
28 39 30 40 11 22 20 17 1 7 23 16
23 22 20 13 30 19 17 14 11 21 29 15 9 39 36 1 6
16 1 32 30 19 37 22 7 21 9 6
19 32 13 30 17 14 22 29 27 9 42 39 40
37 22 20 32 13 30 14 7 21 15 42 39 31
14 22 20 13 30 7 21 27 39 36 40 38
11 21 42 15 20 7 13 38 17
30 22 20 7 21 9 39 32 36 38 40
7 22 20 21 27 9 42 36 17 38
20 20 32 42 36 15 39 31 1 38 40
36 13 29 27 42 39 6 38 40
29 13 27 15 9 42 39 31 21 6 38
27 21 15 9 32 38 1 13 17
15 32 22 9 39 40
9 39 17 32 38
42 17 1 6
39 22 31 1 6
22 17 31 1 40
31 17 21 40 1 13 38
32 38 13
21 40 17 6
1 40 17 6
6 17 13 40
17
13 38 40
38 40
40
