#kunkel.py
# GMT Fri Apr 19 06:34:41 2019
# 
3 18 26 11 30 32 24 35 36 27 34 15 12 10 8 21 1 13 17 6 40
28 14 11 41 24 33 35 36 29 15 9 4 20 0 8 38 2 13 30 23 6 19
41 18 24 33 25 0 13 30 23 16 19 17 14 11 7 36 27 34 9 39 10 6 37
24 14 11 35 32 27 34 4 5 39 42 8 7 13 22 37 6 38 40
33 36 14 11 7 21 4 27 34 31 9 25 32 2 10 6 12 13 26
35 22 5 25 13 23 18 19 17 14 7 21 27 34 9 42 31 36 10 6 37 26
15 5 11 30 7 36 29 2 8 39 25 0 12 16 18 21 13 22 6 19
2 22 20 25 0 18 23 19 17 14 21 4 27 42 31 8 36 1 10 38 26
12 20 25 32 13 30 16 37 14 11 7 21 29 9 42 39 31 0 1 17 38 40
5 22 25 8 18 30 23 19 37 11 21 29 27 34 42 0 36 1 40 38 26
1 20 25 0 4 16 19 14 30 27 34 9 42 39 31 8 1 10 6 40 38 26
25 4 8 18 23 16 17 14 11 34 42 39 31 6 38
32 22 20 18 4 23 16 37 11 40 21 29 27 42 31 10 6 17 26
42 22 10 18 23 16 19 17 30 7 29 0 6 40 38 26
18 4 20 23 16 19 37 11 29 9 31 0 10 6 17
30 34 22 20 0 13 19 17 7 21 29 27 39 10 6
23 39 36 27 34 22 20 10 13 37 16 38 40
13 4 22 8 16 37 14 11 7 21 29 39 40 26
19 22 0 16 37 14 11 7 29 27 26 17 38 40
17 4 0 11 21 34 9 39 31 36 38 40
14 4 10 0 37 22 29 34 39 8 38 26
11 4 20 22 21 34 39 36 10 6 38 26
7 22 20 8 16 36 29 27 9 39 31 10 6 40 38 26
20 4 16 37 27 34 39 31 0 10 6 38 26
36 39 27 9 31 26 37 10 40
4 26 27 31 9 6 22 38
27 39 29 31 8 26
34 22 8 37 21 29 9 31 38 40
31 21 9 39 0 22 16
9 26 40 29 39 21 22 37 16
16 26 0 40 29 8 37
39 22 37 10 38
22 8 21 10 40 38 26
0 29 8 10 37 6
8 10 6 21 38 40
37 10 26
21 40 21 38
10 29 10 6 38
6
40 29
29 38
38
26
