#kunkel.py
# GMT Fri Apr 19 06:27:44 2019
# 
3 39 17 28 7 33 35 36 27 9 4 5 31 0 26 10 18 12 23 38 40
32 42 11 41 21 33 20 36 29 27 40 12 22 31 8 2 1 18 30 6 38 37
24 14 0 30 41 35 36 31 9 22 20 25 8 26 1 10 18 28 37 16 40
33 11 30 41 21 15 25 9 12 1 31 37 16 36 10 6 42 23 18 17
13 39 11 28 40 36 29 27 15 12 5 10 31 0 38 21 1 18 30 19 37
35 42 30 16 4 27 15 31 22 39 25 12 2 10 18 28 23 6 37 26
16 14 11 28 41 34 25 4 5 20 31 2 1 10 18 22 6 37
1 11 28 41 29 31 9 22 39 25 38 7 18 4 23 19 26
4 41 22 5 25 0 2 30 19 37 14 11 7 36 27 10 17 38 40
5 41 15 22 20 25 12 23 14 7 29 27 34 9 28 39 10 42 38 40
22 34 20 8 2 18 37 14 11 7 29 15 39 6 40 38 26
25 41 12 20 0 17 11 36 29 34 9 42 39 31 8 10 6 40 26
0 15 20 8 2 30 18 19 17 14 11 21 29 27 34 28 31 10 42 38
2 41 20 2 18 28 19 37 14 11 36 27 15 42 12 39 21 17 38 40
41 30 29 15 9 20 38 10 42 23 19 40
18 20 23 17 11 36 9 39 31 6 38 40
12 20 23 19 37 11 7 21 29 15 39 8 36 6 38 26
23 34 20 8 30 37 14 7 36 42 15 28 39 31 6 40 26
6 8 19 17 14 11 30 7 36 29 15 28 39 31 21 10 40
19 15 30 37 36 29 34 9 42 39 31 8 17 38 40
17 20 30 37 14 11 7 29 34 9 28 31 40 26
14 26 28 27 34 20 8 10 30 38 37
11 34 20 30 7 36 15 39 8 40
30 40 21 29 27 15 9 28 39 31 37 26
7 26 20 21 27 15 9 31 36 10 40 37
15 20 21 27 34 39 10 38 40
20 34 36 29 27 9
36 8 42 21 34 9 28
29 26 39 27 31 8 38
27 39 28 21 9 31 10 38
34 8 42 9 28 39 21 10 38 26
9 37 40 28 39 31 38 26
28 26 8 21
39 37 21 38
31 8 21 42
8 21 8 10 42 38
37 26 42 10
21 42 10 26
10 42 40
42 40 26
40 40 38 26
38
26
