#kunkel.py
# GMT Fri Apr 19 06:24:18 2019
# 
3 42 11 7 33 21 27 31 9 22 5 25 8 12 17 2 10 6 28 13 38 26
28 41 24 4 20 2 18 22 37 14 7 29 27 15 9 42 31 10 6 17 38 40
41 18 14 11 7 33 26 35 21 22 20 25 8 17 36 6 13 30 16 38 40
24 33 35 34 12 20 32 2 13 18 19 27 15 9 42 39 31 1 6 40 38 26
33 22 5 8 2 13 30 23 18 37 14 0 7 29 34 9 39 31 32 38 26
35 14 11 34 29 27 15 25 5 39 31 32 17 36 1 7 18 37 16 26
15 16 5 20 25 0 18 23 13 19 17 11 7 21 29 34 9 42 36 1 37 26
32 39 11 30 7 26 4 42 9 22 5 8 27 2 10 40 16 38 17
1 18 11 30 36 29 22 39 20 25 8 19 6 42 23 16 38 40
22 22 5 25 2 13 4 23 17 14 11 36 34 9 42 31 0 6 26 38 40
5 14 11 21 31 25 37 17 2 18 30 23 36 19 26
20 40 30 11 36 27 12 25 8 2 10 13 4 23 6 17
25 34 4 8 30 16 17 14 36 27 9 42 12 31 0 37 38 26
8 0 18 30 23 16 37 14 11 21 27 42 31 6 38 40
2 7 21 27 9 31 0 19 18 13 23 16 38 37
13 4 30 23 16 19 17 14 11 21 27 34 9 42 12 39 10 6
12 11 21 29 27 34 31 12 39 0 18 10 6 4 16 38 26
23 34 21 11 9 31 0 19 17 23 36 38 40
16 4 18 11 7 29 9 42 39 0 10 6 40
19 0 30 14 11 36 29 27 9 42 39 21 6 40 38 26
17 34 37 7 21 27 42 31 0 10 6 38
14 0 18 37 7 29 27 34 9 39 10 26 38 40
11 4 37 7 21 39 6 26
30 21 27 34 42 38 10 36 7 4 40
7 36 29 27 39 4 42 38
40 18 29 34 4 9 39 31 10 6 26
21 39 0 4 31 38 18
29 27 34 39 10 31 0 26 18 4 37
27 4 0 42 36 39 10
34 39 31 0 37 10 42
9 4 42 37 31 18 10 6 26
42 4 0 18 36
39 4 37 36 6 26 38
31 4 10 18
0 18 4 37 10 26
18 18 36 4 6 26
36 38 10 6 37
10 6 37 38
4 37 4 26 38
6
37 26
38 26
26
