#kunkel.py
# GMT Fri Apr 19 06:21:53 2019
# 
3 41 22 20 25 0 2 12 23 17 14 11 30 21 29 27 15 9 31 8 36 1 10 37 38 40
28 24 33 22 5 20 25 0 2 16 14 11 7 36 34 9 42 39 21 1 10 40 38 26
41 24 33 22 5 25 8 2 18 12 23 16 19 37 11 30 7 29 15 42 39 1 4
24 8 30 35 29 27 34 9 5 31 0 19 17 2 1 4 42 18 38 40
33 36 39 22 13 21 27 34 9 5 20 26 2 10 7 18 4 16 38 37
13 14 11 15 21 29 42 34 31 36 22 25 32 2 18 30 16 38 26
35 4 20 25 0 17 18 30 19 37 14 11 7 27 34 42 39 1 10 6 26 38 40
34 12 20 8 2 30 23 17 14 11 21 29 27 34 39 31 1 4 6 38 40
32 16 22 5 8 18 30 17 14 11 7 40 21 29 27 9 42 31 10 6 37 26
22 11 21 29 15 4 5 20 38 36 10 6 23 16 19 40
5 42 14 36 4 27 15 25 12 31 8 1 7 30 23
20 1 18 4 23 16 19 30 7 27 9 39 31 10 6 40 38 26
25 14 11 21 17 0 12 18 36 7 30 23 16 19 37
0 29 15 31 9 42 39 10 8 38 2 1 23 16 19 26
2 15 10 30 23 18 19 11 29 27 9 31 1 40 26
18 12 23 16 17 21 42 39 31 36 1 6 40 26
12 14 17 36 9 42 31 8 21 10 37 23 6 19 26
23 4 16 17 11 30 7 27 15 39 31 10
16 19 37 14 30 29 27 15 42 39 31 1 10 6 26
19 36 29 27 15 9 1 7 6 4 38 37
17 11 36 27 31 39 8 10 42 6 37 26
14 11 40 27 15 8 4 10 36 1 6 37
11 37 7 36 27 9 1 6 38 26
30 4 30 37 7 36 29 27 9 42 10 38 40
7 39 36 27 15 8 42 21 10 40
21 8 40 15 31 9 10 1 38 26
29 36 27 42 39 38 6 37 40
27 8 42 31 6
15 8 4 37 9 31 36 10 6 38 26
4 37 36 9 39 31 1 10 6 38
9 42 8 31 1 40
42 8 36 39 1 6 40
39 8 37 36 31 6 38 40
26 36 31 10 37 38 26
31 8 37 40
8 1 40 38
36 1 10 40
1 10 40
10 6 40 38
6 37
37
38
40
