#kunkel.py
# GMT Fri Apr 19 06:08:33 2019
# 
3 8 41 24 22 20 25 0 4 12 16 19 17 14 21 29 27 34 28 39 31 32 10 37 26
8 41 24 33 35 16 4 5 20 32 2 18 23 13 19 11 7 36 42 39 31 6 26
41 16 24 22 5 18 42 13 19 37 14 11 7 15 9 28 32 6 26 38 40
24 14 26 35 36 29 27 34 9 42 39 31 21 1 13 30 16 38 17
33 22 5 20 32 18 12 23 17 14 0 30 7 29 27 15 28 39 31 6 38 26
35 28 12 5 20 25 0 13 30 23 18 19 37 14 22 21 29 42 31 32 1 6 40 26
15 14 11 30 36 29 32 9 12 5 25 0 10 7 18 28 23 16 38 17
2 39 11 7 14 26 21 29 34 22 5 20 31 19 36 1 4 12 38 17
1 4 5 20 25 0 13 28 16 19 17 30 7 36 27 42 12 31 10 26
22 11 30 40 29 42 12 20 31 38 7 18 4 37 16 19 26
5 12 20 30 23 16 37 7 36 34 42 39 31 10 6 17 38 40
20 11 40 29 42 34 9 20 31 10 12 23 26
25 12 0 18 13 30 23 16 17 14 7 36 29 34 9 28 31 10 4 37
0 11 30 31 42 39 32 19 17 13 28 23 18 38 37
12 13 18 37 14 21 34 9 31 10 6 17 40
18 28 32 4 16 19 37 14 21 27 34 42 39 36 6
13 42 26 27 34 9 10 32 19 30 37 38 40
4 30 16 21 29 27 9 28 32 17 6 26 37 36 40
23 14 7 21 29 39 11 9 32 36 6 37 26
16 14 30 34 29 36 28 21 6 19
19 26 32 29 27 6 11 39 31 40 17
17 37 14 7 36 29 9 28 39 40 38 26
14 32 7 36 29 27 9 39 40 38 26
11 26 32 36 29 27 9 28 39 31 37 38 40
30 36 27 9 28 39 32 10 6 38 40
7 28 34 29 27 39 32 40 36
40 32 37 29 9 28 39 6 38 26
21 39 28 29 27 34 9 42 31 32 10 6
29 37 27 26 38
27 42 9 39 10 31 38 6
34 39 36 32 10 6 42 38 26
9 28 32 37 42 10 26 38
28 42 28 39 31 6 26 38
39 42 36 10 6 26
31 38
32 42
36 37 10 38
10 42 37 6 38 26
6 37 26 38
42 37
37 38
38 38
26
