#kunkel.py
# GMT Fri Apr 19 06:06:02 2019
# 
3 39 0 30 41 24 33 35 21 29 27 31 42 5 20 25 8 10 4 12 6 26
28 41 24 33 35 22 5 20 25 0 18 12 13 7 27 9 42 8 1 10 26 38 40
41 35 22 5 20 25 32 12 2 13 30 23 18 19 37 21 29 27 39 8 10 40
24 14 11 33 21 29 27 9 12 39 20 25 8 36 6 13 16 38 40
33 35 22 10 0 4 30 23 16 19 17 14 7 21 29 27 34 9 1 6 40
35 15 5 25 2 13 23 18 11 30 7 36 27 34 9 42 1 6 38
16 8 34 5 20 25 0 18 30 23 19 37 14 7 29 15 42 39 31 32 6 17 38 40
32 18 34 22 5 20 25 8 2 13 30 17 14 11 7 29 15 9 1 10 6 37 38 26
11 4 5 25 0 2 13 22 19 37 14 36 29 27 15 9 42 39 31 40
36 14 29 27 15 9 42 20 37 19 2 1 6 12 23 38 17
4 14 30 7 29 27 34 22 39 1 0 37 10 42 26 23 38 17
5 27 34 42 39 0 19 2 7 13 12 23 38 40
20 14 8 26 21 29 2 15 12 1 0 10 18 19 17
25 22 18 42 37 14 30 29 27 15 12 31 0 6 38 26
0 39 30 22 34 27 15 31 12 8 42 37 17
12 34 12 13 30 18 19 37 7 29 15 42 39 1 10 6 26
17 8 2 13 22 37 14 7 21 15 9 42 31 10 6 38 40
2 26 34 15 8 9 42 2 1 6 18 38 40
18 22 13 30 14 7 21 29 42 9 39 31 1 10 26
30 8 19 37 21 27 15 9 31 10 6 38 26
23 26 15 29 34 9 8 38 21 7 22 37 19 40
13 14 21 27 34 9 39 10 40 37 19
19 14 7 39 31 37 26 6 22 38 40
37 26 40 34 9 39 38 10
14 7 15 9 38 21 1 10 26
22 26 21 29 27 15 39 38 1 7
7 42 29 34 9 39 8 10 6
15 26 42 34 31 1
21 34 9 39 31 8 40 10 6 38
29 29 27 9 39 31 10 6 38 40
27 8 34 9 39 31 38 26
34 42 40 31 38
9 8 40 42 39 1 26
42 8 39 31 10 6 40
39 1 6
31 26 10 8 1 6
8 6 26
1 26 10 6 38 40
10 38 40
6 26
40
38 26
26
