#kunkel.py
# GMT Fri Apr 19 06:57:44 2019
# 
3 39 30 7 15 36 34 12 5 20 31 32 37 2 1 6 42 23 18 19 24
8 14 11 28 24 15 26 36 29 21 34 9 12 1 31 32 2 10 42 16 38 37
28 41 33 35 12 20 25 4 30 16 37 11 7 40 21 29 39 31 36 1 6 17 26
41 42 41 22 20 0 2 4 12 23 13 19 14 11 30 7 36 29 27 9 39 21 1 6 40
24 35 34 22 20 25 30 23 16 19 17 14 11 21 27 15 31 36 10 37 38 26
33 42 34 4 5 20 25 32 2 18 30 14 11 7 29 27 15 22 0 1 26 40
22 14 7 21 27 34 31 9 5 39 25 32 13 30 23 18 38 26
35 34 12 20 32 2 13 30 23 16 19 17 14 21 27 15 9 39 31 0 1 10 38 40
15 4 20 32 2 13 18 19 37 14 7 36 9 42 39 31 1 10 26
21 7 36 29 27 31 9 4 39 25 38 6 42 13 19 17
4 20 0 18 30 19 37 11 7 29 34 9 36 10 6 26 38 40
5 13 25 0 12 18 30 23 16 19 37 11 40 27 9 39 31 10 17 26
20 32 2 13 12 37 14 30 36 39 31 0 17 38 26
25 14 7 30 29 27 34 25 0 2 10 6 26 38 17
32 34 29 27 39 42 0 2 10 6 37 23 13 38 26
2 0 27 34 11 10 7 18 30 23 16 19 17
13 14 11 29 34 12 1 31 0 10 6 23 16 37
30 0 12 16 19 14 36 27 10 42 40 38 26
23 26 11 40 36 29 34 12 10 1 6 19 17
18 12 0 16 19 37 11 29 34 9 42 39 1 6 40 38 26
19 27 42 12 0 37 1 16 38 40
17 0 37 14 11 7 29 27 34 39 36 1 6 40 38 26
14 12 16 7 9 42 39 1 6 38 40
11 26 36 29 9 12 31 0 10
7 34 12 16 37 27 31 36 10 6 26
40 42 16 37 29 27 34 9 39 31 1 6
36 34 16 29 42 39 31 1 10
29 12 10 37 42 39 0 1 38
27 31 1 6 37 16
34 0 9 39 31 1 6 37
9 39 26 42 12 31 10 38
42 12 0 16 39 1 6 38
12 37 39 0 26
39 16 37 39 10 26
31 6 26
0 10 37
16 1 6 38
1 6 26 38
10 26
6 37 26 38
37
38 26
26
