#kunkel.py
# GMT Fri Apr 19 05:50:30 2019
# 
3 16 33 34 12 5 10 25 8 2 13 30 23 18 19 17 14 11 21 27 15 42 0 1 37
28 24 33 35 4 5 20 8 18 30 16 19 17 14 11 7 21 29 27 34 39 31 36 37
41 32 24 33 35 4 20 25 8 2 13 30 16 17 14 29 15 9 42 39 31 0 1 10 38 26
24 33 35 22 25 8 2 13 18 14 21 29 27 34 9 42 39 31 32 36 6 38 40
33 14 11 34 21 15 40 4 25 10 7 6 12 23 13 38 37
35 15 22 20 0 13 12 16 19 37 11 7 21 34 42 39 8 1 17 38 40
34 39 11 7 29 42 9 5 31 32 38 2 10 6 30 19
32 39 21 29 27 15 9 12 5 0 26 1 7 18 42 37 23 17
12 8 22 5 20 0 18 12 19 14 11 36 4 27 15 42 39 31 1 10 38 26
5 4 20 13 22 19 17 14 11 30 36 29 31 0 1 10 38 40
10 0 2 13 22 16 17 14 7 21 29 27 9 42 31 1 6
25 14 26 21 15 39 20 25 0 2 1 18 30 23 16 17
8 20 0 13 30 19 37 11 36 29 27 15 9 39 31 21 1 38
2 15 4 16 18 23 13 17 26 11 7 29 9 42 1 37 38 40
13 22 1 0 23 16 37 14 11 7 36 15 9 31 6 38 26
30 22 18 4 23 37 14 11 36 29 15 9 31 21 17 38
23 14 22 27 7 40 36 42 31 4 20 6 38 17
18 26 36 21 15 31 9 22 1 6 38 17
19 14 11 26 7 20 36 42 39 31 21 1 37 16 40
17 4 0 16 7 21 27 9 39 31 36 6 38 40
14 11 21 4 27 20 22 6
11 7 26 15 29 27 38 16 37
7 22 1 21 29 27 9 42 31 36 6 40
40 26 36 29 9 42 20 0 1 4 6 37 16
20 4 0 16 22 21 29 27 42 31 6 26 38
21 4 27 15 0 1 6
4 42 22 27 9 0 36 38
27 16 29 42 39 0 36 26
15 26 29 9 39 6 37
9 26 22 0 36 39 42
16 26 36 39 1 37 6
39 22 29 39 0 1 6 37 38 26
22 29 6 37 1 38 26
31 0 36 29 42 31 1 6 37 26
0 26 29 42 37
36 26 1
1 37
6 29 37 38
42 37 26 38
37
29
38
26
