#kunkel.py
# GMT Fri Apr 19 05:44:45 2019
# 
3 11 28 7 33 36 29 34 25 9 12 31 0 8 2 10 4 22 6 19 17
41 14 30 7 35 36 29 32 9 22 39 20 25 8 38 1 28 23 19 26
24 28 33 34 12 5 20 25 2 13 30 23 16 37 7 21 29 27 15 42 36 17 40
33 35 15 22 5 1 8 18 13 30 23 16 17 14 7 4 27 34 9 39 10 40 38 26
35 14 30 16 15 9 22 39 20 31 32 12 1 10 18 4 5 6 38 17
15 22 5 25 0 18 42 23 19 37 14 11 7 36 27 9 28 32 10 26 40
32 14 22 28 36 2 42 12 26 17 21 10 6 30 23 13 38 37
12 17 13 21 29 27 40 22 5 0 2 1 6 30 37 16 38 26
5 25 8 18 30 23 16 19 17 21 4 27 42 39 0 36 10 38 40
22 34 20 25 8 18 42 23 16 7 29 27 28 39 31 1 10 40
25 34 8 4 42 19 17 14 29 27 9 28 39 6 37 38 26
0 14 11 13 39 27 9 20 37 1 10 18 28 23 16 19 26
2 14 8 7 29 34 39 20 19 1 10 6 42 23 16 38 17
13 11 28 8 4 27 42 10 19 1 18 30 37 29 38 26
4 20 23 16 19 21 29 34 42 31 36 1 10 6 26 38 40
23 23 16 37 14 30 21 29 28 31 36 10 6 40 38 26
16 19 37 30 7 36 27 42 39 31 1 6 17
19 1 37 14 11 21 34 9 42 31 8 36 10 38 26
17 14 28 7 21 34 36 20 1 42 38
40 42 14 11 21 39 9 28 20 31 1 6 18 29
14 20 11 7 21 34 9 28 31 8 38
11 34 7 30 21 27 9 42 10 31 36 1 28 37 6
30 18 39 36 8 9 20 1 10 42 37
7 21 29 27 36 20 31 1 10 18 38
21 20 37 36 34 28 39 31 10 38 26
42 34 18 36 28 39 6 38
20 18 29 27 34 6 10 36 26
36 34 18 27 9 39 36 37 26
29 34 31 9 8 18 10 6 38
27 18 37 9 28 31 10 6 38 26
34 28 8 10 37
9 8 39 10 1 18
28 18 37 31 6 38
39 18 26 31 6 38
31 37 1 6 18
8 8 38 1 18 26
18 37 26 38
1 10 6 26 38
10 6 26
6 37 26 38
37 26
38
26
