#kunkel.py
# GMT Fri Apr 19 05:40:39 2019
# 
3 14 8 30 32 41 29 34 4 9 12 39 20 0 1 10 13 28 23 6 40
41 16 24 22 5 25 18 28 23 13 19 37 11 30 7 21 29 15 9 42 31 1 6 38
24 17 34 21 36 29 27 15 42 30 8 28 2 1 7 18 4 37 13 19 26
33 18 0 35 15 5 10 8 13 16 17 14 11 36 27 34 9 39 31 32 1 6 26 38 40
22 6 15 36 32 34 31 9 42 20 25 8 38 2 10 7 18 21 13 19 40
35 14 0 30 21 29 27 15 25 28 39 31 8 17 36 6 42 13 38 37
16 14 11 32 27 15 9 12 5 39 31 8 17 2 7 42 37 16 40
2 12 5 20 25 0 13 30 19 17 14 11 7 21 29 34 28 1 10 38 40
11 1 8 40 21 34 5 20 31 0 10 7 6 30 36 19 26
4 5 25 32 18 30 23 19 37 36 29 15 28 39 31 0 21 1 6 40 38 26
5 8 20 25 32 13 30 19 37 27 9 39 31 0 1 17 26
20 7 15 21 32 34 28 1 31 8 17 10 30 23 38 40
25 32 18 28 13 17 14 30 7 21 27 42 39 0 36 10 6 38
8 32 18 13 30 23 7 36 29 27 34 9 21 40
17 12 32 13 42 23 37 7 29 34 28 1 10 6 38 26
42 12 1 32 13 30 23 18 19 37 14 7 21 27 39 0 10
13 10 0 30 23 7 36 29 27 39 1 6
30 32 0 18 14 36 29 34 9 31 1
23 28 21 27 15 9 32 6 7 18 12 37 38 26
18 0 34 36 29 15 31 37 19 38 26
19 14 21 29 27 9 28 31 32 40 6 26
37 39 27 34 9 10 32 1 7 12 38 40
14 28 7 36 32 15 12 39 0 1 6 26
0 28 36 29 34 12 39 10 38
7 32 12 29 27 15 39 31 6 38 26
15 32 12 36 27 34 9 28 39 6 40 38 26
36 34 27 12 1 31 10 6
29 12 29 34 9 39 32 10 6 40 38 26
27 9 31 10 6 12
34 32 21 28 39 10 6 26
9 39 21 12 10 32
28 32 31 39 38 12 40
12 21 10 1 6 38
39 21 10 6 26
31 40 6 10 26
32 40 1 26
21 40 10 6 26
1 40 10 38 26
10 10 38 26
6 40 26
26 38
38 40
40
