#kunkel.py
# GMT Fri Apr 19 05:35:04 2019
# 
3 40 14 8 41 24 33 22 29 9 4 20 31 32 10 7 13 26 23 18 19 37
28 14 7 24 33 29 35 16 4 34 9 22 39 20 25 0 13 12 23 18 19 37
41 34 22 5 8 2 13 4 23 16 19 37 11 7 21 29 15 9 42 39 0 36 10 6 38
24 34 4 20 25 2 18 37 22 30 7 36 29 27 15 9 42 12 1 10 38 40
33 22 5 20 25 8 16 17 26 7 21 27 9 39 31 0 36 6 37 38 40
35 12 5 10 25 32 2 16 37 14 30 7 36 29 34 9 42 0 1 6 17 26
15 18 8 2 13 30 23 16 19 37 14 7 21 27 9 42 31 0 1 17 38
11 14 30 21 36 4 27 34 22 5 20 25 39 38 26 13 37 6 19 17
36 4 20 32 2 30 23 16 37 7 34 9 42 39 31 6 40 26
22 21 27 34 39 22 31 38 2 10 7 18 30 37 23 17
5 21 27 34 9 4 39 25 16 12 17 1 6 30 37 13 26
20 32 21 2 34 4 39 25 0 16 1 18 23 13 19
25 12 0 2 42 16 19 17 7 4 39 31 8 1 40 38 26
8 14 30 40 42 31 12 10 0 1 7 6 4 16 19 26
12 4 13 18 19 17 30 7 21 29 42 39 32 10 6 40 26
17 4 2 13 18 19 7 21 29 27 34 31 1 40 26
2 32 4 30 19 37 14 7 29 9 42 39 1 38 40
13 34 32 30 23 16 19 37 21 29 42 9 0 40
4 32 18 23 14 7 27 34 9 31 0 37
23 32 19 37 14 27 42 39 31 21 10 6 40 38 26
18 16 29 40 31 32 38 10 30 37 6 19
19 14 34 9 39 0 32 1 6 40
37 32 7 29 27 0 10 42 40 26
14 40 34 29 10 32 38 1 6 42 16 26
0 34 0 30 16 7 29 31 32 1 10 6 38 40
30 10 32 30 16 7 29 31 9 39 21 1 26
7 39 29 21 1 38
21 32 16 29 27 42 39 31 1 6 38 40
29 26 32 16 27 10 38 40
42 34 27 39 10 1 40 38
34 40 9 31 38 6
9 31 16 38 10 6 26
16 39 1 40 26
39 38 10 1
31 40 27 10
32 1 10 6 38 26
27 40 27 10 6
1 10 38
10
6 40 26
40 26
38
26
