#kunkel.py
# GMT Fri Apr 19 05:33:01 2019
# 
3 41 24 33 35 4 32 2 23 16 19 37 14 11 21 29 34 28 39 8 36 1 17 40
0 14 17 28 32 40 33 21 4 15 31 42 5 39 25 8 18 26 6 19 37
41 33 35 22 5 25 32 2 13 30 23 18 17 11 7 21 34 9 28 36 1 6 37
24 11 30 7 29 32 15 4 39 20 25 22 38 2 1 10 13 28 19 40
33 14 22 28 40 35 15 31 12 5 25 26 1 6 4 23 16 19 17
26 8 22 20 2 13 30 23 18 14 7 21 29 15 9 16 32 36 10 6 38 40
35 22 10 25 8 13 12 23 18 19 37 11 7 27 34 28 39 31 1 38
15 22 5 10 32 2 18 42 16 19 37 14 30 29 34 28 12 39 31 1 6
4 8 12 20 25 13 30 23 16 19 14 21 27 34 9 28 32 36 10
5 11 40 29 34 8 1 20 25 32 36 10 7 18 30 23 16 17
20 40 11 28 7 29 21 32 34 9 12 31 8 30 16 19
25 22 8 12 2 13 30 19 14 11 21 29 27 28 39 6
32 17 30 13 6 40 22 2 7 18 12 23 16
12 11 7 40 36 29 27 31 8 2 10 13 37 6 17
2 42 23 16 37 14 7 21 29 27 28 31 8 36 10 6 40 38
13 11 30 42 34 10 8 27 1 18 22 23 19
22 30 36 29 42 39 31 10 7 37 18 38 40
23 28 16 30 18 17 7 40 29 27 9 42 8 6 37 38
16 14 11 7 34 21 9 42 31 37 17 36
19 34 30 37 14 36 27 28 39 1 42 17 38 40
37 18 30 17 14 11 36 29 34 39 8 38 40
14 11 7 21 27 36 42 39 8 38 1
11 8 28 18 17 11 7 21 29 27 42 39 1 6
30 17 21 34 9 28 31 8 1 10 6 38
7 28 9 39 17 1 18 38
42 21 36 27 34 9 10 31 8 6 40
21 18 36 29 27 34 9 39 1 10 6 38
29 17 34 9 28 39 36 6 38
27 34 31 9 39 10 1 6 40
34 9 39 31 1 6 40
9 17 40 9 8 10 38
28 18 36 28 39 31 10 6 40
39 38 17 36 18
31 8 17 10 6 38 40
8 18 40 10 17
18 10 36 1 6 40
36 17 38
1 17 10 6 38 40
10
6 38
17 38 40
38
40
