#kunkel.py
# GMT Fri Apr 19 05:24:28 2019
# 
3 41 33 35 22 5 20 25 32 4 23 16 37 30 21 29 15 9 31 8 36 1 6
41 11 7 24 33 35 34 5 20 31 19 17 2 1 10 18 37 23 16 38 40
24 14 11 7 33 21 27 34 25 9 42 5 31 0 2 10 13 17 36 37
33 26 22 34 6 15 9 12 5 25 8 2 1 7 13 28 16 37
26 35 4 20 25 32 18 12 16 19 17 14 30 21 29 28 39 31 8 37 38 40
35 14 17 23 36 29 2 15 22 12 8 7 6 30 37 18 38 40
34 39 4 5 20 25 8 18 30 23 16 17 14 11 7 36 42 12 22 0 32 1 10
11 22 1 25 32 2 13 12 23 17 30 7 21 15 28 39 31 8 10 6 38
22 4 5 10 25 0 2 18 42 19 17 7 36 29 27 9 28 39 1 38
5 25 8 13 12 23 16 19 37 7 36 29 27 28 39 10 42 40
20 4 25 18 30 23 16 19 37 36 29 27 15 9 42 39 1 40 38
25 14 36 29 27 31 32 38 18 6 28 16 19
32 12 8 18 4 23 16 19 37 7 21 27 9 28 0 1 6 17
12 2 13 23 18 19 17 40 36 9 42 21 10 6 37 38
2 14 21 29 27 9 39 8 10 7 18 19 37
13 40 14 21 29 31 0 38 36 1 18 42 23 16 19 17
4 14 17 40 21 29 27 15 9 31 0 10 30 37 19
23 21 29 27 31 8 17 10 42 38 40
16 18 1 37 30 7 21 9 42 8 36 10 17 38
19 14 27 15 42 39 17 7 30 37 6
37 18 30 37 21 42 39 31 0 36 1 40
14 8 18 30 7 21 29 15 9 28 39 31 36 10
0 28 21 29 27 9 39 10 31 15 30 6 38 17
30 7 15 8 29 9 39 1 38
7 28 36 8 38 1 6 17
42 8 17 36 29 9 28 39 31 1 6 38 40
21 1 17 36 15 31 9 28 8 10 40
29 8 18 36 9 28 31 6 40
27 8 28 15 9 39 38 18 6 17
15 8 39 38 1 10 18 6 17
9 8 36 10 6 40
28 40 31 39 1 18 6
39 8 31 17 1 36
31 40 17 36 6
8 18 10 6 38
18 18 17 36 1 6 40
36 17 40
1 6 38 40
10 10
6 17 38 40
17
38 40
40
