#kunkel.py
# GMT Fri Apr 19 05:23:41 2019
# 
3 41 33 35 4 5 20 25 8 30 23 16 37 22 21 29 15 9 31 32 36 1 6
0 30 17 28 24 15 21 29 27 34 9 4 39 31 32 10 13 22 6 38 37
41 11 7 24 33 35 34 40 5 20 31 38 2 1 10 18 37 23 16 19 17
24 14 11 7 33 21 27 34 31 9 42 5 25 2 10 13 37 36 17
33 28 34 15 9 12 5 25 8 16 2 1 7 13 22 37 6 26
26 35 4 20 25 8 12 18 30 16 19 37 14 21 29 28 39 31 32 17 38 40
35 14 17 30 40 36 29 15 22 8 38 2 7 6 12 37 18 23
34 32 22 5 20 25 8 12 18 4 23 16 17 14 11 30 7 36 42 39 1 10
39 14 11 30 15 42 8 22 5 20 31 28 27 17 2 1 36 19 37
11 12 1 25 8 2 13 30 23 17 22 7 21 15 28 31 32 10 6 38
4 14 30 15 21 29 27 9 22 20 31 32 10 40 37 19 17
5 12 25 8 13 22 23 16 19 37 7 36 29 27 28 10 42 40
20 25 18 30 23 16 19 37 36 29 27 15 9 42 1 38 40
25 14 16 36 29 27 22 31 32 19 6 28 18 38
8 32 2 18 30 23 16 14 7 21 29 27 15 9 42 10 6 38
12 32 2 13 23 18 19 37 36 9 42 21 10 6 17 38 40
2 14 21 29 27 9 10 7 18 22 19 37
18 18 22 13 17 14 40 36 29 27 15 28 32 16 1 6 37
30 14 7 15 29 9 38 1 16 19 37
23 40 21 29 27 31 32 10 13 42 38 17
16 13 37 7 21 9 42 1 32 36 10 17 38
19 42 14 22 27 15 32 17 7 13 37 6
37 32 37 21 42 31 36 1 40
14 15 13 7 36 29 9 28 31 21 10
22 1 28 17 7 36 29 27 9 42 10 38
7 28 36 32 38 1 6 17
21 32 10 13 40 36 15 9 28 31 1 17
29 28 13 36 9 42 31 6 40
27 28 15 9 32 38 6 17
15 38 1 10 6 17
9 32 42 36 10 6 40
42 13 17 36 28 31 1 6 38 40
13 31 17 36 1 38 40
28 40 32 31 1 6
31 40 17 36 6
32 1 6 17
36 17 40
1 6 38 40
10 10
6 17 38 40
17
38 40
40
