#kunkel.py
# GMT Fri Apr 19 05:13:00 2019
# 
3 24 33 15 12 10 32 2 18 22 23 19 17 11 7 21 27 34 28 39 31 36 1 6 38 40
8 11 30 41 24 33 4 32 38 12 39 20 25 0 27 1 7 13 42 6 19 17
41 42 11 30 7 40 33 35 34 27 15 9 12 13 25 38 6 28 16 19 37
24 26 11 7 40 22 29 12 39 20 37 1 4 6 28 23 16 38 17
33 0 32 35 36 29 15 4 5 20 31 2 1 28 37 19 17
13 27 12 22 25 2 18 30 23 16 17 14 11 21 29 42 15 28 32 36 4 6 37 38
35 34 22 5 20 32 18 12 17 7 21 29 27 15 9 28 31 36 10 38 26
15 12 20 0 2 30 19 17 21 4 27 34 28 39 31 32 1 26
12 5 20 25 2 30 37 14 7 21 9 42 39 31 36 1 6 38
5 11 28 7 21 29 27 34 9 22 25 0 19 17 2 18 42 38 40
10 14 22 7 40 36 34 31 42 20 25 32 37 1 6 26 23 16 38 17
42 22 20 25 2 4 18 14 30 7 27 34 9 31 0 6 38 40
32 22 25 4 19 17 30 7 21 29 27 28 39 0 6 37 38 26
2 14 28 7 26 34 9 20 0 21 22 37 16 23 40
18 25 0 28 23 16 17 11 21 27 34 9 31 36 1 37 38 40
22 11 7 36 29 27 20 19 30 16 38 26
23 7 36 29 34 9 28 20 31 40 4 30 37 17
16 4 20 0 19 17 14 11 7 21 29 27 1 36 6 37 26
19 4 0 17 11 30 29 27 9 39 31 6 37 40
17 7 34 29 9 38 4 30
14 26 11 21 29 25 9 20 31 0 36 1 40
11 25 21 29 34 9 28 0 36 1 6 26
30 20 0 7 40 29 27 9 28 31 1 37 26
7 1 0 36 28 39 40
20 20 25 37 21 4 27 9 28 31 26
21 25 31 0 1 6 28 38 37
29 25 27 28 39 31 0 1 38 40
27 37 34 9 1 6 40 26
34 4 25 0 37 36 9 6 38 26
25 39 36 1 40
9 28 4 37 1 26 40
28 4 37 28 0 36 40 26
39 36 4 39 38 1 6 37
31 4 0 36 1 6 40 26
0 26 40
37 1 6 38
36 38 26
1 40 26
4 38 6 26
6 26 38 40
26 40
38
40
