#kunkel.py
# GMT Fri Apr 19 05:07:00 2019
# 
3 11 7 33 36 29 34 25 9 22 12 31 0 8 2 10 4 28 6 19 17
41 14 8 28 7 35 36 29 9 22 39 20 25 32 19 1 30 23 38 26
24 16 33 12 5 20 25 2 13 28 23 18 37 30 7 21 29 27 34 42 31 36 17 40
33 13 35 15 4 5 10 8 18 22 23 16 17 14 30 7 27 34 9 39 1 26 38 40
13 42 26 11 28 32 8 29 27 15 12 10 0 38 1 4 30 19 37
35 22 5 20 0 12 18 4 16 17 14 30 15 9 39 31 32 1 10 6 38
16 22 5 0 12 2 30 23 19 37 7 36 4 27 42 39 31 1 6 17
32 18 14 22 30 37 36 2 42 12 28 21 10 6 26 23 38 17
22 34 12 20 25 8 18 42 23 7 29 27 15 28 39 31 1 10 40
5 4 25 0 18 12 23 19 17 30 21 27 15 42 39 8 36 10 38 40
20 14 30 26 21 29 27 34 10 0 2 36 15 7 4 40 6 17
25 8 18 42 19 37 14 29 27 34 9 28 39 4 6 17 38 26
0 14 11 39 27 15 9 12 26 1 10 18 28 23 19 37
2 14 7 29 34 12 39 8 38 1 10 6 42 23 19 17
4 23 19 21 29 34 42 31 36 1 10 6 40 38 26
12 26 30 21 29 27 1 6 40 37 38 17
23 18 23 37 14 30 21 29 28 31 36 10 6 26 38 40
18 42 19 37 14 11 7 36 27 15 9 28 10 26 40
19 10 37 14 11 21 34 9 42 31 8 36 1 38 26
17 14 7 21 42 34 36 28 1 38
40 42 14 11 21 29 15 9 28 39 31 1 6 40
14 8 11 7 21 34 9 28 31 38
11 30 7 21 27 34 9 28 1 31 36 10 42 37 6
30 39 36 15 8 9 1 10 42 37
7 21 29 27 15 36 31 1 10 38
21 26 37 36 34 28 39 31 10 38
42 15 36 34 28 39 6 38
15 28 37 36 29 27 9 39 31 8 38 26
36 27 34 9 39 36 37 26
29 34 31 9 10 6 38
27 37 9 28 31 10 6 38 26
34 28 8 10 37
9 8 39 1 10
28 37 31 6 38
39 26 31 6 38
31 37 1 6
8 8 38 1 26
1 10 6 26 38
10 6 26
6 37 26 38
37 26
38
26
