#kunkel.py
# GMT Fri Apr 19 04:54:57 2019
# 
3 33 35 5 20 0 2 42 23 17 30 21 29 27 15 9 28 8 1 10 6 38 26
41 42 24 33 12 10 8 2 13 30 16 19 14 11 4 27 34 9 28 18 1 26 40
24 11 30 33 36 29 27 31 22 32 20 25 0 8 2 13 4 18 38 37
33 14 22 13 35 21 29 34 42 12 25 36 10 4 28 37 6 17
35 14 11 28 21 29 27 34 9 12 5 1 31 2 10 4 22 37 16 26
34 0 22 20 32 4 28 23 37 11 7 36 29 27 9 42 39 31 8 21 10 17 40
39 18 0 7 21 29 31 28 20 25 8 38 1 6 40 16 19 17
32 15 4 20 25 0 2 13 30 19 17 22 21 29 27 42 31 36 1 6 40
4 15 12 1 25 18 30 23 13 37 7 21 9 16 36 10 6 17
5 26 11 7 36 27 28 12 20 31 22 16 1 42 30 23 6 17
20 11 7 36 27 8 42 10 0 38 25 6 30 16 19
25 11 28 16 21 6 15 8 42 36 1 10 18 12 13
0 14 22 28 26 29 42 31 38 2 13 30 23 18 19 17
12 2 30 23 19 17 14 11 7 36 27 15 9 31 10 6 37 26
2 14 7 21 15 9 31 8 40 10 6 42 18 19 17
18 10 13 23 16 19 37 11 9 42 31 8 1 6 17 38
42 8 13 30 11 7 36 15 9 42 31 16 10 6 40
23 30 7 21 29 9 22 31 8 10 13 23 16 38 17
16 8 13 16 19 17 14 11 21 29 28 36 10 38 40
19 13 30 37 14 11 7 21 28 1 10 6 38 40
17 11 36 27 31 8 7 38 40
14 11 36 27 15 9 8 38 1 7 13 30
11 22 21 27 9 26 13 37
30 8 22 6 37 27 9 28 31 1 40 38 26
7 22 13 29 27 15 9 31 1 10 6 26
21 8 22 37 29 15 28 10 6 26
29 15 9 28 31 1 6 26 38 40
27 22 15 9 10 1 13 38
15 22 28 26 31 8 13 6 40
9 22 13 37 36 10 26 38 40
28 22 1 13 37 8 36 10 26 40
13 22 26 38 40
22 37 36 40 38 26
31 40 1 37
8 36 6 40
37 26 38 36 6 40
36 26 1 10 40
1 10 6 26 38 40
10 6
6 38
40
38
26 26
