#kunkel.py
# GMT Fri Apr 19 04:38:59 2019
# 
3 41 13 35 15 25 0 2 18 23 16 37 14 11 7 36 27 34 9 39 10 6 17
41 28 33 22 5 20 25 32 13 30 18 19 21 29 27 15 42 39 31 36 1 6 26
24 8 24 4 5 20 0 2 12 19 37 14 11 36 29 15 9 28 31 32 1 10 6 40 26
13 33 35 22 20 25 18 4 16 19 17 14 11 36 27 9 31 1 6 38 40
26 35 4 20 25 8 18 12 23 16 37 14 30 36 27 34 42 21 1 10 6 40 38 26
35 28 22 5 20 0 18 30 23 16 37 21 29 27 42 31 36 10 4 17
15 8 33 36 29 25 9 12 31 0 21 1 6 18 28 23 16 38
32 0 30 21 29 9 12 5 20 31 8 2 10 4 22 23 18
22 4 5 1 8 2 30 16 19 37 11 21 29 9 28 39 10 6 38 40
5 8 33 20 0 2 30 23 16 19 14 7 36 9 42 1 10 40
1 33 34 20 25 8 2 30 18 37 11 4 42 28 0 40 38
25 33 10 8 18 28 16 19 37 14 11 7 36 29 9 42 39 6 40 38
0 34 12 2 18 42 14 11 30 7 29 27 28 39 4 38
12 40 8 4 27 42 20 31 19 17 2 10 18 30 37 16 38
2 4 18 23 16 37 11 7 36 29 27 34 39 10 6 38 40
18 20 23 37 14 11 7 21 29 34 28 31 10 40
30 28 33 20 4 16 7 29 27 34 9 42 8 6 38
23 39 8 21 29 9 42 20 31 38 17 36 16 19
16 33 20 19 17 7 21 9 28 39 10 6 40 38
19 14 11 33 36 27 34 42 37 40
37 33 20 17 7 4 34 28 39 31 10 6
14 39 11 7 33 36 8 40 4 20 31 17 6
11 7 33 21 29 42 34 39 38 28 6
7 33 21 34 8 28 39 17 10
33 28 34 4 21 27 42 39 31 40
42 17 21 27 39 31 8 10 38 40
20 17 9 4 39 6 38
36 4 8 17 27 34 9 28 10 40
4 27 34 28 8 17
27 39 21 29 38 10 28
34 40 28 31 38 17 29
9 8 29 31 38 17
28 31 8 17 40
39 40 29 39 6 38
31 8 21 10 6 38
8 17 21 40
21 29 17 10 6
10 29 40
6 38
17 40 29
29
38
40
