#kunkel.py
# GMT Fri Apr 19 04:33:17 2019
# 
3 26 11 7 23 6 21 4 27 34 42 5 31 0 36 41 18 12 37 16 19 40
28 8 24 33 4 5 25 0 12 18 30 37 14 36 29 27 42 39 31 32 10 6 38
41 11 30 7 35 21 27 15 8 4 39 25 0 42 1 6 13 22 16 37
24 14 8 30 7 24 35 21 15 34 9 22 5 39 31 0 1 23
33 8 16 4 20 25 0 18 30 23 13 19 37 11 7 21 29 15 42 31 32 10 26
13 39 11 15 21 32 34 25 42 5 20 31 0 2 1 18 36 26
35 14 11 26 21 27 34 8 42 1 25 32 2 10 22 36 19 40
15 12 5 8 2 30 23 19 37 14 36 4 27 34 39 31 0 1 6 17 38 40
32 22 20 0 2 12 23 18 14 11 7 36 27 9 42 39 32 10 6 26 38 40
1 14 11 34 4 42 5 20 25 22 2 12 37 6 38 40
4 11 30 21 29 9 5 20 37 2 10 22 23 36 38 17
5 20 25 2 30 16 17 14 7 21 29 27 9 39 31 37 26
22 14 8 21 29 27 31 25 2 7 26 16 19 37
25 30 23 18 17 14 7 21 29 27 9 42 31 36 6 37 38 26
0 12 18 42 23 16 19 17 30 7 21 29 9 31 10 40
17 39 7 21 27 34 31 9 12 20 2 18 42 23 16 38 37
2 11 40 20 34 8 42 31 19 36 23 38
18 23 19 14 11 7 21 29 34 31 8 10 6 26 38 40
12 40 21 29 9 39 20 31 8 36 7 23 16 37
23 20 14 11 36 29 27 9 31 8 6 40
16 14 26 36 27 34 20 21 10 6 37 19
19 34 8 30 37 11 21 29 39 36 10 6 26 38 40
37 20 8 42 27 10 6 26 38 40
14 34 20 8 30 7 36 29 27 39 10 26 40
11 20 8 30 36 9 42 31 10 6 40
30 40 29 27 31 9 38 10 26
7 8 29 34 31 9 39 26
20 21 29 27 9 31 10 6 40
21 8 42 39 31 6 38 40
29 42 34 10 6 26
27 8 36 42 31 6 40
34 8 36 42 39 31 6 38 26
9 40 39 42 26 10 31 6 38
42 39 36
39 8 38 6
31 6
8 10 40
36 10 6 38 26
10 26 38 6
6 6 38
26 40
38 40
40
