#kunkel.py
# GMT Fri Apr 19 04:30:46 2019
# 
3 3 26 7 35 21 32 15 4 31 8 36 10 6 28 37 16 38 17
41 8 16 33 35 4 5 20 0 2 13 12 23 18 14 29 27 15 9 42 32 1 40
24 14 22 16 33 29 42 31 12 39 10 25 8 1 4 30 23 13 5
33 28 35 22 5 20 25 0 30 16 19 7 36 29 34 42 39 1 10 38 26
35 4 32 2 13 42 18 11 30 21 34 9 28 39 31 0 36 1 6 26
34 14 11 7 13 8 27 26 28 32 31 0 12 2 6 42 37 18 17
39 14 7 13 42 15 25 9 12 5 31 2 1 6 30 37 18 19 40
1 5 30 26 21 29 27 15 42 31 8 37 2 32 4 23 40
11 28 12 5 20 25 0 2 13 30 23 19 17 14 7 21 4 9 42 31 10 37
4 22 25 0 13 23 37 14 7 36 29 15 31 8 10 6 17
5 14 28 21 29 12 25 37 2 10 7 6 17 23 18 40
20 40 36 27 15 9 28 13 22 32 21 10 7 6 42 37 18 38 17
42 8 12 32 2 16 19 17 21 29 9 31 0 10 37 38 26
32 22 18 12 16 19 17 36 27 15 31 21 10 40 38 26
2 15 10 25 2 13 30 16 37 14 7 36 29 27 9 21 6 38 40
18 8 15 29 27 9 22 25 0 26 13 37 16 38 40
12 0 22 13 30 23 19 17 14 7 31 8 6 40 38 26
23 22 25 30 16 37 14 27 15 9 28 31 10 6 38 26
16 29 27 15 31 9 25 8 7 22 6 19
19 30 0 7 36 29 27 15 28 22 25 21 10
37 28 25 0 30 21 27 15 31 6 38
14 25 8 13 22 7 36 15 9 28 0 10 40 26
0 15 25 26 13 30 21 27 28 10 17 40
30 22 25 13 30 17 36 27 9 31 8 6 38
7 40 15 21 9 31 22 36 17
40 8 27 28 29 6 31 10 13
21 8 22 25 28 17 27 15 10 6 38 26
29 26 28 36 15 25 8 10 13 17
27 22 25 13 31 10 6 38
15 22 36 9 28 31 6 26
25 22 13 38 26
9 36 22 10 13 38
28 17 13 10 6 38 26
13 31 38
22 8
31 8 17 36 26
8 10 17
36 38 10 17
10 6
6 38 17
17 38 26
38 26
26
