#kunkel.py
# GMT Fri Apr 19 04:12:49 2019
# 
3 41 24 15 4 20 25 0 2 18 30 16 19 14 11 7 21 29 34 9 28 39 22 31 1 40
27 24 33 15 12 5 20 32 2 28 23 19 11 30 21 4 34 9 42 39 1 6 40
41 24 33 35 12 5 20 25 8 13 28 23 16 19 14 11 7 21 29 15 9 42 39 36
24 33 22 5 20 8 4 37 14 30 7 40 21 29 31 0 1 17 38 26
13 6 30 40 33 21 42 34 31 22 25 8 37 2 7 18 28 23 16 38 26
35 33 4 20 32 18 28 23 16 19 37 11 30 7 21 29 9 42 39 8 36 10 38
15 33 22 5 8 42 19 14 11 30 7 21 29 9 28 31 36 1 6 38 40
32 39 11 0 34 31 9 22 5 25 8 12 17 2 1 30 37 16 38 26
4 12 25 0 18 23 19 14 11 7 21 29 42 8 1 6 40 38 26
5 33 22 20 25 12 17 14 30 36 29 9 28 39 1 10 38 40
20 22 25 8 2 18 30 23 16 17 14 36 9 28 12 39 10 42 26
25 12 25 2 30 23 16 37 14 11 29 34 9 42 1 6 17 38 40
0 14 22 33 26 29 40 12 31 2 10 18 37 17
12 33 2 18 23 16 19 17 7 40 9 39 10 37 26
2 14 11 7 36 34 42 31 37 22 23 18 38 17
18 33 23 37 14 11 30 7 29 9 28 39 1 6 17 40
30 39 11 21 31 16 36 22 19 37
23 14 21 29 31 36 1 10 16 38 37
16 22 37 11 7 21 29 34 28 39 31 10 17 26
19 8 22 19 37 14 11 21 9 42 39 31 36 10 40
17 33 22 14 11 7 21 34 9 28 39 31 36 10 6
14 22 11 7 42 1 10 38 26
11 34 22 11 36 39 8 1 6 26
7 33 34 29 42 40 39 31 6
33 42 26 34 10 28 37 40
21 22 8 36 9 28 39 31 6 26
29 37 36 34 28 39 8 10 6 38 26
42 22 8 37 36 34 28 39 1 10 6 26 40
34 9 28 1 10 6 40 37
9 36 31 28 8 10 6
28 36 1 6
39 37 31 1 38 26
22 8 31 10 6 26 38 40
31 1 37 38 10
8 40 8 38 6 26
37 10 1 6 38 26
36 26 40 38 10
1 26 38 40
10 40 26
6 26
26
38
40
