#kunkel.py
# GMT Fri Apr 19 03:59:21 2019
# 
3 33 4 22 25 8 12 2 13 42 23 16 19 37 11 36 15 9 28 39 0 32 40
8 0 41 24 34 15 9 12 5 20 31 32 40 42 23 16 37
41 39 7 24 36 29 21 28 5 20 31 0 37 19 2 6 30 23 16 38 40
24 24 22 20 25 32 2 13 30 23 16 37 14 11 36 15 9 39 31 21 1 6 40
33 26 11 33 36 29 34 12 39 10 25 32 17 1 18 28 37 19 40
35 14 0 36 29 25 22 39 20 31 32 17 2 5 10 13 30 37 18 19 40
34 14 30 21 29 15 9 42 5 20 32 2 4 6 28 23 18 19 37
4 28 22 5 20 32 18 30 16 14 7 29 27 15 42 39 31 0 6 38 40
5 18 20 25 12 13 30 16 17 22 36 27 42 39 31 32 21 1 6 37 26
22 20 25 0 13 12 23 17 14 7 21 29 28 39 31 36 10 26 40
25 1 25 32 2 13 18 19 37 11 27 42 31 10 17 38 26
32 26 7 29 42 9 31 0 12 16 38 37
12 20 0 2 13 30 18 14 11 7 21 27 15 42 10 6 38 26
17 39 29 15 31 42 1 0 37 10 18 28 23 16 26
2 14 27 15 39 10 36 1 7 28 38 26
13 0 23 19 37 30 21 27 15 39 31 36 10 6 26 38 40
42 28 7 21 29 11 20 10 30 23 16 38
23 15 20 0 30 14 21 29 9 36 1 40 38 26
16 14 30 36 39 15 28 20 26 7 37 18 38
19 26 11 21 27 31 9 28 20 0 7 30 6 38 37
37 15 18 14 11 7 36 28 39 31 40
14 15 18 30 7 36 29 27 9 21 1 26 40
11 21 27 28 39 20 0 1 6 30 18
30 28 0 30 7 36 39 1 6 26 38 40
7 0 40 27 31 38 10 18
20 39 21 27 9 10 1 38
36 1 29 27 15 28 10 38 26
29 28 40 27 9 39 1 18 6 38
27 6 9 1 10 18 28 26
15 1 0 9 28 31 10 6 38
9 0 28 21 18 6 26
28 0 18 21 10 6 26
39 18 26 10 6 40
31 40 0 21 38 1 18
0 10 6 38 40
18 26 21 1 40
21 10 26
1 40 26 10 6
10 26 38 40
6 40
26 38
38
40
