#kunkel.py
# GMT Fri Apr 19 03:49:31 2019
# 
3 8 35 15 12 5 25 0 13 23 18 19 37 7 36 34 31 32 10 6 26 38 40
8 41 5 20 25 2 13 28 16 19 17 14 40 27 34 9 42 10 6 37 38 26
41 24 33 12 5 20 25 32 2 13 30 16 22 7 29 27 15 9 28 39 31 10 4
24 11 33 35 21 29 42 15 12 10 25 0 1 4 30 16 26
33 26 35 36 29 27 15 22 25 32 37 1 4 18 30 23 19 17
35 35 15 4 20 25 32 12 23 17 14 11 7 21 29 34 28 31 10 26 38 40
15 28 4 5 20 25 13 30 23 19 17 36 34 42 31 1 10 26
1 26 0 21 29 27 31 42 39 25 32 36 18 22 23 6 38 17
11 42 14 21 29 27 34 31 4 5 39 25 0 2 18 30 23 13 19 26
12 5 22 21 29 9 28 39 20 25 0 17 2 10 13 4 18 40
5 39 40 2 42 34 25 28 22 31 38 36 4 16 19 26
20 0 2 13 30 23 16 19 17 14 36 27 34 9 28 39 10 26 40
25 13 30 23 16 21 27 34 28 39 32 38
0 16 32 26 13 42 18 19 17 14 21 29 34 9 28 39 31 4 37 40
2 39 21 29 42 22 31 10 4 18 23 16 38 37
13 14 36 27 9 21 18 42 6 19 40
28 22 16 19 17 14 30 21 34 9 31 32 10 37 40
23 18 16 19 17 21 34 9 39 31 36 10 37 38
18 16 19 17 14 7 21 27 9 39 36 6 37 40
19 22 16 17 14 29 27 34 31 6 37 38 40
37 26 32 36 27 34 39 38 7 22 16 40
14 4 32 30 7 21 9 39 31 36 10 6 38 26
17 42 7 22 4 27 16 26
30 34 22 16 7 21 29 27 42 39 10 6 38 40
7 22 40 21 27 42 31 32 26 6 16
36 27 34 29 39 9 42 32 10 4 38
29 42 21 9 39 6 16 40
27 4 22 32 34 42 39 31 21 6 38
34 4 21 9 31 6 38
9 26 22 31 21 10 38 40
42 40 39 26 31 16
39 31 32 10 26
22 26 40 21 4 31 32 6
31 16 4 31 32 10
32 4 10 16
16 6 38 26
21 10 4 6 40
10 4
4 38 26
6 6 40
26
38 40
40
