#kunkel.py
# GMT Fri Apr 19 03:40:49 2019
# 
3 39 11 0 41 15 30 36 34 42 5 31 8 12 13 28 16 38 17
28 41 24 32 4 20 25 8 2 13 16 37 14 7 36 27 31 0 21 1 6 38 26
41 5 7 33 21 27 15 4 39 20 0 16 1 10 13 22 23 18 19 40
24 14 11 30 16 33 35 21 27 31 9 5 20 25 8 2 13 22 23 18 37
33 35 12 20 25 8 2 13 30 23 16 19 37 22 7 21 27 15 39 32 36 1 10 6
26 42 21 27 15 31 9 12 39 25 32 38 1 18 17 23 19 40
35 40 11 7 21 29 34 25 12 20 31 0 2 1 10 30 23 16 17
34 14 8 32 36 27 15 22 39 20 0 21 1 10 18 30 23 38 17
2 4 5 25 8 30 23 16 37 14 7 29 27 9 42 39 31 32 1 17 38
22 14 11 36 9 42 39 20 8 10 1 15 7 18 30 6 38 17
5 11 6 36 29 27 15 9 12 39 25 17 4 13 42 23 18 37
20 12 25 32 13 42 23 19 37 14 11 9 0 1 17 38 40
25 21 29 42 15 12 8 10 4 30 37 18 23 40
0 16 12 32 18 42 13 37 14 11 21 27 39 31 10 6 38
12 32 8 13 30 18 19 17 7 40 21 29 15 1 6 37 38
18 11 27 31 9 32 10 7 6 37 19 40
32 23 13 37 7 40 21 29 27 15 42 31 6 17 38
13 39 30 27 4 17 10 37 19 40
30 23 19 17 7 21 29 15 9 39 1 4 38
23 14 8 11 1 6 37 38 40
16 14 11 27 15 42 39 31 8 10 7 19
19 4 8 37 11 36 29 15 9 42 31 10 6 38 40
17 11 7 36 29 27 15 42 39 31 10 4 6 40
14 11 36 29 27 9 42 37 21 1 6 38 40
11 4 37 36 27 9 42 31 8 6 40
7 1 42 36 27 9 31 8 10 6 38
36 27 15 4 39 31 21 1 6 37
4 29 21 15 42 10 1 6
27 6 9 1
15 40 38 21 37
9 8 38 10 6 40
42 37 29 31 8 1 10
39 39 29 31 8 10 6 38
31 21 38 40 37
8 29 10
21 6 29 38 40
1 37 29 6 40
10 6 40
6 6 37 38
37 37 40
29 40 38 29
38
40
