#kunkel.py
# GMT Fri Apr 19 03:39:47 2019
# 
3 8 41 33 22 5 20 0 13 4 18 19 17 14 7 21 34 32 36 10 40 38 26
8 22 5 25 0 2 18 4 23 16 17 11 7 21 29 34 9 42 39 36 10 26
41 14 11 30 7 21 39 9 28 5 20 31 0 17 10 37 23 38 40
24 7 24 33 35 21 29 27 28 31 0 38 10 6 30 23 19 37
33 35 22 5 13 23 16 19 17 14 11 7 21 29 27 15 9 28 31 1 6 37 40
35 42 34 25 12 5 20 31 0 19 2 6 28 23 18 38 37
16 34 22 5 20 12 2 18 30 23 37 21 15 39 31 36 1 10 6 17 38 40
1 15 12 20 25 32 13 18 19 37 11 7 36 29 27 34 9 42 31 0 21 10 38 40
22 14 11 34 32 40 26 36 15 9 12 5 0 2 30 23 19 37
5 15 5 18 12 13 17 11 36 4 27 34 9 42 31 0 21 37
20 14 28 30 21 32 42 39 10 31 0 12 38 6 4 19 26
25 14 11 30 7 29 27 34 42 39 31 32 13 28 23 18 38 26
0 26 30 34 29 42 15 31 21 10 12 19 17
2 34 4 32 12 23 17 14 11 30 36 29 27 15 9 28 39 6 38 40
13 14 11 21 29 27 34 9 28 39 32 17 10 42 23 19 37
4 26 11 7 27 42 12 10 18 28 23 6 19 17
23 32 17 11 36 27 28 31 21 6 37 38
18 28 7 36 42 15 9 10 19 6 30 38
19 42 37 14 7 29 15 28 31 32 10 26 38 40
17 12 32 30 11 7 21 29 15 28 39 38
14 15 27 34 9 39 32 38 6 30 36
11 27 15 9 7 42 38
30 28 37 36 29 42 39 31 21 10 38 40
7 26 28 32 34 27 42 12 6
42 37 36 9 39 32 6 38 40
15 36 29 27 9 39 31 32 6 40
21 36 34 9 28 39 10 26 40
29 40 26 36 31 28 10 37
27 31 39 32 10 26 38 40
34 10 12 37 34 9 28 39 32 6 38 40
9 26 39 12 6 28 37
28 12 32 36 10 6 26
12 32 6 37 38 26
39 32 31 10 6 38 26
31 36 31 10 6 40
32 37 36 26
37 36 10 26 40
36 10 26 38 40
10 6 38
6 40
40 26
38
26
