#kunkel.py
# GMT Fri Apr 19 03:31:18 2019
# 
3 14 8 7 4 27 9 42 39 20 25 32 37 2 1 30 23 16 19 17
0 18 26 41 24 21 15 31 9 39 25 37 40 2 6 13 30 23 16 17
41 24 33 22 5 20 25 2 18 12 23 17 26 30 7 21 27 15 31 32 1 37 40
24 24 33 22 5 20 2 28 16 19 17 11 30 7 21 29 34 42 39 31 36 1 6 37 38
33 14 22 36 4 42 28 5 39 32 12 2 1 7 6 30 16 38 40
26 35 22 5 20 8 2 18 28 23 16 19 11 30 21 29 27 34 42 12 1 10
35 5 11 28 7 21 4 15 42 39 20 17 36 1 6 18 30 23 16 19
15 12 5 10 8 22 23 16 37 14 11 7 21 4 34 9 36 1 38 40
11 13 4 5 1 25 8 18 22 37 16 19 17 14 21 29 28 31 10 6 38 40
4 7 21 27 12 5 20 25 32 2 13 42 6 19 40
5 12 32 2 13 37 18 17 14 7 36 29 27 9 39 8 6 40
20 22 18 16 19 17 7 36 34 42 39 31 1 6 37 38 40
25 14 28 27 34 9 12 1 17 2 10 7 42 23 16 37
8 14 34 9 12 22 32 37 38 2 1 10 18 17 23 19
12 39 17 30 21 34 31 22 38 7 29 19 40
2 18 30 23 16 19 36 27 34 28 39 31 32 6
18 32 22 13 30 16 17 14 29 34 28 31 10 40 38
42 22 32 42 23 13 19 37 30 21 29 9 28 39 36 10 38
23 34 31 9 28 39 1 32 10 6 30 38
16 13 17 14 21 27 28 31 32 36 1 40
19 30 17 7 21 29 27 28 39 31 32 38
37 22 17 21 29 27 9 39 31 32 1 6
14 14 7 36 29 27 9 22 10 6 38
22 34 13 28 30 36 27 9 39 1
30 28 21 27 34 9 39 38
7 21 9 32 1 13 6 17
21 34 13 29 9 32 40 38
29 32 13 28 27 34 9 39 31 1 40 38
27 32 13 17 36 9 28 10 6
34 6 9 1 10 13 28
9 32 10 28 39 36 1 6
28 10 32 31 1 6 40
39 31 1 13 6
31 32 10 6 13
32 13 38
36 40 10 6 38 17
1 17 40 1 10 38
10 40 6 13 38 17
6 40
17
13 38 40
38 40
40
