#kunkel.py
# GMT Fri Apr 19 03:26:30 2019
# 
3 24 35 4 5 10 0 2 18 42 19 17 14 22 7 36 9 28 39 1 26 38 40
41 14 11 28 7 30 32 27 15 31 9 42 39 20 25 8 0 1 10 13 4 6
24 34 22 20 0 4 23 17 11 30 7 21 29 27 15 31 36 1 10 6 37 26
33 39 11 32 40 35 21 27 34 31 9 5 20 0 8 37 36 18 30 23 38 17
35 14 32 21 29 27 15 28 39 20 25 8 36 1 10 37 23 16 38 26
34 14 0 28 21 29 27 15 12 20 6 8 2 10 4 13 30 23 18
32 42 22 20 25 2 18 4 23 19 37 14 11 40 36 27 28 12 31 6 17 38 26
11 14 22 30 9 12 39 20 31 0 38 26 1 13 17 37 19 40
4 22 5 1 25 8 2 18 30 19 17 7 21 29 27 15 39 31 10 40
5 26 16 13 21 42 5 31 12 2 10 18 23 36 38 17
10 12 25 0 2 18 23 13 19 37 14 7 21 27 16 31 8 6 26
25 13 25 0 18 30 23 16 37 22 36 29 27 15 9 42 39 1 6 17 40
0 15 22 20 13 12 16 19 37 21 9 39 36 1 6 40 26
12 8 2 18 23 16 37 14 40 36 29 27 42 39 31 17 38 26
2 16 22 2 18 13 37 7 36 29 28 39 8 6 17 38
18 15 13 22 19 17 14 7 36 29 27 42 1 38 26
42 22 16 19 37 30 7 21 27 9 28 31 8 6 26 40
37 8 23 19 37 21 29 27 9 28 39 1 6
13 39 14 21 31 22 1 6 28 23 16 38 40
19 8 22 30 14 21 29 15 9 28 39 36 40 38 26
17 16 30 7 29 15 9 28 8 6 38 26
14 30 15 29 20 8 28 16 36 22 23
22 30 21 15 9 31 36 1 6 38 40
30 28 20 30 16 7 29 27 15 9 31 6 38
7 29 21 40 39 1 23 36 38
23 15 29 31 20 8 28 6
20 36 27 9 28 31 21 15
36 16 21 29 9 28 39 1 6
29 15 8 27 9 39 31 40
27 21 28 39 31 1 26
15 21 9 28 8 1 26
9 39 31 8 21 6 40
28 16 28 1 40
39 21 31 1
31 16 21 40 38 26
8 26 1 6 40
16 21 6 38
21 38
1 26 38
6
26 40 38
38 40
40
