#kunkel.py
# GMT Fri Apr 19 03:24:29 2019
# 
3 11 7 29 27 15 12 22 31 0 17 10 41 6 26 23 16 38 37
41 14 11 7 33 22 34 27 15 4 20 31 32 42 1 6 13 28 18 19 37
24 14 11 7 34 32 15 25 9 28 39 20 31 8 17 1 18 42 5 38 26
13 14 0 26 35 21 29 27 34 5 39 25 8 38 2 7 18 40 23 19 37
35 33 12 20 8 22 23 18 37 14 11 7 21 29 34 42 39 31 32 36 26 38 40
34 33 4 5 8 22 16 37 7 29 27 9 28 39 31 10 6 38 40
32 33 4 10 8 2 18 30 23 19 14 11 36 29 15 9 39 21 1 6
12 14 11 33 15 25 9 22 39 20 31 18 6 4 23 16 26
5 42 33 15 22 5 20 25 8 4 23 16 19 37 14 11 21 27 9 28 26 38 40
20 33 10 0 18 4 37 14 11 30 29 27 9 31 8 1 6 17 38
25 42 39 8 7 33 27 15 40 22 31 0 2 1 28 23 38 26
8 15 9 28 39 2 10 18 1 6 38 37
21 14 7 33 36 6 15 42 39 31 2 1 10 18 37 38 40
2 16 33 22 0 4 28 23 37 14 30 29 15 42 39 36 10 6 17 40
18 22 19 17 14 11 30 36 9 42 31 1 38 40
22 4 10 30 16 17 11 7 36 29 27 15 9 28 1 6 42 38
23 28 26 4 10 19 37 14 27 42 39 31 0 1 17 40
16 17 7 33 15 27 9 1 31 0 10 6 30 37 26
19 42 39 11 33 36 27 4 31 17 26 1 7 30 6 37
17 28 0 30 37 14 36 29 27 42 39 1 38 26
40 33 4 30 14 11 7 36 29 27 28 31 1 6
14 33 11 29 27 15 42 39 38 26
11 28 33 30 37 36 15 42 1 10 6 26
30 36 29 42 15 6 10 4 30
7 26 27 36 42 9 10 6 4 37
33 0 28 27 9 42 39 31 36 10 6
42 29 28 1 37 26
36 9 39 28 6 38 26
29 4 15 9 28 0 1 10 38 26
27 15 38 4
15 31 39 4 38
9 4 31 0 10 28 26
28 0 37 31 10 6
39 0 10 38 6
31 26 4 0
0 10 38 26
1 6 37
10 38
4 6 38
6 37
37 26
38 26
26
