#kunkel.py
# GMT Fri Apr 19 03:23:40 2019
# 
3 36 14 22 28 24 33 21 4 9 42 39 5 32 12 2 1 18 30 6 19 26
34 28 24 35 4 5 20 0 30 16 17 26 11 21 29 15 42 39 32 1 10 6 37 38 40
41 16 24 33 35 22 10 0 18 12 13 19 17 11 21 27 9 28 39 36 1 6 38 40
24 6 21 29 27 15 9 16 20 31 19 1 10 13 18 38 26
33 4 5 20 25 2 13 22 23 17 14 11 7 36 29 27 15 9 28 39 1 42
35 14 11 21 29 27 15 9 28 10 31 26 17 2 1 18 30 23 19 40
16 14 11 30 20 4 15 42 39 22 31 0 1 10 13 12 37 6 40
11 15 22 10 25 0 2 13 19 37 14 7 27 9 28 1 6 38 40
22 27 36 32 9 42 5 20 8 1 30 37 19 40
5 7 40 36 29 21 25 28 39 20 31 2 13 12 6 38 37
20 10 32 18 12 17 7 21 29 27 39 31 8 1 6 38 26
25 0 7 40 21 32 15 42 31 8 12 2 1 6 13 30 18 38 37
32 0 15 21 29 42 8 17 18 2 1 4 12 23 36 19 37
12 13 4 0 2 18 17 14 7 21 28 39 36 1 38 26
17 0 27 15 39 31 2 10 7 18 26 23 19 40
2 26 1 0 2 13 30 19 14 21 27 39 31 10 37 38 40
18 8 0 4 30 19 14 7 21 29 31 10 38 26
42 26 0 4 15 28 1 8 36 10 30 19 40
23 14 0 7 21 27 15 9 28 39 31 10 6 30 38 40
13 1 0 30 19 37 14 21 4 15 9 28 39 8 10
19 28 0 30 14 36 27 15 31 8 40
37 39 28 6 21 29 27 36 8 10 7 30
14 14 36 27 15 9 39 6 30 26
0 28 30 9 39 31 10 38 40
30 21 39 36 1 40 38 26
7 1 21 27 31 9 8 36 10 4 6
21 15 29 27 9 28 8 6 26
4 26 29 27 28 39 1 8 36 10 6 40
27 8 29 9 31 1 6 38 26
15 40 9 28 31 8 26
9 29 39 31 36 10 6 38
28 29 39 8 6 38 26
39 26
31 36 29 1 6 38 40
8 36 40
36 10 1 26 38 40
1 10 6 38 26
10 6 38
6 29 40
40 38 26
29 29 38
38 26
26
