#kunkel.py
# GMT Fri Apr 19 06:56:37 2019
# 
3 28 24 35 12 5 20 25 18 30 19 17 14 36 29 15 42 39 31 1 10 6 38 40
28 39 42 41 24 33 35 36 27 15 9 28 5 31 0 2 18 30 6 38
41 42 14 11 7 40 35 36 32 15 9 5 39 8 10 18 4 23 16 17
24 11 32 35 36 27 15 31 9 4 12 0 8 38 10 18 30 19 26
33 8 35 12 20 25 0 2 13 30 19 17 36 27 34 31 32 1 10 6 37 38 26
35 22 2 13 30 19 37 14 7 36 27 34 39 31 6 17 38 26
16 14 22 30 36 27 34 31 9 4 39 20 25 0 10 7 6 42 37 19 40
11 4 22 2 13 30 23 18 37 14 11 7 20 36 29 27 34 42 12 31 1 10 6 26
12 4 5 20 25 0 13 30 18 37 14 21 34 42 39 22 36 1 17 40
5 26 22 34 21 29 15 42 39 20 30 32 2 10 18 17 23 40
20 22 10 25 0 13 37 14 7 21 4 27 15 42 31 1 26
25 8 2 13 30 23 37 14 0 7 21 42 31 32 36 1 6 38 26
8 18 26 30 21 9 42 39 1 32 2 10 7 13 22 23 36 40
34 22 10 32 2 18 17 14 30 21 29 9 42 13 1 6 38
0 36 29 27 15 31 9 42 37 2 10 4 21 23 17
2 18 23 30 7 36 29 27 9 42 39 31 1 6 38 40
18 15 22 13 4 19 37 21 32 36 1 38 40
30 4 1 32 13 23 19 17 7 9 39 10
23 22 1 4 19 37 14 21 29 27 15 9 39 31 32 10 6 38
13 14 7 15 29 9 22 39 21 10 19
19 14 7 36 29 27 9 32 1 6 4 38 40
17 4 14 7 21 29 27 15 42 36 1 6 26 38 40
14 32 4 7 21 29 9 39 31 36 10
22 32 4 36 29 15 42 31 21 6 26 40
7 37 29 27 15 9 42 26 6 40
36 29 15 9 10 4 6 40
29 32 15 9 39 31 10 6 26
27 42 21 4 32 9 38 6 26
15 37 9 39 31 21 1 6 38 26
4 40 31 26 1
9 37 31 21 38 40
42 32 1 10 6 26 40
39 26 21 37 10 38 40
31 32 37 1 26
32 40 26 10 37
37 21 1 6 38
21 26 1 38
1 6 38 26
10 38
6 26 40
26 40 38 26
38
40
