#kunkel.py
# GMT Fri Apr 19 03:14:51 2019
# 
3 40 26 11 28 7 24 8 4 27 42 39 31 32 12 0 1 13 22 23 19 37
0 41 35 22 32 2 13 28 16 19 17 14 30 21 29 9 42 31 36 6 38 26
41 18 24 22 20 25 2 13 12 23 16 19 14 11 30 7 21 39 1 6 38 40
24 14 36 39 15 25 9 22 5 20 31 32 2 1 10 13 40 23 38 26
33 35 22 5 20 25 32 13 30 23 18 19 14 36 27 15 9 28 39 8 1 10 40
35 14 8 34 21 29 15 25 22 39 31 12 17 26 10 13 28 37 36 40
34 22 20 25 2 18 30 23 16 19 37 7 21 29 27 15 9 42 39 31 10 26 40
36 4 5 20 25 2 13 30 23 19 37 14 11 29 27 9 42 31 1 10 38
4 12 5 25 18 23 19 17 14 11 7 21 29 27 9 39 31 6 37 38 26
5 11 28 13 29 27 15 12 5 20 30 2 1 22 16 19 17
20 1 8 2 28 23 16 17 11 30 15 9 42 39 31 10 6
25 14 11 29 9 22 17 26 6 12 37 16 40
8 11 7 40 21 42 15 22 39 32 2 1 28 23 16 19 17
12 22 1 13 42 23 19 37 14 11 21 29 27 15 9 28 12 31 10 6 26 40
17 13 29 27 15 31 28 2 1 10 6 22 16 19
2 22 19 37 14 11 40 21 29 27 42 32 1 38 26
13 39 11 21 32 19 1 7 18 40 23 38
22 15 18 23 16 7 42 1 6 38 26
23 15 30 18 14 7 29 27 9 28 10 42 38 40
16 28 15 18 30 19 37 7 29 27 42 10 6 26
19 32 18 30 14 11 29 15 39 1 26 40
37 26 21 27 31 9 28 39 10 42 38 40
14 29 27 15 31 38 7 6 30 40
11 15 9 42 32 10 1 7 18 26
30 15 21 39 27 9 28 10 26
7 10 18 21 27 28 31 32 1 6 26 38 40
28 39 21 29 15 9 31 1
29 21 42 15 39 31 10 6
27 10 15 42 39 31 1 40
15 18 21 42 32 6
9 18 42 31 10 6 40 38 26
42 32 18 21 31 10 6 26 40
39 21 40 32 10 6
31 32 18 21 1 38
32 21 18 38 26
18 21 1
21 6 38 26
1 26
10 26
6 40 26 38
40 26
38
26
