#kunkel.py
# GMT Fri Apr 19 03:13:36 2019
# 
3 8 41 24 35 12 25 0 4 28 13 37 14 30 36 29 27 15 9 42 31 32 40 26
8 42 28 7 21 27 31 22 12 20 25 0 38 18 30 6 19 17
41 24 22 5 20 0 2 13 4 23 37 7 36 27 15 9 31 1 10 26 38 40
24 34 22 2 13 12 23 16 19 17 11 30 36 27 15 9 42 31 10 6 26 40
33 35 4 5 1 25 32 12 18 28 16 19 17 11 30 7 27 15 9 42 39 31 0 10 37
35 7 21 4 15 25 42 20 31 0 16 13 12 37 6 19 40
34 14 17 7 13 21 29 34 22 39 20 19 4 18 28 37 16 38 26
11 14 22 7 36 42 15 31 9 12 5 25 21 1 18 30 23 19 40
12 5 20 2 18 42 19 7 21 29 27 28 31 0 10 6 40 26
5 21 29 27 9 20 25 32 37 2 1 4 6 17 23 16 38 40
20 39 32 36 6 15 9 31 0 21 13 17 23 18 38 37
25 4 10 18 30 23 13 37 14 27 15 42 39 1 6 38 26
0 15 22 31 32 19 17 2 18 23 16 38 37
17 16 15 22 2 18 28 23 13 19 36 27 9 42 39 32 21 38 40
2 14 22 7 32 36 29 28 30 19 26 6 23 18 38
13 28 4 18 30 16 37 14 29 15 42 39 1 10 6 38 40
42 32 4 23 18 36 29 9 42 31 1 6 40
23 4 37 21 29 27 28 39 31 32 10 38 26
16 15 4 30 18 14 7 36 29 27 28 31 21 37 40
19 15 4 22 14 30 7 21 29 27 39 36 1 10 26
37 14 21 22 1 10 7 6 40
14 26 21 27 36 28 39 22 38 10 6 18 30
22 26 18 30 7 36 29 27 9 39 31 6 38 40
30 4 7 29 27 15 9 28 31 32 18 10 6
7 36 27 15 9 28 32 21 1 6 38
36 29 15 31 26 38 10 1
29 4 32 28 27 9 39 10 6 38 40
27 10 4 39 31 1 6
15 26 40 39 32 31
9 4 32 18 21 9 28 31 1 10 6 40 26
28 26 21 32 18 38
39 40 31 38 21 10 26 6
10 6 38 4 18
31 4 21 26
32 6 4 18 26
18 1
21 40 1 6
1 4 38 40
4 26
6 40 38 26
40 38
38 26
26
