#kunkel.py
# GMT Fri Apr 19 06:56:27 2019
# 
3 41 24 33 35 4 5 20 25 32 18 42 23 19 37 14 36 27 15 28 39 1 6 38 40
8 18 39 11 24 33 35 36 6 34 42 5 20 0 21 1 10 13 4 16 37
41 41 34 22 5 0 13 30 16 19 17 14 11 7 21 29 27 15 42 36 10 6 26 38 40
24 35 15 4 25 2 13 28 16 17 14 11 36 29 34 9 42 12 0 6 26
33 14 11 30 7 13 34 9 22 20 0 37 17 26 10 6 42 23 18 40
35 14 36 29 21 34 4 12 39 20 32 2 5 10 13 22 16 19 40
34 26 11 28 21 42 39 20 32 1 6 13 12 18 19 40
2 14 22 36 15 9 12 20 31 38 17 21 1 10 18 30 23 16 19 26
11 32 12 5 1 25 18 4 23 37 21 29 27 9 28 0 36 10 6 40 26
4 0 22 20 32 13 12 23 7 21 29 27 15 28 31 36 40 26
5 20 25 32 13 28 23 18 19 17 14 7 21 29 15 9 42 31 0 1
20 28 40 36 29 31 32 12 38 1 30 16 19 26
25 22 32 30 23 16 17 14 7 36 15 9 28 39 31 0 1 37 38 40
32 28 7 21 27 31 9 0 32 13 12 18 17
12 15 18 22 16 19 30 7 21 29 27 9 42 31 0 10 38
26 22 18 42 23 19 37 14 7 36 29 28 39 6 38 40
18 30 19 17 14 7 29 27 9 42 31 1 37 38
42 16 30 23 13 17 22 29 28 31 0 1 37 38
23 22 0 13 30 16 19 7 36 15 9 39 31 1 38
13 15 1 0 22 16 17 14 36 9 39 10 40
19 0 30 17 7 29 15 9 39 31 37 1 10 6 40
37 21 29 27 15 31 39 0 38 17 28 6
14 0 21 29 15 28 39 31 36 10 40 38
22 30 16 17 7 36 15 9 10 6 40 38
30 28 21 15 31 9 39 0 7 36
7 16 29 27 15 9 28 39 10 6
36 21 27 15 9 10 6 38
29 0 16 9 39 10 40 38
27 28 40 6 9 39 31 17 21 1 16
15 0 16 31 21 1 6
9 40 6 17
28 0 16 17 31 10 38
39 17 40 21 10 1 16
31 17 40 21 16
0 16 10 17
16 16 17 1 10 6
21 10 1 6 38
1 38 10 40
10 6 38
6 17
17
38 40
40
