#kunkel.py
# GMT Fri Apr 19 02:41:39 2019
# 
3 30 32 20 35 21 27 15 31 4 10 25 0 38 2 1 18 22 23 36 19
8 18 39 17 28 7 24 14 26 36 27 9 12 5 16 37 2 6 4 23 13 40
41 24 33 34 22 5 25 0 2 13 30 18 14 21 29 42 15 28 12 31 10 4 38
24 33 22 5 20 32 18 12 23 19 37 14 40 36 4 15 42 31 1 6 17 38 26
33 7 35 36 29 42 15 9 12 25 32 38 2 1 13 4 23 16 19 40
35 12 5 20 2 4 23 19 37 11 40 36 29 15 28 31 1 10 6 17 38 26
15 22 5 25 2 13 4 17 11 7 29 27 34 9 42 39 1 38 40
36 4 5 20 2 18 30 23 19 14 11 7 29 42 28 39 10 6 26
22 39 32 40 26 27 12 5 20 25 0 2 10 13 4 37 19 17
5 34 20 25 2 30 23 7 21 27 42 12 31 1 6 40
20 12 25 32 2 18 19 37 14 7 21 29 42 9 28 39 31 0
25 26 34 7 21 27 30 28 2 10 13 40 16 17
32 14 30 27 34 9 16 42 0 1 10 18 12 37 6 38 40
12 4 13 30 23 18 37 11 21 29 34 9 28 1 10 6 26
2 14 29 27 4 26 1 18 37 17
13 26 28 7 30 34 39 0 10 18 4 16 37
28 14 40 21 11 39 0 1 31 26 23 38 17
23 0 18 4 16 37 29 27 34 9 31 1 42 40
16 0 30 7 29 34 11 42 37 1 4 6 38 26
19 14 7 26 9 42 39 31 0 21 6 17 38 37
17 14 27 29 21 34 31 42 0 10 18 4 40
14 11 27 34 31 9 4 30 1 6 40 18
11 27 7 29 42 34 39 1 31 21 10 6 4 38
30 30 21 29 31 9 39 10 18 37 38 26
7 29 4 38 10 6 42 37
40 34 27 31 37 10 6 4 38
21 39 27 34 9 0 26 10 18 4
29 0 18 4 9 42 1 38 26
27 1 18 34 9 42 39 10 6 38
34 42 31 39 1 6 26
9 39 0 10 18 26
42 39 31 0 6
39 4 37 0 1 10 6 38 26
31 37 38 6 26
0 26 10 37 38
18 1 6 38
1 10 6
10 37 4 38 26
4 6 37 38 26
6 37 26
37 26
38
26
