#kunkel.py
# GMT Fri Apr 19 02:35:01 2019
# 
3 14 0 28 41 24 33 35 36 29 22 5 25 8 19 10 18 12 37 16 38 17
27 0 41 24 33 35 21 29 9 5 20 31 32 2 10 18 40 23 6 37
41 24 33 35 22 20 0 42 23 16 19 37 14 7 40 36 4 9 28 31 17 38 26
24 14 7 13 35 31 9 42 5 10 25 8 38 1 18 26 16 19 17
33 35 12 20 25 0 18 30 16 19 7 21 29 34 9 31 8 36 1 6 40
35 22 5 10 0 18 30 23 19 37 14 36 15 39 31 1 17 26
15 18 22 20 32 2 4 30 13 19 37 11 36 29 34 39 31 0 21 1 10 40 38 26
21 14 0 34 7 36 29 9 42 5 39 25 32 2 1 10 6 23 37
22 8 30 29 34 42 39 31 0 10 4 18 28 23 16 26
5 14 32 12 0 19 2 10 13 37 23 18 38 26
20 8 28 12 0 2 13 30 23 19 17 14 11 7 40 4 9 42 32 1 37 26
25 14 16 36 34 42 31 2 18 30 23 6 38
0 28 8 12 2 18 30 23 16 17 34 42 39 0 10 40 26
2 14 6 13 31 42 12 36 1 10 18 28 16 38 40
32 40 4 34 9 28 31 8 36 18 12 37 16 23 17
18 18 42 16 7 29 28 6 26 38 40
12 11 8 29 34 4 31 19 10 13 40 23 16 38 17
23 13 4 19 37 14 11 7 42 39 31 36 6
16 8 30 19 14 7 9 28 39 31 6 38 40
19 42 37 7 36 29 9 28 1 10 6 17 40
17 14 28 29 42 9 38 1 6 26 40 13 37
14 11 29 34 9 42 38 10 30 36
11 11 34 9 28 39 8 38 36 1 13 40 37 26
30 7 29 34 31 36 6 13 4 26
7 13 34 42 39 6 26 37
40 8 29 36 31 38 42 37
36 9 28 39 31 10 26 38
29 28 4 10 8 34 1 13
42 4 13 34 9 28 8 1 10 6 38
34 31 10 13 6 38 26
9 4 8 13 39 1 37 38 26
28 13 39 1 10 6 37 38
13 8 4 39 1 10 38
39 4 8 6 38 26
31 8 1 38 37
8 1 4 6 37
1 38 37
10 4 6
4 6 37 4 26
6 26 37
37
38 26
26
