#kunkel.py
# GMT Fri Apr 19 02:35:01 2019
# 
3 18 8 24 33 5 25 0 13 30 23 16 37 14 11 7 36 29 39 32 17 38 26
8 14 17 7 24 36 29 27 15 40 4 39 0 2 1 6 42 23 16 38 37
28 26 17 41 24 33 35 21 4 32 42 5 31 0 12 2 7 18 22 37 40
41 40 11 7 24 33 34 15 9 22 39 20 36 1 10 6 30 23 37
24 33 12 20 25 0 2 30 23 19 14 11 42 9 31 32 1 10 6 40
33 22 20 32 2 13 4 23 19 37 14 11 7 21 27 15 9 12 0 36 10
35 26 34 32 21 29 27 15 9 12 39 31 0 2 10 6 38 17
34 22 5 10 32 12 2 13 4 18 19 17 29 27 9 42 39 31 1 38 40
2 12 10 32 13 42 23 18 17 14 30 7 21 15 31 1 6 37 38 40
4 26 11 0 22 27 15 25 39 20 31 38 13 37 23 6 19 40
5 26 22 30 7 27 15 9 32 25 0 18 12 23 16 17
22 14 11 36 29 27 25 20 31 0 10 7 13 23 16 40
25 14 11 30 7 39 27 9 20 32 26 1 18 16 40
0 23 16 19 17 14 11 21 27 15 9 31 36 37 40
12 26 30 21 29 9 42 31 1 37 16 19 40
18 14 26 21 39 27 20 32 10 42 30 37 6 38 40
13 14 17 30 15 29 27 31 19 1 42 23 38 40
30 26 36 27 15 31 9 20 10 7 1 38 37
23 16 19 17 11 27 15 9 39 31 10 38 26
16 20 19 37 14 11 7 21 29 39 31 32 1 6 26 40
19 15 10 37 11 7 40 21 29 27 42 1 6 17 38 26
37 10 17 11 7 36 29 27 9 39 21 1 37
14 32 36 29 21 15 9 39 1 6 40
11 21 29 15 39 38 10 7 40
7 21 27 36 1 6 26 38 40
40 39 20 42 27 31 1
20 17 27 42 31 9 32 1 10 38
36 29 15 9 10 31 26 1 6 38 17
29 27 15 42 39 31 21 6 17 38 26
27 17 26 21 9 31 1 10
15 17 9 42 31 6 26
9 42 39 21 6 17 26
42 42 31 17
39 10 1 6 38 17
31 17 21 6
32 21 26 38 17
21 38 10
1 26 10 17
10 38 26
6 26 17
17
38
26
