#kunkel.py
# GMT Fri Apr 19 06:56:14 2019
# 
3 24 35 4 5 25 32 12 2 22 19 37 11 7 21 27 15 9 39 36 1 40 38 26
8 41 33 22 5 10 25 32 13 28 19 37 14 36 4 27 15 9 42 39 31 1 40
41 33 34 12 20 25 2 18 30 13 14 11 36 15 9 42 22 1 10 6 38 40
24 33 22 20 25 32 12 2 18 4 16 19 37 11 29 42 39 0 1 17 38 26
33 42 14 11 35 36 27 12 39 0 32 1 7 18 28 6 38 26
13 26 11 40 35 36 29 27 9 12 39 20 32 2 10 7 6 4 16 17
35 15 32 42 23 16 19 37 14 11 21 29 27 34 9 28 31 0 10 17 38 40
34 4 5 32 12 23 19 17 30 7 21 27 15 9 39 31 0 1 6 37 26
4 14 11 28 30 21 12 5 22 25 16 18 42 23 38 17
5 26 11 23 21 29 27 25 9 28 22 31 32 6 37 16 19 17
22 12 1 25 2 18 30 23 19 11 21 15 31 28 39 0 32 10 6
25 26 0 28 16 42 15 11 9 10 7 6 23 18 40
32 14 42 29 27 40 31 1 6 12 19 26
17 28 16 15 0 30 18 19 37 29 27 9 42 12 1 6 40 26
2 10 0 30 23 37 14 11 7 21 29 27 15 9 12 31 1 6
18 20 42 16 14 7 21 29 15 28 12 31 10 6 38 26
12 16 19 37 14 11 7 28 31 6 38
23 39 11 7 15 29 42 31 38 10 6 37 36 19 40
6 16 20 30 14 21 28 0 36 10 6 40 26
19 39 30 20 31 37 26 1 10 19
37 20 30 16 14 11 36 9 28 21 1 10 40 26
14 28 20 30 14 11 7 21 29 15 9 42 39 1 26
11 30 16 7 29 27 28 39 10 40 26
30 20 0 16 36 27 9 28 31 21 1 38 26
7 16 0 21 29 27 15 9 42 39 31 1 38
20 16 0 42 21 29 9 28 39 31 36 10 26 38 40
21 0 16 36 27 15 39 40 38 26
29 39 15 9 31 1 10 40 38
27 26 15 28 1 36 38
15 40 9 42 16
9 28 42 0 10 38
28 16 42 31 0 40
39 0 38 36 1 10 40
31 16 0 36 42 1 10
0 36 42 1 10 26
16 42 1 38 40
36 40 42 1 10 38
1 42 38 40
10 42
42
40
38 26
26
