#kunkel.py
# GMT Fri Apr 19 02:23:29 2019
# 
3 8 32 33 21 34 5 10 31 0 38 2 1 41 13 30 23 19 17
28 26 11 41 33 36 29 27 34 42 39 0 8 2 1 7 6 22 16 40
41 14 11 7 13 36 4 9 42 39 22 32 37 2 18 23 16 19 40
24 11 34 7 33 35 36 29 27 15 9 12 39 0 19 2 10 6 30 13 38 40
33 35 4 5 10 25 0 22 23 16 19 17 14 30 7 21 34 9 12 39 31 8 1 37 40
35 12 1 32 2 13 22 23 37 14 11 30 21 29 27 15 9 42 31 8 10 26 38 40
15 14 11 0 36 29 27 9 12 39 20 31 32 37 6 30 23 16 19 17
11 40 14 0 36 9 39 20 8 1 7 4 16 19 37
4 30 40 22 34 9 42 5 20 25 8 10 7 18 12 16 37
5 20 25 0 13 30 23 19 17 26 7 21 39 31 8 36 1 37 38 40
1 16 12 20 25 32 2 18 42 13 19 17 36 39 8 10 38
25 26 32 2 18 12 23 16 17 14 36 29 27 9 42 13 31 8 6 37 38 40
8 16 22 2 18 42 13 14 30 7 36 29 6 38 26
12 21 39 32 2 13 37 36 38 17
2 22 32 13 18 30 7 21 27 9 42 39 36 6 38 26
13 14 21 29 32 31 9 6 42 18 19
30 21 29 27 36 20 31 10 18 23 16 38
23 22 0 18 16 19 17 7 21 29 27 9 32 36 26 38 40
16 10 0 14 7 29 27 34 9 42 31 6 38 26
19 34 22 0 18 7 21 9 39 31 32 6 40
17 14 22 34 7 36 39 42 20 0 6 38 37
14 34 36 32 31 9 22 7 37
0 34 27 9 42 20 32 10 37
7 20 32 22 36 27 34 39 31 10 6 38 40
20 40 21 29 27 31 32 36 6 18 26
21 39 26 29 34 9 31 32 18 40
29 40 22 34 27 42 10 6 37
27 34 31 9 39 32 18 38
34 18 42 9 31 10 6 37 26
9 18 42 39 31 26 40
42 22 31 39 10 6 18
39 22 10 31 38 26
22 26 40 37
31 18 37 6 26
32 32 10 40 38 26
37 36 18 38 26
18 26 10 6
36 40 10
10 26
6 38 26
40 26
38 26
26
