#kunkel.py
# GMT Fri Apr 19 02:15:09 2019
# 
3 35 12 5 20 25 0 2 13 16 37 7 36 29 34 9 28 39 8 1 40 38 26
8 26 11 28 7 24 30 36 29 15 31 4 22 25 0 17 10 6 37 38 40
27 24 35 22 20 32 18 30 16 19 17 14 11 36 42 15 9 28 12 21 1 6 37 38 26
41 33 4 20 0 2 13 30 23 16 19 17 14 22 7 21 42 34 9 28 39 10 6 38 40
24 14 7 33 13 28 32 15 9 12 39 20 26 6 18 42 16 19 40
33 35 15 22 20 32 2 18 30 37 7 4 42 34 28 39 0 1 10 6 40
35 22 5 25 32 2 30 23 37 7 21 29 15 28 12 31 36 1 38 40
15 18 11 28 32 20 34 31 4 1 25 2 10 6 40 13 37
12 4 10 25 0 2 30 23 16 19 17 11 7 40 21 29 9 22 31 36 1 37 38 26
5 4 20 0 2 18 30 16 19 37 11 40 21 29 42 34 28 36 10 17 38 26
1 26 22 30 32 34 29 9 20 31 0 6 42 23 38 17
25 34 22 20 32 2 18 23 16 19 30 7 21 4 42 28 39 36 6
0 32 2 13 30 23 16 19 11 21 42 9 28 39 22 10
2 14 11 36 34 31 20 38 13 23 19 40
13 34 22 18 30 23 16 19 17 21 29 42 9 28 31 36 6
30 10 22 18 19 21 29 34 16 32 36 6 38 26
23 20 4 18 19 37 14 11 7 36 34 9 42 39 21 26
16 32 29 34 20 10 18 19 17
19 22 20 32 18 17 39 11 7 36 29 28 31 37 40
17 18 39 11 36 20 6 22 37 38 26
14 14 11 21 29 9 22 39 20 31 32 10 6 18 38 26
11 39 7 34 21 20 31 10 40
7 26 36 4 31 9 22 42 29 37
20 34 28 6 37
21 42 22 32 18 37 36 29 28 31 10
29 40 32 39 31 6 4 26
42 22 4 18 37 9 31 32 36 38 40
34 40 4 10 6 22 38 26
9 36 32 22 28
28 18 37 28 39 32 38 26
39 40 22 37 26 10 18 4
22 10 31 32 36 6 37 40
31 18 36 10 6 40
32 40 26
37 18 37 36 10
18 4 40 36 10 6 26
36 38 26
10 4
4 6 40
6 26
40 38
38 26
26
