#kunkel.py
# GMT Fri Apr 19 02:14:06 2019
# 
3 5 11 7 24 35 29 27 9 42 39 31 0 41 6 28 16 40
8 41 33 35 15 4 5 20 25 0 2 13 30 23 17 14 7 21 27 34 9 42 31 32 36 38 40
41 24 35 15 22 25 32 18 4 23 37 14 11 29 34 9 42 12 39 10 26
24 5 11 23 29 27 15 12 39 31 32 17 26 6 13 28 37 18 40
33 26 28 7 36 29 34 9 12 20 30 0 2 4 13 42 23 18 19 37
26 14 11 34 21 29 15 22 39 25 0 28 1 4 18 30 37 16 17
35 14 11 20 36 29 2 15 42 5 39 32 21 10 6 30 18 19 40
15 16 22 20 25 2 18 12 23 13 37 11 4 42 39 31 32 10
2 14 34 25 39 20 31 32 19 1 10 6 17 37 13 38 40
36 11 28 32 4 34 9 22 12 20 25 13 42 6 38 40
12 40 14 0 34 39 20 31 32 21 6 18 30 23 16 38 17
5 29 27 34 31 28 25 32 6 18 30 23 16 19
22 11 34 29 27 9 42 32 0 21 1 18 37 23
25 4 20 30 23 16 17 7 29 9 39 31 21 10 37 38
32 0 30 23 16 19 37 14 7 29 27 28 39 6 38 40
18 39 34 29 27 9 28 0 10 4 13 23 19
13 14 0 7 27 9 4 10 31 1 16 38
28 20 30 23 16 17 11 7 21 9 42 31 0 1 10 6 38
23 16 37 7 21 29 34 9 39 10 4 6 38
16 10 0 42 17 11 30 7 21 27 34 39 1 6 37 40
19 14 7 21 34 9 4 20 31 1 6 37
17 20 42 37 14 30 7 21 29 27 34 9 39 0 10 40
14 0 4 27 11 9 42 20 31 1 37
11 4 0 30 37 21 29 27 9 1 42 40
30 40 27 34 31 9 20 1 37 38
7 20 21 29 27 9 42 39 31 1 10 38
20 4 37 42 39 31 1 6 38 40
21 29 34 39 0 31 1 4 6
29 39 27 0 1 6
27 0 39 10 1 42 38
34 4 0 37 39 1 6 40
9 4 42 0 1 10 38 40
42 0 4 10 37 38 40
39 4 31 1 10
31 0 1 6 40
0 10 6 37
1 37 10 38 40
10 40 38
4 38 6
6 38 40
37 40
38 40
40
