#kunkel.py
# GMT Fri Apr 19 02:12:53 2019
# 
3 24 33 35 20 25 8 2 13 18 19 37 14 7 21 29 15 9 28 31 1 10 6 40
34 14 17 41 24 29 27 25 28 5 39 31 12 19 10 13 30 23 16 38 26
32 41 33 35 22 5 20 25 0 2 30 23 16 19 37 14 11 21 4 27 15 9 39 1 10 38 40
24 5 18 33 35 21 29 2 15 12 39 17 36 4 13 28 16 37
33 14 17 35 29 42 15 4 5 31 12 26 6 30 23 38 40
35 41 4 8 18 22 17 14 0 30 7 27 15 39 31 10 6 40 26
16 11 7 21 29 27 25 9 5 31 2 1 41 6 40 23 18 19 26
11 14 21 27 31 4 5 20 25 8 36 6 13 30 23 26
12 22 5 20 25 0 2 18 42 19 37 14 29 28 39 31 1 4 6 26 38 40
5 13 29 42 22 39 20 31 1 6 18 30 23 37 26
20 22 8 2 17 30 7 21 27 15 9 42 31 0 36 10 38 40
25 41 13 15 18 23 19 17 21 29 9 28 39 31 36 10 6
8 41 40 22 36 29 27 15 4 0 18 2 10 6 42 23 13 17
2 28 41 4 13 30 23 19 37 22 21 42 31 1 10 26
41 36 14 18 26 21 29 15 9 28 6 17 38 40
13 21 27 15 9 0 40 10 6 30 19 37
42 14 0 28 39 26 36 4 42 15 1 10 6 30 37
23 14 21 29 27 31 9 22 1 6 37 38 17
18 10 37 40 21 27 9 28 39 31 0 1 17 26
19 4 0 17 14 30 7 29 27 15 9 28 39 6 26 38 40
37 4 0 17 14 22 7 21 15 9 28 39 26
14 28 21 27 0 1 40 6
17 4 22 7 21 9 39 31 0 1 10 6 38
30 22 7 36 29 15 28 31 0 1 10 6 26
7 26 21 27 15 4 39 1 6 40
21 22 36 29 9 1 6 38
29 39 0 38 36 22 40
27 22 0 4 36 9 39 31 6 26
15 22 0 39 31 1 10 26 40
4 26 28 10 6
9 1 31 0 38 36 10 6
28 31 22 39 0 10 6
39 22 36 31 1 6 38 26
22 26 31 36 1 6 40
31 0 36 1 6
0 38 26
36 6 38 26
1 26 38 40
10 26 6 38
6 26
26 38
38
40
