#kunkel.py
# GMT Fri Apr 19 02:10:49 2019
# 
3 14 24 33 35 21 27 4 39 20 25 8 26 5 6 22 23 18 19 40
34 4 1 25 0 22 23 16 19 14 11 30 7 29 27 9 42 39 31 8 10 38 26
41 40 14 8 7 24 13 36 4 42 5 39 31 0 38 6 18 28 37 16 19 17
24 39 11 30 33 8 29 9 4 5 20 25 32 2 7 18 42 37
33 8 13 35 22 20 25 0 18 30 16 19 7 36 29 27 42 39 32 10 26 38 40
35 28 22 5 20 2 18 12 13 19 37 36 29 27 15 9 42 39 1 6 38 40
16 22 5 20 25 0 2 13 28 18 19 14 11 7 29 27 42 39 31 26 38 40
32 14 11 29 27 9 42 20 25 0 17 26 1 4 28 18 19 40
4 26 11 21 29 12 39 20 0 19 15 7 18 22 38 17
5 22 25 0 2 18 23 37 14 11 7 36 15 42 39 31 10 6 17 40
20 12 30 19 17 14 11 7 21 29 27 42 39 0 8 36 1 38 40
25 14 11 36 29 31 28 39 0 2 13 38 37
8 36 29 27 9 39 19 2 6 13 30 23 18 38 17
12 26 11 28 7 15 42 39 22 2 10 6 30 23 17
17 7 30 0 27 42 15 31 2 1 13 22 40
2 14 0 7 22 36 29 27 39 26 18 28 37
18 28 22 0 30 37 11 21 9 42 31 36 1 10 38 40
22 1 0 13 7 21 15 9 28 10 38 26
23 14 0 30 26 15 9 31 36 1 13 28 37 19 40
13 1 30 37 11 7 21 29 28 31 0 10 6 38
19 11 0 29 7 39 31 6 42 38 40
37 11 36 42 15 9 28 0 38 1 7 30 6
14 30 11 7 21 29 27 15 9 28 42 6 38 40
11 7 15 28 31 1 10 38 26
30 15 0 7 36 29 27 39 21 1 10 6 26
7 40 21 9 42 31 36 1 6 26
42 15 29 10 6 38 26
21 28 29 27 9 31 0 10
29 29 9 31 0 1 10 6 26 40
27 0 40 15 9 1 36 38
15 28 0 26 36 9 39 10 38 40
9 0 26 39 36 28
28 28 39 31 0 1 26
39 36 1 6
31 26 6 0 38 36
0 36 10 38
36 6 38 26
1 26 38 40
10 26 6 40
6 38
40 26
38 26
26
