#kunkel.py
# GMT Fri Apr 19 02:08:10 2019
# 
3 5 8 30 41 33 36 4 34 9 42 39 17 32 16 26 1 18 28 13 19 40
28 8 24 33 34 12 5 20 25 0 13 4 18 19 14 11 15 9 39 31 32 1 10 26
41 24 34 5 20 25 32 2 13 19 17 14 36 27 15 9 42 31 21 1 10 6 40
24 14 11 22 34 4 27 15 39 20 25 32 12 10 5 7 42 16 19 40
33 0 35 15 22 5 20 8 26 18 23 16 17 14 11 21 34 31 32 1 10 6 37 38 40
13 11 35 36 42 5 17 32 12 38 16 18 30 37 6 23 26
35 18 32 34 4 5 25 0 12 23 16 37 30 7 36 29 27 15 31 8 6 38 26
15 12 5 20 8 2 30 23 16 17 11 7 36 34 42 1 37 38
11 22 4 42 39 20 25 0 10 6 12 23 16 19 37
4 5 25 23 16 17 30 21 27 34 9 42 31 10 6 37 38 40
5 32 25 0 2 30 23 17 14 22 7 21 29 34 12 8 6 40
20 12 25 32 2 18 22 16 14 7 29 27 34 42 39 31 8 1 6
25 30 36 29 9 8 17 2 1 22 23 16 38 40
8 22 32 2 12 23 16 17 30 21 9 31 6 37 40
12 0 2 16 14 7 36 29 9 42 31 32 6 38 40
0 14 7 40 21 27 42 39 10 6 30 23 18 19 37
2 18 30 23 16 19 37 7 21 27 9 39 31 10 38 26
18 14 22 7 21 27 34 31 17 42 23 6 26
30 32 21 29 27 17 16 1 22 6 19 37
23 32 34 1 37 14 21 42 31 36 10 6 38 26
16 19 17 14 7 36 29 42 39 31 10 40 26
19 14 27 21 32 34 9 17 1 37 38 26
17 10 37 14 36 27 9 39 31 1 38
14 22 32 7 21 29 27 34 39 10 6
22 40 32 39 9 42 6 29 38 37
7 29 6 34 36 1 10 40 37
36 6 27 34 9 39 10 1 42
29 42 40 27 9 32 26 37
27 32 9 31 10 40
34 37 21 9 39 31 40
9 40 32 39 38 6 26
42 32 21 39 31 10 38 40
39 32 21 6 37
31 21 1 38 37
32 37 21 1 10 40 38 26
37 1 10 40 38 26
21 38 10 26
1 40 10 26
10 40 6 26
6
40 26
38 26
26
