#kunkel.py
# GMT Fri Apr 19 01:56:30 2019
# 
3 40 14 11 24 33 36 29 42 15 9 22 25 32 2 13 28 37 18 19 26
10 14 11 28 7 40 33 15 9 12 20 25 32 2 18 30 19 37
16 14 11 29 15 31 22 20 25 8 2 6 13 12 18 19 40
24 34 7 13 21 29 15 9 12 30 8 28 36 1 18 22 23 6 37 40
33 41 35 22 20 25 8 13 30 23 18 19 17 14 7 21 29 27 9 28 39 31 36 6 26
35 42 14 28 21 4 27 34 12 5 20 26 36 1 13 30 18 37
34 42 14 11 41 20 4 27 9 28 5 22 25 8 17 2 30 23 26
22 28 42 4 5 1 6 30 23 38 37
5 11 41 21 4 15 12 39 8 37 2 7 13 28 23 19 17
20 14 11 7 32 15 9 1 31 8 19 13 30 38 37
25 41 15 1 8 2 13 30 23 11 7 36 29 27 9 42 39 0 18 26 40
32 11 41 21 29 15 31 0 18 36 7 13 23 6 37
17 14 11 7 21 29 27 15 28 0 8 2 1 4 23 26
2 36 42 15 31 9 12 8 28 21 13 37 19 26
41 4 13 28 23 14 11 30 29 27 15 42 12 39 31 0 1 6 38 40
13 4 30 19 14 11 21 29 15 9 39 31 1 26
28 30 4 12 1 31 8 18
23 42 15 29 40 12 8 9 36 7 4 37
18 0 7 21 31 40 4 39 36 6 37 26
19 14 11 30 7 9 42 8 6 12 38
37 14 11 21 4 9 0 8 30 36 38
14 26 11 40 21 29 8
11 30 40 21 31 26 6
30 15 4 42 21 29 27 6 40 26
7 39 27 31 9 4 8 38 1 6
36 29 15 12 1 4
29 27 15 31 26 6 38
27 21 31 9 42 39 8 1 4 6
15 12 39 31 8 6 38 40
31 4 12 0 8 38
9 4 39 38 1 40 6
42 0 40 39 8 1 26
12 39 0 8 40 38 26
39 21 0 1 38 26
0 8 40 21
8 4 26 6 38 40
21 4 1 6
1 4
4 6
6
26 40 38
38
40
