#kunkel.py
# GMT Fri Apr 19 01:55:17 2019
# 
42 41 24 35 12 20 25 32 13 30 18 19 21 4 27 9 16 39 0 10 6 38 40
3 11 30 7 33 35 27 31 4 5 20 25 8 1 41 6 28 23 13 19 26
8 24 35 4 5 20 25 32 13 22 23 16 19 11 7 21 29 27 15 9 39 31 36 1 6 38 26
41 24 13 35 21 27 36 31 9 5 25 2 1 18 37 6 38 26
24 14 11 27 33 28 29 12 39 30 2 6 4 13 19 37
13 33 22 5 1 25 2 18 12 23 16 19 37 36 29 27 39 31 10 4 6 40
26 33 35 4 32 2 30 23 16 19 14 11 7 21 27 28 39 36 38 40
35 11 33 29 34 9 4 1 31 10 6 28 18 19
15 14 11 30 20 36 29 27 34 9 12 5 39 37 19 2 18 22 23 38 40
36 33 12 5 20 2 30 23 16 17 11 7 27 9 28 22 31 1 10 38
22 27 7 33 21 32 11 9 12 30 0 1 18 28 16 19 40
5 16 12 2 18 30 23 19 17 11 27 28 0 32 10 6 38
20 0 7 21 27 31 4 39 1 38 2 10 18 28 23 19
25 28 7 40 21 29 9 16 39 10 18 4 19 17
32 40 33 4 27 0 17 28 37 16
2 18 39 28 14 34 4 30 10 17 37 16 40
18 14 21 29 9 39 0 37 38 40
12 14 11 28 16 29 39 27 1 0 10 6 23 19 37
23 33 30 16 19 17 14 11 40 29 27 28 39 0 4 37
16 33 10 0 17 11 21 27 34 28 39 31 1 6
19 34 0 30 14 11 21 27 9 28 31 1 40 38
37 34 21 27 1 31 0 10 28 6 40
14 28 33 29 27 4 39 30 38 40 17
11 30 7 27 9 10 4 38
30 33 4 1 0 7 29 27 31 10 6 40
7 27 34 31 9 39 38
33 17 21 29 27 34 9 39 10 4 6
21 4 17 27 28 39 31 0 1 40 38
29 40 34 0 10 28 17
27 34 0 4 17 40 9 39 31 1 10 6 38
34 40 28 39 1 31 0 38 10 6 17
9 28 4 39 0 10 17
28 0 4 39 31 1 10 6 38
39 4 17 1 40
31 0 4 1 10 6
0 10
1 17
10 4 40
4 40 38
6 40
17 38
38
40
