#kunkel.py
# GMT Fri Apr 19 06:54:36 2019
# 
3 28 41 24 22 2 18 30 23 16 19 17 14 11 36 29 34 9 42 31 4 38 40
28 24 33 35 15 22 5 25 32 2 18 4 16 19 17 11 21 27 34 0 10 37 38
41 39 30 7 21 27 34 31 9 42 5 20 25 8 12 13 22 23 16 19
24 26 30 7 33 35 21 29 32 31 1 25 8 2 10 6 42 36 17
33 35 4 5 20 8 13 23 18 37 36 15 9 39 31 21 1 10 6 38 26
13 35 22 20 0 2 18 30 16 17 11 7 21 29 27 15 39 36 10 6 40
35 14 11 7 26 36 29 39 20 25 32 12 2 37 23 16 19 40
15 5 0 26 23 18 19 37 14 36 29 34 9 42 8 10 6 17 38 40
22 8 16 4 5 0 18 23 17 14 29 27 34 39 31 32 10 6 38 26
5 4 5 20 25 8 18 19 17 11 7 29 27 9 39 31 1 10 6 26 40
20 14 0 21 29 27 34 12 39 8 2 1 7 30 6 19
25 14 7 30 34 42 39 31 8 12 2 1 10 18 16 19 40
8 32 30 23 16 19 17 14 21 29 9 39 1 6 26
12 14 36 27 31 9 42 39 0 26 7 6 30 23 16 19 17
0 17 11 7 34 42 39 30 0 16 2 6 4 37 40
2 32 23 18 19 17 14 7 21 27 34 9 42 31 10 26 40
18 34 1 32 30 14 11 21 27 9 39 10 6 38 26
30 19 11 21 34 9 16 32 1 6 26 38 40
23 32 4 16 19 37 7 36 9 42 39 31 10 38
16 37 40 21 29 27 34 9 42 36 10 6 17 26
19 4 14 36 29 39 32 10 38 40
17 32 4 11 7 36 27 34 31 38 40
14 4 37 11 7 36 29 34 9 42 1 10 6 38 26
11 7 40 32 42 34 10 1 6 4 38
7 36 29 21 34 1 6 38
36 1 32 21 29 27 9 42 31 10 26
29 37 27 34 42 31 32 6 26
27 32 37 9 39 31 21 1 4 6
34 32 42 39 31 10 4 37 26
9 21 26 4 37 40
42 4 32 37 31 1 6 38 40
39 4 37 21 31 32 10 26
10 37 31 21 1 38
31 4 6 38 26
32 37 21 1 26
37 4 1 21 6 38 40
21 1 40 38 26
1 4 6 38
4 26 40
6 38 40
26 26 38 40
38
40
