#kunkel.py
# GMT Fri Apr 19 06:51:27 2019
# 
3 41 33 35 34 4 20 25 32 23 19 37 14 7 36 29 27 15 28 39 31 0 17 38 26
8 41 24 33 12 5 20 25 32 2 18 30 23 19 37 14 11 7 4 27 15 42 10 40
41 33 35 4 5 20 0 2 18 30 23 13 14 11 7 36 29 34 9 28 1 10 6 26
24 18 35 34 4 5 20 25 13 22 23 16 19 17 11 7 36 15 42 1 10 26
33 0 35 29 32 34 28 39 20 25 37 42 6 13 12 23 18 38 26
35 21 29 34 12 20 25 0 38 2 7 18 30 23 36 19 40
34 14 11 21 15 31 9 12 5 25 32 7 13 22 23 18 17
21 12 1 25 0 2 18 13 37 11 7 36 29 15 9 42 39 32 10 6 17 40
4 11 30 32 15 28 5 20 19 17 2 6 22 23 16 38 40
5 30 29 32 15 31 12 39 10 25 1 7 13 16 38 26
20 14 11 27 9 28 39 0 12 40 1 6 37 16 17
25 39 22 7 29 27 28 12 26 13 30 18 19 37
0 11 29 27 9 42 39 31 10 18 17 23 13 38 40
2 18 14 11 22 42 39 10 31 16 1 7 13 28 6 38 26
18 15 12 22 19 37 7 29 27 9 39 36 1 6
12 28 22 32 30 16 37 29 27 15 42 31 1 38 26
23 15 1 13 16 19 37 14 7 9 42 31 10 6 17
13 39 31 9 22 32 17 10 30 36 19 40
19 22 1 32 30 16 37 14 36 9 39 10 6 40
37 14 11 30 38 26 1 10 42 6 40
14 32 42 11 30 7 36 27 15 9 28 39 10 26
11 28 30 22 27 15 42 31 1 6
30 22 30 7 36 29 15 9 42 39 31 1 38 26
7 17 29 27 9 39 31 26 40
40 17 27 15 9 42 39 31 32 36 1 10 26
36 22 32 16 17 29 27 15 9 42 39 10 26
29 22 1 27 9 42 39 32 10 6 38
27 22 16 17 15 28 31 32 1 38
15 32 16 17 9 31 10 6 26 38
9 22 42 16 17 28 1 10 6 38
28 26 22 39 32 1 16 38 17
39 22 16 39 31 32 6 26
22 32 16 17 42 6 26
31 10 17 1 6 38
32 16 42 1
16 38 10 6 26
1 42 10 6 17
10 38
6 26 38
42 26 38
17 17 38
38 26
26
