#kunkel.py
# GMT Fri Apr 19 06:50:52 2019
# 
3 35 12 5 20 25 8 2 18 4 13 37 14 11 30 7 36 29 39 31 6 38 26
0 26 17 28 24 33 36 29 27 15 42 39 20 6 21 10 4 13 12 16 37
41 14 17 30 32 36 29 21 42 5 20 6 8 2 7 13 4 37 16 23 40
24 28 33 22 5 20 25 2 4 23 16 37 30 21 15 42 39 31 8 36 1 6 38 40
33 11 28 13 8 27 34 36 4 20 32 17 2 1 18 30 37 16 19 40
35 4 5 20 25 32 2 12 23 14 30 21 29 27 15 8 36 1 10 26 38 40
15 8 26 12 32 2 18 30 19 17 14 11 7 27 15 9 28 39 10 6 37 38 40
1 14 17 32 36 27 34 42 20 8 2 10 7 18 22 37 6 19 26
12 14 7 36 29 27 28 39 20 25 32 10 18 22 23 13 38 40
5 11 21 29 4 9 22 5 8 36 7 18 30 23 16 19 17
20 25 32 2 18 30 23 13 14 11 36 9 28 39 10 40
25 14 11 28 7 27 34 9 42 19 10 6 18 4 16 38 37
8 39 11 21 29 4 32 37 7 42 23 38 17
28 34 18 4 19 14 30 7 21 29 9 42 31 32 10 26
17 34 22 13 30 23 19 14 11 29 27 42 39 6 38 40
2 22 13 30 16 19 37 14 7 29 27 9 42 10 4 26 38 40
18 22 32 23 19 37 30 7 27 34 9 39 31 6 40
4 13 42 19 14 11 30 7 29 34 10 6 26
23 22 16 11 40 21 29 34 9 39 31 10 37 26
13 14 22 29 27 39 31 32 10 7 6 16 40
19 11 21 29 34 31 10 22 16 38 37
37 11 36 22 10 6 16 26
14 21 29 9 39 36 16 40
11 34 30 21 29 27 9 42 39 31 36 10 38 26
30 34 22 16 7 21 9 42 36 6 26 40
7 21 42 31 36 32 9 38
36 32 21 9 42 39 31 6 40
29 32 22 16 27 9 31 26 40
42 26 21 34 9 10 38 40
34 9 22 39 31 32 27 16 38
9 32 27 31 21 6 26 40
16 21 22 39 32 10 26
39 22 27 31 10 6 38 40
22 26 27 31 32
31 32 21 10 6 26 38 40
32 21 27 32 26 38 40
27 21 6 38 26
21 10 6
10 6 38 26
6 26 40
40 38
38
26
