#kunkel.py
# GMT Fri Apr 19 06:47:04 2019
# 
3 14 11 0 41 15 21 34 9 4 39 31 8 2 5 6 42 23 16 38 37
41 8 35 34 12 25 0 2 18 30 19 17 11 7 36 4 15 9 28 39 31 32 10 37 38
24 35 22 5 20 25 13 12 18 19 17 14 11 40 36 15 9 28 21 1 10 37 26
13 14 11 32 33 15 34 9 12 5 20 0 8 19 2 10 30 23 38 40
35 33 22 10 0 2 4 16 37 14 7 21 15 42 12 31 8 1 6 40 26
34 11 30 33 17 42 15 22 39 25 32 12 0 2 1 4 37 18 26
32 33 22 8 18 12 19 17 14 30 21 29 27 15 28 39 0 16 10 40
1 11 30 7 33 21 29 27 42 39 20 25 17 10 4 22 37 40
4 5 20 8 2 18 30 16 19 37 14 11 21 29 9 28 10 6 40
5 14 11 7 33 21 29 8 9 39 20 0 19 36 40 16 38 37
20 28 33 25 8 2 30 16 17 11 7 36 29 9 42 10 6 38 40
25 33 12 0 2 18 22 23 19 17 14 11 7 29 27 15 42 31 8 10 6
0 33 12 30 16 19 37 14 22 7 27 9 42 39 31 17
12 33 23 18 37 14 7 21 29 9 36 10 6 38 26
2 8 18 30 23 16 19 7 21 29 15 9 39 31 40 26
33 8 22 23 37 29 27 15 9 10 6 40 38 26
18 15 22 8 16 37 14 21 29 9 28 39 31 10 6 17
28 22 8 23 19 17 7 21 29 27 9 39 31 36 10 6 40 26
23 22 7 42 36 27 9 38 10 30 37 6 19 26
16 14 8 7 40 15 11 22 10 37 38 26
19 30 8 21 42 11 37 27 17 38 26
37 30 14 7 36 27 39 8 10 38 26
14 11 7 21 29 27 42 31 36 6 38 40
11 17 36 27 9 42 31 10 6 26
30 22 8 36 29 15 9 42 31 10 6 38 26
7 40 29 42 31 22 8 39
40 8 21 39 6 36 22 10
21 8 17 21 29 15 42 39 36 10 38 26
29 17 27 15 9 39 36 6
27 36 15 31 9 22 38 17 10 26
15 9 42 39 31 6 38
9 22 10 26
42 31 39 10 6 26
39 22 10 31 26
22 8 38 17
31 36 31 6 38
8 6 26
36 17 26 6 38
10 10
6 17 38
17 38 26
38
26 26
