#kunkel.py
# GMT Wed May  1 03:39:21 2019
# 
41 1 30 19 42 5 8 7 0 4 13 26 35 15 16 20 22 6 17 31 21 18 28 38 27
1 15 40 9 19 42 22 23 14 38 11 39 21 10 8 24 36 13 26 35
30 19 36 5 8 32 7 11 10 0 4 25 26 3 15 16 14 29 33 28 37 38 27 23
39 17 34 19 36 6 5 0 31 23 13 27 18 8 24 28 4 3 32 26 38
40 19 42 5 8 7 11 2 0 13 35 15 16 14 22 17 29 25 28 3 38 34
9 9 19 5 33 7 2 8 4 25 26 3 12 14 20 22 17 31 27 21 18 6 37 35 32 34
19 42 2 0 4 26 35 16 12 20 6 17 25 18 24 28 37 3
42 36 5 8 10 23 4 25 3 15 16 14 22 17 31 20 27 21 24 28 37 35 32
5 14 12 17 16 11 31 21 18 2 33 24 28 27 38
8 7 0 13 26 35 38 6 25 21 18 33 24 28 37 3
32 23 7 11 10 0 4 26 3 12 14 22 17 29 13 36 37 27 34
7 14 12 10 20 16 29 18 2 0 24 37 35 4 23 34
11 12 20 18 6 33 31 13 10 16 2 23 22 37 3 4 34
10 15 12 14 20 6 31 21 18 16 33 28 35 38 26 34
2 36 0 4 13 14 15 16 22 20 6 31 18 33 24 37 35 38 27 34
0 4 25 26 38 12 34 20 6 17 18 33 28 27
4 23 35 12 14 6 17 31 25 21 18 33 24 36 3
13 15 16 17 20 36 38 18 29 23 33 37 26 14
26 15 12 34 36 31 27 18 24 28 37
35 17 12 22 23 20 37 24 28 25 38
15 14 16 22 20 6 31 25 21 36 33 24 28 37 27
16 14 20 36 25 27 21 33 37 3
37 23 25 38 6 17 31 29 21 18 36
12 36 3 14 22 20 31 29 21 18 33 38
20 23 3 6 29 33 24 28 27
22 31 25 21 36 29 6 34 3 27
6 38 17 31 25 21 33 24 3 23
17 14 38 21 34 33 36
14 25 21 23 34
31 18 27 29 23 24 34
29 27 36 33 25 18 23 24 28 3 34
25 21 18 33 24 28 3 27
21 38 21 18 36 28
18 36 34 38 28 3 27
33 36 23 3 38 28 27 34
24 38 23 36 3
28 23 36 3 27
36 3 34
3 34
38 23 34
27 23 34
23 34
34
