#kunkel.py
# GMT Wed May  1 03:37:55 2019
# 
41 34 9 36 5 17 35 7 11 31 42 2 8 33 37 3 38 39 26 28
15 1 37 40 20 19 36 32 17 38 29 13 21 18 2 8 28 4 3 25 26 34
30 30 40 9 19 42 32 10 0 4 39 35 1 16 14 22 6 17 20 25 21 33 27 34
40 9 19 5 35 7 11 2 0 4 34 1 16 12 14 17 31 29 18 3 38
9 19 36 5 8 7 23 4 13 35 16 12 14 22 27 21 18 24 28 38 32 34
19 42 23 11 10 2 0 4 13 35 14 22 20 29 21 36 33 24 28 3
36 42 5 7 11 8 4 26 3 1 16 12 38 20 6 17 24 28 37
5 32 0 7 11 10 2 8 4 13 26 35 22 20 6 17 29 25 18 24 27
0 42 7 4 25 26 34 1 16 12 20 22 17 29 13 21 18 33 28 38 27
7 8 12 14 42 6 20 31 23 27 34 10 29 37 3 39
11 42 32 10 2 23 4 25 26 38 27 14 22 17 20 29 39 21 24 37 35
10 1 12 34 22 42 6 17 39 18 16 8 24 28 37 4 27
29 42 23 8 4 13 26 35 34 20 17 31 39 21 18 37
2 42 32 35 8 39 34 16 27 14 20 17 31 13 33 24 37 3
8 32 39 26 38 16 14 20 6 21 18 33 24 37
4 23 25 38 1 12 34 31 39 21 37 3
39 42 32 25 34 12 14 20 6 13 18 33 24 28
26 42 23 25 35 16 12 14 22 17 18 33 28 37 27 34
35 13 34 16 12 14 20 22 17 31 33 3 27 6
1 14 12 22 6 32 16 31 18 33 24 38 13 3
16 42 32 25 3 12 20 22 6 17 31 13 21 33 28 27
27 42 23 25 12 38 22 6 31 13 24 32
12 42 23 13 3 14 20 17 21 33
34 32 23 25 38 20 17 13 18 24 28 37
22 42 23 32 38 6 17 31 18 33 28 3
18 32 17 14 38 13 28 37 3
6 31 14 20 23 25 21 37 38
17 42 13 31 25 32
14 42 23 25 14 20 13 21 33 28 37
31 25 21 33 13 23 24 37 38
20 23 13 21 24 28 3 32
13 42 23 21 3
21 32 37 25 38
42 23 38 24 3
25 23 24 28 3
33 32 23 24 28 37
24 37 28 23 38
28 23 37 3
37 32 23
3 32 23
38 32 23
32 23
23
