#kunkel.py
# GMT Wed May  1 03:37:33 2019
# 
41 15 30 9 42 5 0 7 11 23 4 25 26 35 1 16 34 20 18 24 3 38 27
15 30 27 12 38 20 18 42 22 17 16 11 31 21 10 36 8 28 4 25 3
30 40 39 42 32 2 0 13 26 35 16 34 22 6 17 31 25 21 33 3 27
39 1 17 19 42 5 8 7 29 25 21 10 18 36 2 23 28 4 35 32 3
40 12 14 22 36 6 5 17 20 29 18 0 24 33 4 3 38 32 23 34
9 42 32 0 11 10 8 4 25 26 3 1 14 20 6 31 29 13 18 33 37 35 34
19 1 12 22 6 8 25 7 11 18 13 29 2 0 24 33 4 35 27 3
42 36 5 23 8 34 12 14 20 17 31 29 21 18 33 28 37 35
5 36 32 11 23 38 1 16 34 20 17 29 13 21 18 24 28 37 3
0 12 36 34 32 17 25 31 20 7 21 10 11 28 13 26 38
32 11 10 4 13 3 1 16 14 20 17 31 29 25 18 24 28
7 1 16 12 38 20 22 8 17 14 11 21 10 18 29 2 33 34
11 36 10 23 4 16 34 22 31 29 27 21 33 24 28
10 36 2 8 35 1 16 14 20 6 17 21 33 24 37 3 38 27
33 8 4 25 34 12 14 20 18 6 17 29 36 28 27
2 36 23 4 26 38 1 14 20 6 17 31 29 13 21 24 28 34
23 8 26 35 1 16 12 34 36 6 17 29 25 18 24 37 27
4 1 16 8 20 29 27 31 24 37 26 35
25 36 38 1 34 22 6 17 13 21 24 28 27
26 36 8 13 26 3 16 12 38 17 31 29 21 24 28 37 35 34
35 38 37 3 12 14 20 17 31 29 18 24 36 27
1 36 13 34 12 38 22 6 20 18 24 37
16 12 34 18 36 17 13 21 37 28
8 3 12 34 6 17 29 18 24 37 36 27
12 22 20 24 28 37 38 13 14
34 3 14 20 31 36 28 37 38
20 13 38 22 17 31 27 28 3
22 36 6 14 31 21 24 28 37 38 3
17 3 6 31 29 18 28 37
14 31 18 29 21 24 28 27 6 3
31 37 6 29 21 18 24 36 3 27
29 21 28
13 27 6 21 18 24 28 37 3
21 3 36 24 28
18 38 6 36 24 27
6 38 6 24 37 3
24 38 27 37
37 38 36 3 27
36 38
3 28 3 27
38
27 27
28
