#kunkel.py
# GMT Wed May  1 03:34:40 2019
# 
41 15 30 40 9 19 42 5 32 7 11 2 8 13 34 1 16 12 14 29 25 18 33 28 35 27
15 30 9 19 42 32 0 7 11 10 23 13 3 1 12 20 22 6 29 39 21 33 24 37 27
30 36 32 0 7 11 10 2 8 13 26 3 16 12 34 22 17 31 27 21 42 28 38 5 23
39 16 14 22 19 36 6 32 0 7 11 10 2 8 24 33 37 35 13 23 34
40 5 36 32 0 35 11 10 2 23 13 38 1 12 14 20 31 25 18 33 28 3 27
9 9 42 7 11 2 4 25 35 1 38 22 6 17 31 29 13 21 28 37 34
19 5 36 32 10 2 0 13 26 38 1 12 14 22 6 17 25 21 18 37 3 27 34
42 1 8 22 36 6 5 20 25 31 27 10 23 28 35 3 38 32
5 36 32 7 11 2 13 38 16 12 20 22 31 29 21 33 24 37 27
23 32 7 11 0 34 1 16 14 6 17 25 31 29 13 21 18 35 38 27
32 1 20 22 14 25 36 2 0 24 37 4 3
7 2 8 4 26 35 1 12 14 31 29 18 24 28 37 27 34
11 27 12 36 17 14 38 29 25 8 24 33 37 3
22 14 33 16 27 21 10 18 8 24 28 26 35
0 8 6 17 31 13 25 21 18 33 4 24 28 37 38
10 8 26 38 12 14 6 20 31 25 3 28 37 35 27 34
2 14 13 26 3 1 27 34 20 17 24 28 37 35 38
8 29 4 26 35 1 16 12 14 6 17 31 20 21 18 37
4 16 17 20 36 6 25 29 31 21 13 24 33 35 27 28
13 26 35 16 14 20 6 31 18 28 3
26 36 26 35 16 12 14 6 17 31 29 25 24 28 37 38 34
34 38 1 16 12 14 20 6 17 29 33 24 35 27
1 25 16 12 20 36 6 17 21 18 28 37 27
16 36 35 16 6 17 20 21 18 33 27
12 14 17 31 21 18 24 28 37 3
14 36 38 6 17 31 25 21 33
20 6 35 38 29 24 3 27
36 6 31 21 3 29 33 37 35
6 31 33 24 37 35
17 31 29 21 24 28 35 27
31 28 3 27
29 27 21 18 37 35 25 38
25 3 38 21 33 28 37 35
21 3 18 24 28
18 35 24 33 3 27 28
3 38 33 24 28 27
33 27 35 24
24 35 38
28
37 35 38 27
35
38
27 27
