#kunkel.py
# GMT Wed May  1 03:29:43 2019
# 
41 16 12 14 9 10 36 22 17 31 29 13 21 18 23 8 24 28 37 39 26 3
20 15 30 42 32 23 0 8 4 39 26 35 1 16 12 34 22 6 17 13 18 33 24 36
30 15 40 19 42 32 35 10 2 13 38 1 14 6 17 31 39 18 24 28 37 3 5
40 23 7 11 10 0 39 26 34 1 16 14 22 6 17 31 29 21 18 33 28 3
9 1 16 14 22 36 6 32 17 5 11 25 21 10 13 29 8 33 4 39 35
19 15 32 11 10 0 4 39 3 1 16 34 6 31 29 25 21 18 33 24 28 27
36 42 5 8 7 10 2 23 4 14 1 12 38 36 29 21 18 33 24 37 35 34
32 42 5 8 0 2 23 25 26 38 15 12 14 6 17 31 29 24 37 35
8 15 7 11 2 0 4 25 26 38 1 16 27 34 31 29 13 24 37 5
38 42 7 10 2 0 4 25 27 14 22 17 31 29 13 18 33 24 28 5
7 42 5 0 2 23 37 3 1 22 6 17 31 29 18 24 28 27 34
42 15 2 0 4 13 14 1 12 6 31 25 21 18 28 37 35 5
0 11 2 23 13 26 15 16 14 17 31 29 18 24 3
10 15 5 2 23 4 26 35 1 12 17 31 29 18 37 3
11 23 2 13 35 15 12 14 22 6 31 25 21 33 24 28 37 3
2 39 3 15 16 12 22 29 13 21 18 33 37 27 28
23 15 39 35 1 16 12 14 6 31 25 21 18 24 37 27 34
4 15 5 4 13 26 1 16 12 6 31 21 33 37 27
13 5 25 16 12 14 6 17 31 29 18 35
26 15 16 12 18 6 17 25 21 5 3 27 14
3 15 5 39 1 12 22 6 17 29 21 33 28
1 14 34 5 25 39 28 6
16 31 35 12 14 22 17 25 18 33 27
27 34 17 14 6 5 31 21 18 37 35 39
12 39 5 25 34 22 31 29 6 28 37
14 5 21 28 37 39
22 5 25 35 15 34 17 39 21 18 24 28
6 25 15 34 6 31 29 21 18 24
17 15 35 29 34 31
25 15 33 24 5 35
31 39 34 15 29 33 28
29 35 34 33
39 34 18 33 24 37 15
21 15 5 33 37
18 15 33 24 28 37
5 35 15 33 24 37 34
33 24 37 34
24 35 28 37
28 34 35
37
35 15 34
15 34
34
