#kunkel.py
# GMT Wed May  1 03:29:24 2019
# 
41 1 16 27 14 22 19 42 5 25 31 13 39 10 23 28 36 3 32 40 38
39 1 40 9 19 5 23 7 11 2 0 13 26 15 12 17 31 29 25 21 33 28 37 27
30 16 34 20 19 42 6 7 11 25 21 10 18 2 24 28 37 3 27 26 40
40 1 40 19 36 5 23 0 10 2 8 4 13 38 15 12 14 22 6 20 21 18 28 37
9 4 34 20 10 42 22 36 31 23 21 18 0 8 33 37 13 26 3
19 12 20 6 5 17 16 25 34 2 0 24 33 4 38 27 35
42 15 8 12 38 36 1 5 17 25 31 29 13 23 24 28 37 27 14
5 35 38 11 10 8 13 26 14 15 16 12 34 21 36 24 28 3 27
0 32 8 7 10 23 4 26 35 15 38 22 6 17 31 18 33 24 27
32 15 12 14 20 36 6 23 7 11 25 21 10 29 2 37 4 27 26 3
38 23 7 10 2 8 13 26 35 16 12 20 6 17 31 21 24 28 37 27
11 16 27 34 20 36 6 17 29 7 18 13 2 8 23 33 26 28
7 14 12 20 36 22 8 31 21 10 33 28 4 37 26 34
10 36 23 2 8 25 15 20 22 6 17 21 37 35
20 36 8 4 13 26 3 1 12 17 31 29 25 18 33 28 35
2 2 25 1 16 12 14 22 6 17 29 13 21 3 27
23 1 16 6 36 31 21 34 28 4 26 35
4 8 25 35 15 22 6 17 31 21 18 24 28 37 34
25 26 35 1 16 12 14 31 21 33 24 28 34
26 1 8 3 15 16 6 17 31 29 18 13 35
3 1 36 8 13 35 15 16 34 17 31 29 27 21 18 24
1 8 13 15 16 12 14 21 33 24 35 27 34
16 36 14 15 12 22 29 21 18 33 37 35 27
8 13 12 22 17 21 36 24 27 34
12 13 35 22 31 29 36 24 28 37
14 15 22 17 29 31 6 24 33 27 34
22 18 28 34 17 29 13 37 27
18 36 13 35 15 31 29 21 24 28 37 27
6 28 34 31 13 29 33 27
17 15 29 21 33 24 28 27
35 36 15 34 13 21 24 28
31 36 33 24 37 27
29 33 13 34 15 36 28 37 27
13 21 27 34
21 15 33 24 28 37
36 33 28 27
33 15 34 24 28
24 15 37
28 37 34
37 15 27
15
27 34
34
