#kunkel.py
# GMT Wed May  1 03:28:04 2019
# 
41 30 40 5 0 10 2 8 4 13 35 1 16 12 14 20 17 29 21 18 3 32 34
15 1 39 16 8 34 9 19 42 22 5 0 28 31 13 7 23 33 32 40 38
30 40 36 5 0 38 11 10 2 23 4 39 26 35 12 34 31 29 25 18 28 37 3 27
40 1 19 42 5 11 10 23 4 39 26 14 32 38 6 17 31 29 37 27
9 1 9 19 36 0 7 2 23 4 25 26 3 16 12 34 17 21 42 28 37 27
19 36 5 23 7 11 2 0 4 39 26 3 22 20 17 8 25 18 33 24 28 37 27 34
42 1 39 42 32 7 10 2 4 25 26 34 16 20 22 17 29 13 21 18 33 37 35 5
5 32 11 0 25 3 14 20 31 29 13 21 36 33 28 35 34
0 36 7 10 2 4 25 3 16 12 20 22 6 17 29 21 18 33 28
7 12 38 6 8 11 22 18 29 2 24 28 37 27 23 14
23 1 36 32 4 13 26 35 14 6 17 29 39 21 24 28 3
10 1 20 22 32 8 31 11 13 21 36 2 24 37 4 27 26
11 32 33 4 26 35 16 12 14 20 22 31 6 24 37 3 38
2 8 39 26 3 16 12 14 22 6 29 21 24 35 34
8 18 12 38 36 6 32 17 13 31 34 28 37 39 25 3
4 38 39 35 1 16 14 22 17 13 21 18 33 24 37 34
13 25 26 35 16 12 38 22 36 6 20 21 18 33 24 28 37 32
26 38 16 12 34 22 6 17 31 29 21 18 33 28 36
35 32 39 3 1 16 12 38 20 6 17 31 25 36 28 27 34
1 25 38 12 20 22 31 29 39 21 18 33 37 27
16 38 39 12 14 20 17 18 33 24 28 27 34
37 27 6 32 17 25 36 28 34
12 32 25 14 22 6 17 21 24 27
14 6 17 32 39 21 18 29 24 33 25 3
20 39 38 22 6 31 18 24 28 36 3 27
22 18 34 17 27 24 3
17 32 25 18 6
25 38 21 36 24 33 3
31 6 33 32 34 21 24 39 3
29 6 27 21 18 33 24 28 32 3
39 32 38 21 18 24 36 3 34
21 32 38 27 6 18 33 3 34
18 3 36 24 34
27 36 32 33 28 38 3
33 32 24 28 38
24 28 34
28 36 34 6 3
36 6 34 38
3 34
38 6 32
32
6
34
