#kunkel.py
# GMT Wed May  1 03:24:46 2019
# 
41 40 9 19 42 32 38 2 0 39 3 1 27 14 22 17 20 29 13 33 24 28 35 5
15 30 40 9 36 5 0 7 11 10 8 4 13 26 14 1 12 34 22 6 17 31 21 18 24 28 32
30 39 38 22 19 42 5 17 20 29 31 18 4 26 0 28 36 3 27 23 34
40 36 32 7 11 2 23 25 26 3 16 34 20 22 13 21 18 24 37 35 38
9 16 12 34 20 28 1 32 23 35 31 22 18 8 33 37 3 26 14
19 39 42 5 8 11 0 25 26 35 16 12 38 20 17 31 13 21 33 28 37 27
42 5 32 11 10 23 4 39 26 3 1 16 12 14 22 6 20 25 13 33 24 37 35 27
32 1 5 0 7 2 8 4 25 26 34 22 20 31 29 36 24 3 27
8 1 20 0 6 17 35 31 11 25 21 18 29 23 10 3 5 34
38 5 0 2 23 25 26 34 1 16 14 22 6 20 29 13 21 18 33 37 3
11 12 22 34 33 7 29 31 18 2 10 37 35 39 3
7 1 16 20 36 22 0 35 31 25 21 33 24 28 4 3 5 14
10 1 14 22 6 5 0 31 34 18 33 2 24 28 4 25 3
2 36 0 4 25 26 1 12 14 20 27 21 18 33 24 28 37 5
0 6 5 17 25 23 27 31 24 33 4
4 23 39 35 16 12 14 20 17 29 25 21 18 33 37 34
39 12 14 22 36 17 27 18 29 23 24 13 3
26 1 14 25 34 16 22 17 29 27 36 28 37 3 5
3 5 35 16 12 6 17 25 33 28 37
1 5 25 14 16 22 29 13 18 28 36 34
31 14 36 25 21 18 33 24 37 27 23 28
16 12 22 17 28 29 21 36 23 33 13 35
27 12 14 22 6 17 23 13 21 36 33 5
12 5 25 20 18 6 13 21 36 24 28 37
14 23 35 22 29 25 36 33 24
22 6 29 13 21 18 24
18 36 23 20 29 13 24 28 34
6 34 25 20 29 21 36 24 33 37 13
17 37 5 25 23 21 29 28 13 35
25 5 13 35 20 25 28
20 23 35 37 34 13 33 28 36 5
29 13 21 33 24 37 35 5 34
13 21 24 28 34
21 36 5 23 35 33 37
36 5 33 35
33 23 24
24 5 23 35 28
28 37
37 5 34 23
35 34 5
5
23 34
34
