#kunkel.py
# GMT Wed May  1 03:14:14 2019
# 
41 1 40 9 36 32 0 7 11 10 2 8 4 25 15 16 27 14 20 6 31 13 39 18 24 5 23
1 15 16 12 34 9 18 42 6 32 7 11 27 10 31 2 35 39 25 26 3
30 15 12 40 22 19 36 6 5 23 7 11 27 0 42 13 8 24 33 3 39 35
40 9 19 36 5 32 7 10 2 8 4 39 26 35 15 16 38 17 31 29 21 33 37 27
9 36 0 7 10 8 4 25 3 15 16 12 14 17 31 39 18 33 38 34
19 36 32 8 11 10 0 4 26 35 12 14 22 17 31 29 21 18 24 27 23
36 42 5 10 2 8 13 26 3 15 16 38 20 6 17 18 33 24 36 27 34
32 12 42 6 5 17 7 29 25 34 4 21 23 37 3 38 39 14
0 38 20 42 22 17 16 11 7 21 29 8 24 28 4 25 26
35 15 27 12 22 42 16 6 7 13 39 21 18 2 8 25 26 14
7 42 2 23 26 12 14 20 6 17 31 24 28 37 3 5
11 39 31 10 2 23 13 12 14 22 6 17 20 25 21 18 28 37 27
22 42 5 23 10 2 13 34 15 16 12 38 20 6 29 39 21 18 33 37 3 27
10 2 23 13 34 16 12 14 17 31 29 25 21 33 28
29 18 17 12 20 8 27 13 39 21 5 2 28 37 4 38
2 16 20 17 3 23 24 28 4 38 34
8 15 12 6 5 14 38 31 23 24 28 37 34
4 15 16 17 12 42 18 33 24 28 37 5 26 34
25 16 34 42 6 23 31 39 21 24 28 5
26 5 23 13 15 16 12 20 6 17 31 21 18 33 3 27
38 15 14 12 42 34 20 21 24 28 37 13 3
15 23 39 16 12 34 20 17 31 13 18 24 28 3 27
16 5 23 12 14 21 33 24 37
27 42 5 23 13 18 31 24 28 37 3
12 42 14 17 28 5 34
14 17 5 33 18 24 28 37 13 34
20 42 6 5 23 21 20 33 24 13 3
42 6 21 23 33 37 39
6 5 23 13 17 31 18 37 28
17 39 3 31 13 21 18 24 28
31 23 13 3 34 24 28 37
13 21 18 33 28 37
39 39 34 21 18 33 24 28 3 5
21 23 33 28 37 5
18 33 24 28 37 34
33 34 23 24 37
24 37 34
28 5 23 34
37 3
3 34 5 23
5 34
23
34
