#kunkel.py
# GMT Wed May  1 03:10:49 2019
# 
41 30 27 12 14 20 19 36 6 32 0 31 11 13 21 5 29 23 37 39 3
15 30 9 19 42 32 0 7 11 23 2 8 4 25 26 34 20 17 39 18 24 37 27
30 19 5 11 10 2 39 26 14 1 16 38 22 6 17 20 21 18 24 28 37 27
40 19 36 32 7 11 10 23 4 39 35 38 20 22 17 31 13 21 18 33 28 37 27 34
5 39 42 32 11 10 2 0 4 25 26 35 1 16 12 34 20 31 13 21 33 28
19 39 32 0 11 10 23 13 3 1 16 14 20 6 31 25 18 33 24 28 37 27 34
36 1 16 9 42 6 8 20 34 11 21 10 0 24 28 37 25 23 14
32 1 16 22 17 14 20 29 39 21 0 2 8 24 33 4 38
23 1 16 12 22 20 25 7 11 13 42 29 0 33 39 26 3
7 1 12 18 42 8 17 29 39 21 10 26 2 0 33 4 27 28
11 20 22 17 14 8 29 21 42 26 2 0 34
22 34 33 8 29 21 10 0 28 26 3 38 25 35
10 9 0 4 26 3 1 16 14 6 17 20 24 28 35 34
9 0 35 8 4 13 26 14 1 16 38 20 6 17 25 42 37 3 27 34
2 0 8 25 35 12 14 20 6 29 21 18 33 24 37 27 34
0 42 8 13 26 14 16 38 17 31 29 39 18 24
4 16 12 18 17 13 25 21 8 24 33 37 3 38 34
13 31 16 17 12 28 6 20 25 18 33 35 27 3
26 42 8 25 35 1 12 14 17 31 29 24 37 38
3 35 1 16 20 6 17 31 29 21 18 33 28 37 27 34
1 39 12 34 20 17 31 21 42 33 24 28 37 38 27
16 8 12 38 6 29 25 21 33 24 28 37
8 25 38 14 6 31 39 18 37 35 27 34
12 37 38 42 6 29 31 21 34 28 35 14
14 25 34 38 17 29 39 21 33 35 27
20 38 39 34 20 17 29 18 33 37
18 39 42 25 38 34 6 17 31 24 28 37
6 31 34 29 39 21 24 35 27
17 31 29 28 27
25 42 35 31 39 21 33 28 37 27
31 42 29 34 24 37 35
29 21 24 28 39
39 42 38 24 27 34
21 34 27 24 37
42 38 33 37 28
33 34 24 38 27
24 38 35
28 34 37 38
37 38 27
35 34 27
38 27
27 34
34
