#kunkel.py
# GMT Wed May  1 03:10:16 2019
# 
41 1 36 5 2 0 4 39 26 3 15 20 22 6 17 31 13 21 18 33 24 35 27
1 9 19 42 32 23 4 13 26 35 15 16 12 14 22 18 17 29 21 36 33 3
30 27 14 20 39 6 5 8 25 31 11 22 42 9 13 2 23 28 4 32 26 35
40 17 12 14 9 18 36 32 19 7 11 10 29 2 23 28 4 35 13 26 38
9 16 8 12 20 19 36 22 32 17 29 13 23 24 28 37 3 27 38
19 15 36 32 20 31 11 7 21 2 33 28 37 35 25 26 38
36 42 5 23 7 10 2 8 4 35 12 34 20 22 17 31 24 3 27
16 42 32 23 7 11 2 8 4 39 26 35 15 14 22 17 31 29 18 24 38 34
5 42 23 7 11 10 0 39 26 3 15 12 14 20 18 31 29 28 37 35 27 34
14 42 23 7 2 8 39 3 22 20 6 17 31 29 21 18 33 37 35 38 32 34
7 42 23 8 4 39 34 15 12 22 18 17 29 13 21 28 37 3
11 15 39 27 42 33 31 10 4 18 0 24 28 37 32 38
42 10 2 0 4 13 15 34 20 22 29 21 33 24 28 37 38 27
23 6 17 32 20 10 29 8 4 38 27 34
2 8 10 0 4 25 26 35 12 20 18 17 29 39 21 33 37 27 34
0 10 8 13 26 3 15 34 20 6 17 31 29 25 21 18 28 32
4 32 25 3 12 6 31 29 21 33 28 37 27
39 8 13 26 35 15 12 20 22 6 31 29 18 24 37 32
26 8 10 3 15 12 34 17 31 25 18 24 28 32
35 13 10 25 38 15 6 29 21 33 24 37 34
15 32 34 22 17 29 33 28 37 3 27
32 10 38 12 22 6 17 13 21 18 24 28 3
8 34 12 22 6 20 21 10 25 27 3
12 34 22 17 31 29 25 18 33 24 27
20 25 38 6 29 21 13 33 37 3 34
22 18 33 21 10 28 25 3
10 17 31 21 29 37 38 13 3
6 27 34 25 31 13 29 33 37 38 3
17 25 34 31 13 21 33 28 27
25 31 21 28 27 34
31 38 34 18 33 28 37 3
29 29 13 21 18 33 38
13 34 21 18 24 28 37
21 24 28 37 3
18 38 24 28 34
33 34 24 38 3
24 27 34 28 37 38
28 27 38
37 27 3
3 38 27
38 27
27
34
