#kunkel.py
# GMT Wed May  1 03:07:21 2019
# 
41 1 40 19 42 5 7 11 2 0 4 25 26 34 15 12 14 6 29 39 33 24 3 38
1 19 36 0 7 11 2 23 13 26 35 16 14 20 6 17 25 21 18 33 28 37 3
30 4 12 38 22 19 42 32 23 31 11 7 18 13 29 2 33 37 3 5 40 34
40 14 9 19 17 7 20 25 21 11 2 33 28 37 35 38 13 34
9 34 42 12 20 36 6 32 23 14 31 11 7 21 10 2 8 3 38 5 35
19 36 8 35 38 11 10 0 13 26 34 15 16 14 22 17 29 42 24 28 3 27 23
42 39 36 5 23 11 8 4 25 26 35 16 27 34 29 13 21 18 33 37 3 32
5 38 10 22 32 20 11 21 18 2 0 24 28 36 13 26 35
23 7 13 10 8 4 25 26 34 15 12 14 22 6 20 31 39 36 33 35 38 27
35 32 12 31 29 25 0 8 24 7 37 38 39 26 34
7 36 32 10 0 4 26 16 12 22 17 31 29 21 24 28 3 27
11 2 0 4 15 32 12 6 17 31 29 21 24 37 27
10 36 32 0 8 4 39 26 14 16 22 20 25 21 18 33 24 28
20 39 36 2 0 25 3 16 27 12 14 22 6 31 29 13 21 18 28 37 32
2 15 12 39 36 8 25 21 18 0 6 27 14
0 8 4 25 26 15 14 22 17 29 39 33 28
4 32 8 26 3 16 12 34 22 6 21 33 24 28 37 38 27
25 37 12 18 6 8 38 29 24 28 36 39
26 34 15 16 38 6 17 31 36 33 28 37
34 8 13 15 16 12 22 6 17 31 18 24 27
15 36 32 13 3 16 12 22 6 17 31 39 33 28 27
16 32 8 13 3 12 17 31 21 18 24 28 37
27 17 22 6 32 31 21 18 29 28 39 38
12 39 13 31 29 33 24 28 37 3
14 18 28 6 8 29 21 33 38 32 3
22 36 39 32 8 38 31 18 33 24 28 37
18 31 21 8 24 33 38 13
6 36 8 31 29 33 3
17 13 21 31 29 28 38 39
31 8 29 24 38
29 32 8 13 21 36 33 24
39 21 36 24 33 37 3 13
21 32 13 33 28 37
36 32 8 38 33 28 37
8 8 38 13 3 33 37
13 38 33 24 3
33 37
24 28 37 38
28 37 3
37 32 38
3 32 38
38
32
