#kunkel.py
# GMT Wed May  1 03:04:34 2019
# 
41 1 15 12 20 9 19 34 5 17 7 29 31 21 0 2 8 24 32 26 38
15 9 19 39 32 0 11 2 23 25 26 14 16 12 38 22 20 31 13 33 37 3 34
30 40 9 36 32 8 11 0 13 38 1 16 12 20 22 6 17 29 39 42 33 24 28 27
40 1 39 14 9 19 42 6 32 33 16 11 13 10 4 18 8 7 37 25 38
9 20 42 6 32 0 31 22 10 3 36 8 24 33 37 35 25 34
19 1 36 0 7 11 10 23 4 3 12 14 22 6 20 29 21 18 24 37 27
36 1 12 14 42 6 5 17 20 11 18 16 8 33 37 3 39 26 34
32 1 11 10 2 0 13 35 16 12 38 20 17 29 25 33 24 27
8 5 7 10 2 23 4 39 26 35 1 16 22 6 17 33 24 37 27
35 42 7 11 23 4 25 3 1 16 38 20 6 17 31 29 39 21 33 28 27
7 42 5 11 10 13 26 14 1 16 34 20 31 29 21 18 33 28 3
23 1 14 22 42 6 31 11 13 29 28 37 38 25 26
10 31 17 0 29 27 21 18 13 24 4 3 38 39 26 34
11 5 2 4 25 26 16 12 38 22 6 17 31 29 27 18
2 12 14 5 42 6 17 21 18 0 24 33 4 3 27 26 34
0 5 39 26 34 27 12 38 22 6 17 25 31 29 13 21 18 33 37
4 1 12 42 6 17 31 39 18 33 29 24 3 13 26
39 13 26 38 16 12 14 20 31 25 18 24 3 27
26 38 20 1 42 37 34
38 1 5 25 16 22 31 29 27 18 33 28
1 5 25 14 22 17 31 29 42 3 24 28 37 27
16 5 25 14 12 22 20 18 17 29 21 42 3 24
27 13 12 34 20 17 31 21 33 24 28 3
12 14 22 33 25 5 3
34 22 33 29 31 21 18 24 28 13 14
20 13 17 31 29 21 18 24 28 37 3
18 42 5 25 14 6 17 13 28 37
22 17 42 6 14 21 28 3 13
17 13 3 6 31 21 42 24 28 37
14 6 33 29 31 21 28 3
31 5 25 29 21 37
29 13 33 24 28
25 42 5 3 6 24 28 37
21 42 5 24 28 6
42 6 24 28 37 3
13 28 5 37 3
33 37 3
24 5 3 6 24 37
28 5 37 6
37 5 3
3 5
5
6
