#kunkel.py
# GMT Wed May  1 02:59:26 2019
# 
41 1 15 30 12 34 9 19 42 6 7 29 27 21 23 24 28 37 38 39 35
15 1 30 14 22 19 13 8 17 16 29 27 10 18 31 0 24 28 3 32 35
30 1 34 22 19 6 32 17 7 11 27 13 8 24 33 37 35 39 40
40 36 5 7 11 10 2 8 39 26 34 1 32 12 14 20 6 29 13 21 18 3 27
9 1 34 36 6 5 17 13 25 21 10 0 2 33 24 37 3 27 26 35
19 36 11 10 2 0 4 25 14 1 12 38 6 29 13 18 3 28 37 35 27
42 16 27 38 20 36 6 32 17 7 29 31 0 4 23 33 37 35 39 26 28
5 32 23 11 0 13 26 3 1 16 12 20 17 8 29 25 33 28 37 35 27
14 36 32 11 10 2 4 13 26 38 16 12 34 22 6 25 21 28 35 27
32 1 12 16 7 11 34 23 0 33 4 3 27 26 35
7 39 36 0 10 2 23 4 25 3 20 31 29 13 21 28 37 27
11 31 22 6 33 16 39 10 2 0 24 4 3 38 27
0 8 4 25 35 16 34 20 6 31 21 18 33 24 28 38
10 36 8 4 25 26 34 1 16 22 17 20 21 18 37 38 27
2 39 34 36 6 20 31 21 18 4 29 33 37 3 27 26
8 12 20 18 36 6 23 25 31 27 24 33 39 34
4 23 13 35 16 37 12 22 25 21 18 33 28 36 27
39 25 3 1 16 22 20 6 17 29 21 18 33 24 37
26 38 23 25 3 1 16 20 36 17 21 18 37 35 27
3 23 35 12 38 6 25 31 29 13 21 18 33 24 28
1 36 25 38 12 20 22 31 18 24 28 27 34
16 18 17 31 25 21 13 29 23 24 36
12 35 38 13 34 22 17 29 21 18 33 24 28 37
22 36 25 38 20 31 29 13 21 24 37 35 27 34
20 23 25 13 36 37 29 38
36 6 17 31 29 21 33 24 28 38
6 17 34 31 27 28 23 35
17 23 13 31 29 21 18 33 24 37 27 28
31 23 13 35 38 29 25 18 28
29 34 25 33 24 35 27
25 23 33 24 28 37 35 38 34
21 23 35 18 33 24 28 38
18 13 35 38 33 27
13 27 24 28 37
33 28 23
24 23 38 34 37
28 23 34 37 35 38 27
37 23 38
35 23 35 34
38 23
27 34
23
34
