#kunkel.py
# GMT Wed May  1 02:58:24 2019
# 
41 1 15 12 14 36 6 5 17 34 31 11 21 42 2 23 24 4 35 3
15 19 42 32 23 7 11 10 8 39 26 3 16 12 31 29 13 21 18 28 36 5
30 37 14 36 34 32 38 11 39 21 18 2 24 28 4 35 5 40 3
40 9 19 42 5 8 23 4 37 26 3 1 27 14 22 17 31 13 18 24 36 32
9 1 10 12 22 19 6 5 7 27 39 21 18 33 28 37 3 13 26 38
19 1 36 23 7 11 2 0 39 26 3 12 20 22 6 17 29 25 18 33 24 28 35 38
36 1 42 32 7 11 23 4 39 26 38 12 14 22 17 25 18 28 37
5 12 18 42 1 33 16 29 10 2 0 24 28 37 38 27 14
8 42 32 0 7 10 23 39 35 16 12 20 22 6 17 13 18 24 28 37 3 27
7 1 32 23 0 4 13 26 3 16 14 20 17 29 21 18 24 37
11 42 32 2 4 25 35 16 12 14 18 6 17 29 13 28 37 34
0 1 27 38 20 42 22 32 33 13 25 18 2 24 37 26 34
10 1 16 12 34 42 6 23 20 29 39 21 2 24 4 35 25 14
20 42 32 23 2 4 13 26 34 16 12 14 22 17 31 21 18 3 33 37 35 38
2 12 34 6 33 31 13 21 24 37 4 32 23 38
23 1 4 13 34 14 6 17 29 21 42 37 3 38
4 32 39 12 38 18 17 31 29 25 42 33 24 28 27
13 14 42 25 26 34 16 22 6 17 31 13 21 33 24 35
26 31 16 17 12 6 39 21 18 24 38 27 3
34 42 32 38 16 12 14 6 31 39 33 37 35 27
1 16 17 6 32 29 31 21 33 27 28
16 42 35 25 32 14 6 31 29 33 24 28 3 38 27
27 42 25 3 12 14 22 39 21 18 24 37 32
12 3 31 42 33 24 37 35
14 39 22 17 25 31 21 18 24 37 35 38 32
22 17 22 25 29 39 21 18 24 33 28 6
18 25 32 6 31 28 35
6 17 38 21 28 35
17 32 29 42 33 28 3
25 33 42 21 29 37 35 3
31 32 29 21 33 24 39 3
29 42 28 24 33 39 38
39 33 42 21 28 35
21 42 32 33 35 38
42 32 38 28
3 28 37 35 38
33 28
24 38 28 35
28 38 35
37 32 35 38
35
38
32
