#kunkel.py
# GMT Wed May  1 02:58:03 2019
# 
41 30 40 19 39 5 8 7 42 10 23 4 25 26 35 14 22 6 17 29 13 18 33 24 37 38 27
1 20 30 12 38 9 19 6 17 7 11 34 10 29 2 8 24 4 39 40 3
30 40 19 42 32 10 8 4 13 35 12 14 22 6 17 31 21 33 24 28 37 27
40 39 17 12 22 9 18 36 32 19 11 25 10 29 2 23 37 13 35
9 31 16 12 20 19 42 6 32 8 7 23 13 21 29 2 0 38 5 3
19 14 18 36 6 5 17 7 23 27 10 31 8 4 39 3
42 39 36 8 7 11 0 25 26 3 15 16 22 20 6 17 31 13 18 33 28 35 38 27
16 15 12 34 22 5 23 28 31 29 21 18 33 24 37 4 3 25 26 35
5 36 32 7 2 13 35 15 14 22 17 20 29 21 18 33 28 37 3 38 27
0 15 31 20 6 23 7 11 22 18 2 8 24 28 37 27 26
7 34 18 22 8 31 23 13 10 2 24 33 37 32 28
11 38 22 18 28 25 21 10 26 2 37 4 3 39 14
23 15 22 18 17 29 27 10 31 8 33 37 38 25 34
2 15 32 10 13 26 35 12 14 6 31 39 21 24 28 37 34
8 15 14 33 20 18 26 24 28 36 29 27 3
4 34 20 6 17 25 22 21 10 31 29 24 28 35 13 3
39 14 22 36 6 32 17 20 31 34 10 28 35 3
26 36 10 13 38 15 12 14 22 6 17 31 29 18 24 34
3 36 22 13 12 14 20 6 31 29 18 24 37 27
15 36 32 10 13 35 34 6 17 29 27 21 18 28 37
32 31 12 38 36 13 21 10 33 37 25 35
12 27 38 34 20 35 22 10 25 33 28 13
22 36 38 34 17 25 21 33 27
20 10 35 14 6 17 31 25 33 24 28 37 27
10 36 35 34 6 31 29 21 33 24 28
36 6 17 38 29 24 28 37 13
6 34 14 25 21 28 37 27
17 25 35 14 17 31 13 21 18 33 34
14 38 13 35 34 31 29 21 33 24 27
31 25 38 29 13 37
29 25 38 21 18 24 28 37
13 25 34 27 21 18 24 38
21 25 38 33 24 28 27
18 25 38 34 33 27
25 27 24 37
33 35 24 28 37 38 34
24 35
28 35 37 27
37 35 38 27
35 34 27
38 34
27
34
