#kunkel.py
# GMT Wed May  1 02:50:47 2019
# 
41 15 40 9 42 5 7 11 23 39 26 34 1 12 14 17 29 25 21 18 28 37 3 38
15 40 9 42 8 7 11 2 0 13 26 3 1 12 34 20 17 18 33 24 37 36 27
30 1 12 14 20 18 36 5 32 23 25 10 40 2 8 24 37 35 13 26 3
40 1 9 22 39 36 6 5 17 16 11 25 10 13 33 4 35 38 3
9 5 32 23 7 11 10 8 4 13 26 3 1 12 14 20 6 17 31 18 24 37 38 27
19 8 14 22 36 6 5 17 35 31 7 21 42 0 24 4 3 38 13 34
42 36 38 11 2 26 3 12 14 20 22 17 31 29 18 24 28 37 35 27
5 34 12 6 20 16 29 21 18 24 28 37 3 38 13 26 35
8 36 32 7 11 10 2 4 39 35 16 12 14 17 31 29 25 28 37 38 34
35 7 11 2 4 13 26 38 16 14 20 6 36 21 18 28 37
7 36 32 0 11 23 2 39 3 14 20 17 13 21 18 28 27
11 39 0 4 13 26 1 16 14 6 31 25 36 24 37
0 39 16 12 22 20 36 32 17 31 21 2 33 24 28 25 26
10 36 22 2 4 13 26 14 1 16 34 20 6 17 21 33 24 28 3
33 27 12 20 18 22 32 29 39 21 23 28 37 3 25 38
2 31 17 12 14 22 34 32 16 20 29 28 26 23
23 1 20 39 36 32 23 29 13 21 18 24 28 37 25 34
4 1 21 16 17 12 22 32 20 31 34 18 24 38 6
39 36 13 3 16 14 20 22 17 31 25 18 37 27 34
26 13 3 27 12 14 22 6 31 25 21 18 28 32 34
34 13 38 1 16 12 34 22 20 25 31 18 28 27
1 22 32 20 14 27 18 37 25 6
16 22 36 6 13 29 24 28 37 32 3
27 18 20 31 29 21 36 24 37 38 25 3
12 38 13 14 22 6 17 29 21 24
14 38 22 6 17 29 25 18 24 28 36
20 32 17 29 21 36 28 37 3 38
36 17 29 13 28 37 38
22 32 28 38 13 37 25
17 3 6 13 21 18 24
31 6 32 38 18 13 29 24 37 3
29 6 13 25 24 32 28
25 38 3 6 13 24 37
21 18 28 6 24 37
18 6 13 18 24 32
13 6 24 37
6 38 32
24 32
28 3 37 32
37
3 38
38 32
32
