#kunkel.py
# GMT Wed May  1 02:49:48 2019
# 
41 15 40 9 36 5 0 7 11 10 2 8 4 13 26 35 1 16 12 21 24 3 32 23
15 30 12 14 9 42 22 32 23 31 29 21 3 0 24 33 37 35 27 26 34
30 40 9 42 32 7 11 2 0 13 34 1 16 14 20 6 31 29 27 24 28 3 38 5
17 9 42 32 23 11 10 8 4 39 26 3 16 12 38 22 6 20 31 21 24 5 34
39 14 9 42 6 32 7 29 25 21 18 26 23 4 35 38 13 40 34
40 16 27 12 20 22 19 42 5 13 31 18 11 33 24 28 4 25 34
9 19 36 5 0 7 11 10 8 26 34 12 14 31 25 3 27 23
19 36 5 38 11 2 0 14 1 16 34 20 6 31 29 21 18 33 28 37 3 27
36 16 14 42 6 32 23 7 11 31 10 2 0 24 28 37 35 25 34
5 32 8 7 11 2 0 25 35 1 16 12 14 20 31 29 21 18 37 38 27
0 42 7 10 4 25 35 16 12 22 20 18 6 33 24 37 27
7 34 6 8 31 23 27 21 18 29 2 37 4 22
11 38 10 2 23 4 34 16 14 22 6 31 29 18 33 24 28 37 32
10 32 2 25 26 3 16 12 38 22 6 31 29 13 18 33 37 27
2 23 25 26 3 1 22 20 31 29 21 18 33 37 27
8 42 32 23 4 13 26 38 1 16 12 14 20 6 27 21 33 24 37
4 32 25 26 38 1 16 12 14 20 6 29 21 33 28 27 34
13 32 38 23 26 35 16 22 20 6 31 29 21 18 33 24 27
26 42 35 23 25 34 1 14 22 6 21 18 3 27
3 20 18 42 31 29 21 23 24 28 38 14
1 12 14 22 16 27 21 28 37 25 35
16 12 18 6 21 42 28 37 32
27 29 24 23 37 34
12 42 23 25 35 38 22 6 31 24 37 34
14 23 25 35 38 22 6 18 28 37
22 20 18 32 24 23 33 37 38
18 42 25 34 6 31 29 21 24 35 32
6 35 20 31 29 21 33 38
20 42 25 21 33 28 38 35
31 25 34 31 21 24 28 38 32
29 38 42 25 33 28 35
25 23 35 33 24 28 32
21 23 33 28 37
42 34 32 23 38 35
33 35 34 24 28 37 23
24 32 23
28 23 37 35 38 34
37 32 38 35
35 34
38 32 23
32 23
23 34
34
