#kunkel.py
# GMT Wed May  1 02:34:56 2019
# 
41 15 16 34 9 18 36 5 23 30 11 7 42 13 29 2 33 28 4 3 25 35
1 15 32 27 40 9 10 5 33 31 11 25 21 18 13 2 8 28 4 39 23 3
30 15 22 20 19 28 17 7 29 31 10 13 8 24 33 37 35 38 39 26 40
17 40 9 7 11 10 2 23 4 25 35 16 14 6 31 13 21 18 33 37 27 34
40 15 9 19 42 32 8 23 39 14 16 38 22 6 13 33 28 37 35 27 34
9 9 42 5 7 4 13 26 35 14 22 6 20 29 39 21 18 33 24 3 38
39 37 12 42 32 20 28 31 29 25 2 23 33 4 38 13 26 34
42 19 42 32 7 10 2 8 4 25 35 15 12 14 22 6 31 36 33 28 3 27
5 27 12 38 19 36 22 5 20 7 11 31 21 18 8 24 33 15 14
8 15 19 11 2 0 4 25 35 32 22 20 29 18 24 28 37 3 27
7 19 23 11 10 0 13 35 15 20 22 6 25 33 24 28 32 34
11 16 38 20 19 36 22 29 0 10 21 33 32 35
0 19 23 4 13 26 38 15 16 12 14 20 22 31 29 18 24 37 35 27 34
10 14 20 22 32 21 36 2 23 24 37 35 38 13 34
37 12 22 6 16 13 31 21 2 24 28 4 35 26 3
2 32 23 4 13 26 3 16 12 6 29 36 33 24 28 27
23 20 18 36 35 13 25 4 15 38 26 14
4 19 25 26 14 16 12 34 22 31 29 21 33 24 28 35
13 15 36 3 12 20 29 21 18 28 27
26 12 34 16 25 21 18 24 3 38 35
35 19 34 16 14 20 21 18 27
15 38 16 12 14 20 22 29 25 21 33 27 34
16 19 25 12 34 22 6 18 33 28 3 27
27 19 12 38 6 31 29 25 21 18 33 24 28
12 19 3 38 20 31 29 18 33 32 34
34 32 31 38 14 22 6 20 21 18 28
20 19 36 14 22 6 31 24 28 3 38 32
22 19 25 6 36 18 33 28
19 32 14 29 18 28 36 38
14 32 6 31 36 28 38 25
31 6 25 18 36 33
29 32 25 21 18 3
25 32 3 36 24 28
21 36 6 38 33 24 3
18 36 38 24 28 3
33 32 38 36 24 28
24 32 3 38 6 28
28 6 36 3
36 6 38 3
3 6 32
38 32
32
6
