#kunkel.py
# GMT Wed May  1 02:20:52 2019
# 
41 17 5 19 36 32 8 7 10 0 25 26 1 34 22 20 31 29 13 42 24 28 27
39 1 27 12 14 5 42 6 32 0 29 25 34 10 33 28 4 13 26 3
30 1 42 5 0 7 11 10 2 23 4 13 26 34 15 14 20 22 29 21 24 28 38 27
17 19 42 32 0 11 23 2 8 3 15 16 38 22 18 20 29 21 36 33 28 37 35 27
40 19 42 32 0 7 11 10 2 23 26 35 15 14 22 36 31 29 18 33 37 27 34
5 19 36 32 38 2 0 4 13 26 3 15 16 12 34 22 29 28 37 27
19 1 9 8 7 2 0 4 25 34 15 16 27 22 20 29 13 21 18 33 37 38 32
36 1 9 7 31 10 2 0 13 3 15 12 14 22 6 20 18 24 37
32 14 9 42 35 7 29 25 0 18 8 24 4 3 38 34
8 14 16 34 9 6 7 11 31 21 10 29 0 26 38 23 22
35 16 22 6 20 29 13 21 18 9 26 2 0 24 33 25 23 3
7 1 9 23 2 4 34 15 12 14 20 29 42 33 24 3
15 11 2 0 25 14 16 12 34 22 6 31 29 18 24 28 3 38
10 27 12 9 6 23 20 29 25 21 0 2 33 34
9 42 11 23 13 26 3 1 16 37 12 38 20 6 31 25 21 18 33 28
11 1 12 22 33 31 27 21 34 4 0 37 38 13 3
2 4 13 38 1 16 42 22 6 21 18 33 28 37
0 25 27 20 21 18 33 24 37
4 1 27 12 14 33 25 18 29 23 28 37 38 3
25 42 23 38 34 1 12 14 22 6 31 29 18 27
26 14 12 16 23 31 22 18 24 28 37 6
14 27 22 6 23 31 13 42 24 28 38
1 20 22 33 16 18 23 24 37 6 28
16 3 12 34 20 6 31 21 18 24 28 37 27
12 3 34 20 6 13 21 18 24 28 37 27
34 42 3 6 31 13 18 24 28 37
22 3 20 6 31 29 42 33 37 27
18 31 29 24 28 37 27
6 23 31 13 21 42 3 33
20 42 23 20 28 37 38 13
31 21 42 37 3
29 3 38 27 33 24
13 23 38 21 33 28 37 3 27
21 38 42 27 23 28
42 33 24 28 37 38 27
33 27 24 3
24 27 3
28 23 27
37 23 38 27
3 27
38
27
23
