#kunkel.py
# GMT Wed May  1 02:19:36 2019
# 
41 15 40 9 19 36 32 8 11 10 2 0 4 39 34 1 12 14 22 20 29 25 42 13 28 23
15 9 19 36 32 7 11 5 2 25 26 3 1 12 34 22 6 31 29 13 42 33 24 35 27
30 1 17 14 42 34 32 36 38 27 10 2 24 37 4 35 39 40 3
17 40 19 36 32 7 42 0 4 25 26 35 1 16 12 14 22 6 31 13 21 18 27
40 9 5 8 23 4 13 26 3 1 16 14 22 31 27 21 18 24 37 32
9 9 19 42 8 0 7 10 23 25 26 35 16 12 34 22 6 31 21 33 24 38 27
19 32 8 7 11 10 2 0 4 26 3 34 22 31 21 18 33 28 37 35 38 27 23
36 42 5 2 23 4 39 35 1 16 12 14 22 6 29 21 18 33 24 3
32 42 5 23 7 10 0 4 13 38 12 14 22 31 37 27 34
8 5 14 7 11 10 2 23 4 3 12 20 22 6 29 18 37 38 27 34
35 39 10 20 22 11 25 34 42 18 6 24 28 37 27 3
38 1 34 42 6 20 11 31 10 18 2 0 24 33 4 37 28
11 1 16 27 12 34 22 39 6 5 29 25 10 24 28 4
7 23 0 10 4 26 3 16 12 14 22 29 27 18 24 37 5
10 39 5 2 25 26 12 20 6 31 13 21 33 27
2 1 34 6 0 16 29 27 4 18 24 37 3 14
0 1 22 34 25 21 18 33 24 37 13 26
4 39 42 23 25 14 20 31 29 13 33 24 28
25 37 14 18 42 13 21 29 33 3 27
26 14 16 12 39 6 23 31 18 24 28 13 3
34 42 39 20 6 31 13 33 28 37 27
1 12 20 5 16 27 33 29 24 28 37 13
16 6 5 39 21 18 33 28 37 13 3
27 39 42 23 14 20 31 13 21 24 37
12 20 42 39 3 14 22 31 29 18 28
14 5 23 39 20 18 21 42 28 37
22 23 39 6 13 21 24 28 37 3
18 5 23 39 6 29 21 42 3 33 24 28
6 20 5 42 21 23
20 42 5 23 31 3 24 28
31 5 29 39 33 24 28 3
29 42 39 5 23 21 24 33
39 21 13 33
21 21 33 23 24 13
42 23 28 37
13 5 3 24 28 37
33 5 23 28
24 28
28 37 3
37 3
3 23
5 23
23
