#kunkel.py
# GMT Wed May  1 02:16:08 2019
# 
41 30 40 9 19 42 5 0 38 11 2 8 4 25 3 15 16 12 14 20 6 17 13 18 33 24 27
1 15 16 12 6 5 0 32 7 11 31 21 10 29 33 24 28 4 3 37 35
30 15 16 37 12 20 22 36 6 32 23 31 11 39 21 29 8 33 4 27 28
39 9 42 0 10 2 23 4 25 26 35 16 12 22 20 17 31 13 33 37 3 34
40 16 27 12 14 9 19 6 17 29 13 21 18 2 8 10 4 25 34
9 19 42 32 10 2 25 26 14 15 12 20 22 17 31 29 13 18 24 35 5
19 32 8 38 23 0 25 26 3 16 14 22 17 20 29 24 28 35 5 34
42 32 23 35 7 11 8 4 26 34 14 20 17 29 25 18 33 24 28 37 3
5 12 38 36 5 17 7 11 10 4 8 24 28 37 3 15 23 35
0 37 12 34 6 32 17 31 11 25 21 29 2 8 33 4 26 3
32 20 16 25 10 2 33 24 28 36 38 37 35
38 8 7 23 4 25 26 34 15 16 12 14 22 6 17 31 29 33 28
11 7 31 23 4 25 26 3 14 22 6 17 20 29 21 18 33 24 35 27 34
7 15 16 22 6 17 14 21 18 8 23 35 25 26 3
10 36 23 8 13 35 16 27 12 34 22 17 29 18 33 24 28 37
2 16 36 22 8 31 20 27 21 13 29 24 4 6 34
8 23 26 35 16 31 29 21 18 33 37 3 27
22 23 4 25 3 15 16 12 20 6 31 29 13 18 33 24 37
4 15 25 26 3 12 20 21 18 36 27
25 23 13 14 6 17 29 21 33 24
26 35 12 17 28 31 36 24 33 3 34
3 15 23 13 3 20 6 21 36 33 24 28 27
15 17 14 29 27 34 33 37 35 13
16 17 14 31 21 33 18 28 37
12 37 23 29 27 6 28 35
14 6 20 27 21 18 31 23 34 28 13
20 35 23 34 6 36 29 21 18 24 37
36 18 28 17 23 13 21 6 24 33 35 27
6 13 31 21 18 33 27
17 23 35 29 13 28 27
31 23 13 35 29 21 28 27 34
29 13 21 18 24 37
13 35 21 33 24 37 27
21 18 35
18 35 33 28 37 34
33 37 27 23 34
24 23 35 34 37
28 34 35
37 35
35 34 27
27 34 23
23 34
34
