#kunkel.py
# GMT Wed May  1 02:08:17 2019
# 
41 15 16 40 9 19 36 6 32 17 31 13 25 21 2 23 24 33 39
39 40 9 19 36 5 23 7 0 25 26 35 16 22 18 6 29 21 42 24 28 37 27
30 16 14 22 42 6 32 0 38 29 34 10 9 33 24 28 37 3 25 23 35
40 42 5 35 7 11 2 4 26 34 15 16 14 20 6 17 25 29 13 21 18 3 32
9 19 0 7 2 8 4 13 26 15 16 38 22 6 17 31 25 21 33 28 37 27
19 16 12 34 10 42 6 5 17 31 29 25 18 2 33 3 27 26 35
36 15 34 20 5 17 8 21 4 2 23 28 37 35 25 26 38
32 42 11 2 23 4 13 15 16 14 22 17 20 29 21 33 24 28 37 27
8 5 7 42 0 4 25 26 3 15 16 12 14 22 20 31 29 21 18 24 37
38 5 7 2 0 4 25 26 35 1 12 14 20 6 17 29 13 18 28 27
11 1 42 5 23 4 13 34 15 16 27 12 14 22 17 31 29 25 21 18 24
22 15 1 20 18 42 34 7 31 21 10 24 28 26 3
0 15 1 12 20 18 6 5 33 16 27 10 24 28 37 13 34
10 1 5 23 7 31 2 4 25 26 35 15 14 6 17 20 29 21 33 28 27
2 1 7 23 4 26 35 15 16 20 18 33 24 28 3
23 15 34 20 1 16 42 33 24 28 37 27 26 3
5 1 16 12 34 42 13 18 28 4 27
13 15 16 12 17 31 18 29 24 28 4 35 27 34
26 15 1 18 17 12 31 27 4 3 34
35 12 14 20 6 25 7 29 18 24 28 4 3
15 17 12 6 27 24 28 34
16 25 3 1 34 17 31 33 24 37
12 37 14 20 42 25 21 18 33 4 27
14 20 42 6 17 31 21 29 24 33 37 27 28
20 7 4 25 1 6 17 21 18 24 28 37 27 34
18 42 6 17 31 29 3 24 37
6 17 1 27 21 31 37 3
7 1 34 42 31 29 33 28 4 27
17 1 4 25 31 29 42 28 37
31 4 34 1 29 21 24 28 37
29 27 42 25 33
25 27 24 3
21 4 34 33 24 28 37 3 27
42 4 34 27 33 24 28 37 3
4 34 27 33 37
33 24 3
24 1 3 34
28 37 3 27
37 34 1
3 1 34
27 1 34
1
34
