#kunkel.py
# GMT Wed May  1 02:05:11 2019
# 
41 1 15 30 34 9 36 5 23 32 7 29 21 42 4 11 33 37 3 39 40 38
15 30 40 9 5 23 10 8 4 25 26 38 1 12 14 20 6 21 33 28 37 35
30 16 12 34 32 17 31 29 7 10 4 13 2 23 24 37 39 26 38
40 1 9 19 36 5 7 2 8 4 35 16 12 20 22 6 29 21 18 24 37 38 27 34
9 27 12 19 36 6 33 14 11 13 21 29 8 37 3 39 25 34
19 1 14 37 36 22 32 17 35 8 21 23 24 28 4 3 27 26 38
36 5 7 11 10 2 4 13 1 12 38 22 6 17 31 29 39 18 33 24 28
5 1 32 8 11 10 0 4 13 26 16 34 20 17 31 25 21 42 33 24 28 37
8 1 0 7 13 10 23 39 38 16 12 34 22 17 31 25 18 33 24 35
35 42 7 11 2 0 13 26 3 12 22 20 6 17 31 29 25 33 37 38
7 32 11 10 2 4 13 38 16 12 14 22 6 17 31 21 33 24 28 37 34
11 1 16 34 22 32 29 13 21 42 31 23 37 39 26
22 1 39 14 42 18 29 23 28 4 37 34
0 1 16 38 20 42 6 33 31 13 39 21 18 24 25 3
10 1 42 2 23 4 37 14 16 38 20 17 29 39 21 18 32 34
2 31 12 20 18 34 32 23 16 42 28 37 25 26 14
23 1 4 13 26 3 12 38 17 20 25 24 37 27
4 42 13 26 14 12 34 6 20 29 21 18 33 28 3 38
39 12 18 6 31 25 21 37 3 27 38
26 1 42 32 16 12 34 17 31 29 18 33 37 3 27
38 1 3 32 14 20 21 42 33 27
1 25 16 14 17 31 33 28 3 32
16 14 12 42 34 25 21 29 24 32 3
27 14 42 6 17 28 31 29 25 18 13 33 37 3
12 14 25 34 33 24 28 3
34 13 20 17 29 18 33 28
20 18 17 13 29 24 6 14
18 17 25 3 6 31 29 21 42 24 28
6 14 17 28 32 25 21 24 37 3
17 31 42 24 28 14
14 42 32 25 3 31 24 37
31 25 13 29 33 37
29 42 13 33 3
25 42 32 13 21 28 3
21 42 3 24 37 32
42 32 13 33 24 37
13 32 3
33 24 28
24 32 3
28 32 3
37 3 32
3 32
32
