#kunkel.py
# GMT Wed May  1 02:03:01 2019
# 
41 1 15 16 14 9 36 6 5 17 25 38 11 39 10 13 2 42 28 4 27 40
15 30 40 42 32 0 7 11 23 8 13 1 16 12 34 31 29 39 21 18 24 37 36 27
30 40 9 19 42 5 32 10 8 4 3 16 14 20 36 29 21 18 24 28 37 27
40 12 38 22 19 36 31 11 7 42 13 18 23 24 28 4 25
9 14 22 19 6 32 17 31 20 13 10 18 2 8 24 28 38 27 35
19 42 23 11 0 8 4 39 26 38 1 16 12 14 22 17 31 29 13 18 33 24 35 27
36 39 42 32 10 2 0 4 25 26 16 34 20 6 31 29 13 21 18 24 28
5 39 42 32 0 7 11 10 2 8 25 3 1 14 20 22 31 29 13 21 18 28 37 23 34
0 7 11 8 13 3 34 20 22 17 29 25 21 18 33 37 35 38 6
32 27 14 18 16 11 7 10 13 29 2 33 4 25 38
7 1 16 12 20 39 28 11 27 21 10 2 8 33 4 35 38
11 23 25 26 35 16 14 22 6 20 31 27 24 28 37 34
31 17 25 39 10 13 29 2 33 24 28 37 27 26 3
10 39 26 3 1 16 12 14 20 13 21 28 37 27 34
29 1 42 23 8 4 13 35 16 38 22 18 21 24 37 3
2 42 23 4 13 35 1 12 14 22 20 39 21 37 38 27 34
23 8 4 39 26 3 38 20 6 17 13 21 18 33 28 35
22 1 8 12 42 6 17 20 18 24 3 39 26 34
4 8 13 35 1 16 20 6 25 21 33 24 28
39 8 13 26 3 16 12 14 6 20 21 18 33 28 35 27
26 14 42 12 34 6 8 20 25 21 3 27 35
38 17 12 25 21 18 24 28 13 34
1 12 34 42 6 17 24 35 37 14
16 35 25 14 12 34 6 17 33 3 27
12 42 17 25 20 27 18 24 28
14 42 8 3 20 6 33 24 28 37
20 13 35 18 6 17 20 42 28 27
18 6 13 21 33 24 35
6 8 13 34 21 33 24 28 3
17 34 8 35 24 33 3 25
35 28 8 33 34
8 42 25 21 24 37 34
13 3 27 33
25 34 28 27 24 37 3
21 3 28 37 27 34
42 34 33 28 3
33 28 34 24 37 3
24 28 37
28 34
37 27 3
3 34 27
27
34
