#kunkel.py
# GMT Wed May  1 02:00:49 2019
# 
41 1 15 8 9 22 42 5 17 35 7 11 13 10 29 0 36 38 41 32 23 40
15 40 9 42 5 7 11 2 25 26 35 16 12 38 22 6 17 29 39 21 37 27
30 16 27 14 10 42 34 32 8 31 29 13 21 18 23 24 37 3 38 39 40 35
14 1 17 40 9 19 22 20 7 29 13 21 23 8 24 37 27 26 3
40 1 9 42 5 0 7 11 23 2 8 4 25 35 12 20 17 31 29 39 33 28 27
9 27 12 20 19 1 5 0 29 39 21 18 2 23 28 4 6 26
19 36 11 31 2 23 4 13 26 38 1 22 6 17 20 25 18 24 28 37 3
42 1 36 5 0 39 38 16 12 20 22 6 31 21 33 24 37 3 34
32 1 38 22 36 6 33 31 11 39 18 13 0 23 28 4 3 27 26 35
0 5 7 10 13 26 35 16 37 12 20 22 17 31 25 21 18 28 36
7 36 11 23 4 25 26 38 12 20 6 17 29 21 18 24 37 35 27
11 16 12 36 5 4 29 39 10 13 2 37 35
10 38 20 36 6 17 25 16 31 21 18 29 2 28 37 27 23 3
20 5 2 4 13 26 38 1 12 6 17 39 33 37 27 34
2 38 23 4 13 26 35 12 22 6 17 25 21 24 28 37 34
8 12 22 36 6 5 25 38 13 39 34 18 3 23 24 4 35 27
4 1 5 17 25 31 21 13 29 24 28 39 3
13 36 22 5 16 31 23 29 24 6 34
26 36 5 23 25 35 22 31 39 21 33 24 28 37 27
35 25 3 16 12 38 22 6 39 21 18 24 27
1 12 6 38 29 22 21 18 36 33 24 25
16 12 38 22 18 6 5 33 25 31 3 39 23
27 36 31 25 22 6 17 29 21 18 33 24 37 3 38
12 5 22 6 17 31 24 28 37 38 34
38 5 23 22 31 29 28 37 34
22 5 18 31 21 36 3 37
18 39 34 6 17 29 21 33 28 37
6 23 3 37 34 21 33 24 28 36
17 36 23 25 21 31 28 39
25 36 34 5 31 24 33
31 23 3 29 33 24
29 36 5 21 28 3
39 5 21 36 33 3
21 23 21 33 36 3
36 5 3 33 37 23
33 5 23 24 28 3 34
24 34 37 3
28 5 34 3
37 3 34
3 34
5 23 34
23 34
34
