#kunkel.py
# GMT Wed May  1 03:51:53 2019
# 
41 1 16 14 9 10 42 22 32 17 25 7 29 31 21 18 30 24 28 4 37 3
15 1 27 12 14 22 19 42 6 32 17 25 34 18 36 2 0 28 4 3 5 35
30 1 34 19 32 23 7 11 13 21 3 29 2 33 28 4 35 38 25 14
39 40 19 42 32 0 10 2 23 25 35 1 16 12 14 20 22 17 31 21 36 6 28 37 3
40 9 19 42 32 7 10 2 23 4 26 35 1 16 27 12 34 20 17 29 13 18 33 28 37 5
9 36 5 23 7 11 8 3 1 16 12 34 20 6 17 31 21 18 33 24 28 37
19 36 0 10 2 23 25 38 12 14 20 6 31 29 13 33 28 37 34
42 5 0 35 7 11 10 2 8 26 34 14 20 6 29 21 24 28 37 3
32 1 36 5 7 10 8 25 26 35 14 6 18 33 24 37 38 34
23 36 6 5 0 31 7 27 21 18 13 2 33 24 3 38 35
7 36 10 0 4 13 26 38 1 12 20 22 17 29 21 35 27
11 36 5 0 2 8 4 13 26 35 1 16 34 20 17 31 29 25 24 28 37
10 16 20 6 17 25 29 18 13 33 24 28 37 5 38
20 0 2 8 26 3 16 34 6 36 33 28 37 38 27
2 1 5 14 25 26 3 16 22 6 29 21 36 24 35
0 4 25 35 14 18 17 31 29 21 36 24 28 27 34
4 12 36 6 5 17 31 18 3 33 35 38 13 26 34
25 1 5 14 34 22 6 17 13 18 24 28 3
26 8 13 35 1 14 22 31 29 21 36 6 24 28 37 38 27 34
3 27 12 22 8 14 16 18 33 35 34
1 1 5 8 16 12 14 22 17 29 28
16 36 5 35 14 6 29 21 18 24 28 37 27
8 12 22 5 14 38 21 18 29 33 28 37 36
12 37 36 22 14 29 13 34 24 28 6
14 5 14 38 22 17 31 13 21 24 28 35
22 27 17 6 29 34 18 31 33 38
36 35 34 6 17 31 29 18 33
6 38 35 27 17 31 28 5
17 27 21 13 33 38
31 5 13 38 21 18 33 24 37 27
29 5 13 35 34 29 21 33 38 27
27 34 28 5 21 24 33 38
21 34 5 24 28
18 34 5 28 37 38
13 28 34 5 33 24 37
33 38 34 37 35
24 34 37 35
28
37 35 38
35 38
38 5
5 34
34
