#kunkel.py
# GMT Wed May  1 01:48:38 2019
# 
41 1 40 36 32 7 11 2 8 4 25 38 15 16 12 22 20 6 39 21 42 33 27 34
1 30 40 9 19 5 8 7 11 0 4 25 35 27 12 38 22 6 17 31 29 13 18 28 32
30 16 12 9 20 10 42 22 5 7 11 13 18 33 24 28 4 32 26 40
40 12 14 20 10 42 5 23 16 29 18 33 37 3 13 26 34
5 36 32 38 2 23 4 3 15 16 12 22 20 6 17 31 21 18 33 24 35 34
19 16 12 34 9 42 6 32 20 7 11 25 21 18 29 2 0 37 36 39 35
36 42 8 0 10 23 4 13 26 35 15 16 38 17 31 29 39 21 24 37 32
32 0 8 4 39 26 35 15 12 20 22 6 29 21 18 33 24
0 15 16 39 9 20 6 17 7 13 21 2 23 24 28 27 26 35
7 9 42 10 39 26 34 15 12 38 22 6 31 29 3 33 28 37 35 27
11 9 42 10 8 4 13 35 15 12 14 6 17 31 29 18 33 24 37 3 27
10 3 20 6 39 21 13 2 8 24 28 35 38 25 26 34
9 14 20 42 22 17 28 16 23 2 8 33 38 6 26 34
2 15 34 6 17 8 23 22 21 13 33 37 3 4 28
8 42 23 4 13 35 15 16 12 14 20 18 22 31 29 25 6 28 34
4 34 22 6 20 28 27 21 42 13 24 33 35
25 15 16 17 38 22 29 13 18 28 37 35 39 34
26 39 3 16 14 22 17 20 29 21 18 33 35 38 27 34
38 42 13 23 3 12 20 22 6 17 31 39 18 24 37
15 13 35 16 27 34 22 6 17 29 21 33 28 37
3 16 27 42 6 17 13 29 23 24 33 37 35 39
16 12 20 22 6 17 31 21 18 37 27
12 20 14 27 34 23 21 31 37
22 42 23 35 14 18 27 34
20 23 39 34 27 14 29 13 21 18 33
18 14 39 21 29 6 33 37
6 42 14 17 31 21 24 28 37
17 14 34 23 21 28
14 42 31 21 29 28 37 35 27
31 33 13 34 29 24 28 27
29 39 23 13 33 28 37
39 42 33 27 35
21 23 35 24 27
42 35 27 23 13 28
13 24 28 23
33 24
24 34 27 28 35 23
28 23 35 37
37 27 34 23 35
35 27 23
27 23 34
23 34
34
