#kunkel.py
# GMT Wed May  1 01:45:09 2019
# 
41 1 40 9 36 5 7 11 2 23 4 39 3 15 14 20 17 31 42 33 24 28 37 27
1 14 30 40 9 36 22 32 0 7 20 25 34 10 29 8 4 35 6 3
30 40 9 39 36 5 7 0 25 26 15 16 12 14 22 6 31 13 21 33 24 37 27
40 9 19 36 32 11 10 0 4 39 26 3 15 16 6 31 29 13 21 18 33 24 28 37
9 12 20 10 17 14 16 7 18 8 33 4 35 39 26 34
19 5 32 8 11 10 0 25 12 20 6 17 31 29 39 21 18 33 24 37 27 23
36 27 20 22 5 8 38 29 39 21 10 2 23 3 25 26 14
5 15 27 12 14 33 31 11 13 42 18 8 28 25 26
8 42 23 7 2 0 4 13 26 34 15 38 17 31 39 21 28 37
32 42 23 11 2 0 4 13 26 35 12 22 20 6 17 29 25 33 28 27
7 42 23 4 25 26 14 15 12 38 20 6 17 31 29 21 24 37 3 34
11 16 12 22 42 33 31 29 18 2 23 10 4 35 27 26 38
22 17 14 18 23 38 42 10 33 2 0 24 37 4 39 35
0 42 10 23 4 25 26 35 14 20 29 21 33 24 28 34
10 13 26 3 15 16 12 14 17 31 25 33 24 28 37 35 34
2 42 23 25 35 15 16 12 38 6 20 29 39 18 37 3 27 34
23 4 26 35 16 12 14 6 17 29 18 28 37 38 27 34
4 42 13 35 15 20 17 29 25 21 18 33 3 38
39 42 13 35 12 34 6 17 31 25 33 24 28 37 3 27
26 13 14 16 12 42 20 17 25 21 18 33 24 28 37
3 15 27 12 18 14 25 21 31 24 35 38 34
15 20 6 16 29 21 18 13 33 37
16 12 42 34 17 31 29 24 37 25 38
12 13 35 14 20 31 33 38 27
14 6 20 21 24 33 38 13
20 13 6 31 29 25 18 24 28 27
18 42 13 38 6 17 31 29 28 37 34
6 27 34 33 29 25 21 13 37
17 28 29 31 33 38 34
25 42 13 27 34 31 29 33 24
31 13 34 21 38
29 34 13 21 28
13 42 35 21 28 34
21 42 28 35 37
42 34 33 24 28 37
33 38 28 37 34
24 27 34 28 37 38
28 35 27 38 34
37 35
35 27 38
38
27 34
34
