#kunkel.py
# GMT Wed May  1 01:37:23 2019
# 
41 1 30 40 9 42 5 7 11 10 23 4 13 26 38 15 16 14 17 29 21 18 24 28 37
1 30 40 9 36 32 8 7 11 10 23 4 25 38 22 20 31 29 39 18 33 24 35
30 16 22 9 6 32 17 25 31 11 13 10 2 8 28 4 27 3
39 40 42 0 7 11 10 8 4 25 26 3 16 12 14 17 31 18 33 24 28 37 35 38 27 23
40 16 12 14 20 42 6 32 0 7 31 34 2 23 24 28 38 13 35
9 36 32 7 11 10 2 23 4 26 34 15 16 12 14 20 6 29 21 24 38 27
19 14 36 5 0 11 10 2 8 4 26 3 15 16 12 38 22 31 29 18 28 32 23
42 15 22 36 6 5 0 7 13 21 2 8 33 4 3 27 35
5 38 22 36 6 32 17 7 11 29 2 8 28 4 37 26 3
8 0 7 10 23 13 26 14 15 16 38 18 33 36 3 27 34
7 32 11 0 4 25 26 35 27 34 17 31 36 24 37 3
11 2 4 25 3 16 14 20 22 29 24 28 37 27 34
0 15 16 20 32 33 25 31 21 18 37 35 26 38
10 36 2 23 4 25 26 38 22 6 20 31 21 18 24 28 27
20 36 38 2 23 25 35 12 14 22 6 17 20 13 18 33 28 3 27 34
2 23 13 26 3 15 16 12 34 22 29 25 21 28
23 36 13 26 35 16 12 22 6 29 21 18 33 28 37 3 34
4 26 38 16 14 22 31 29 18 33 37 35 27
13 22 16 17 31 34 33 29 24 28 37 27 6 38
26 32 17 12 22 6 25 24 28 34
38 36 32 35 15 22 17 31 29 33 37
15 32 16 12 14 22 6 17 31 29 36 33 37 35 34
16 36 32 3 17 21 33 28 27
12 36 32 17 28 29 18 33 37 35 14
14 6 34 22 21 24 37 35 3
22 35 6 17 29 21 18 37 3 32 34
36 35 25 34 17 29 21 18 37 3 27
6 25 35 32 29 21 18 33 28 3 27
17 3 21 18 33 24 28 35 32 34
25 34 33 31 21 28 37 3 35
31 32 29 21 24 18 34
29 34 18 28 37 27
27 32 34 21 18 33 24 37
21 32 24 28 3 34
18 34 33 24 37
3 37 34
33 37 34
24 34 32 35
28 32
37 32 35
35
32 34
34
