#kunkel.py
# GMT Wed May  1 03:51:36 2019
# 
41 15 40 9 42 8 11 10 0 13 26 35 1 16 12 14 22 20 18 33 24 37 36 3 23
15 30 14 22 19 36 6 5 17 28 16 23 31 0 24 33 4 3 25 26 34
30 40 19 42 32 23 11 10 2 0 13 26 14 1 20 22 31 21 36 28 37 5 34
17 1 16 12 40 9 18 36 22 14 7 29 31 10 33 28 37 39 4 26 35
39 19 42 32 23 35 7 11 2 8 4 26 38 14 20 6 29 27 33 28 3 5
40 19 36 32 0 23 13 26 38 1 16 14 22 6 31 20 24 28 37 35 27 34
9 5 32 7 10 8 25 26 3 1 34 20 22 31 29 13 21 18 24 37 38 27
19 42 32 7 11 10 2 0 4 26 38 16 14 6 31 29 13 21 37 34
42 1 12 14 22 36 6 32 7 29 18 2 23 10 4 25 34
34 32 8 28 20 29 25 36 18 0 24 33 4 3 13 14
32 1 31 12 5 23 16 29 7 21 33 37 27 26 3
8 1 22 6 5 20 14 31 11 10 29 2 0 24 28 3 38
7 11 2 0 4 35 1 16 12 22 20 6 31 18 33 24 28 37
11 0 10 2 4 26 38 1 12 14 22 6 20 31 25 21 33 28 37 27
10 5 2 0 4 25 16 12 38 20 22 31 13 21 36 27
2 5 0 2 25 35 1 16 12 22 31 29 13 18 33 24 28 37 23
0 5 25 26 35 1 16 14 20 21 18 37 38
4 16 27 12 5 31 18 29 24 37 25 26 3
13 5 38 26 14 1 20 22 31 21 18 3 33 37 35
26 36 5 23 35 27 20 6 31 33 24 28
35 12 20 36 6 5 23 21 18 29 37 3 38
1 27 5 16 21 18 33 25 14
16 36 23 25 3 14 20 31 21 33 27
12 14 38 5 25 21 29 23 24 37 36 27
14 5 23 14 22 6 21 18 24 28 36 27
22 5 22 36 6 18 24 28 37
5 36 6 25 33 37 3 27
20 25 38 31 29 33 37 23
6 38 36 31 29 25 21 18 37 3
31 23 25 3 29 24 27
29 23 38 25 33 28 37 27
25 23 3 21 36 33 24 28 37
21 38 36 27 18 24 33
18 38 27 36 28 3
33 27 28 37
24 28 23 37 38
37 23 3 38
36 23 28 3
3 38 27 28
38 27 23
27 23 28
23
28
