#kunkel.py
# GMT Wed May  1 01:36:01 2019
# 
41 15 39 30 20 19 42 6 32 0 31 11 7 13 2 23 24 33 35 25 26 3
1 15 30 40 9 19 42 22 32 33 16 11 31 21 10 18 29 2 23 3 26 34
30 40 19 42 5 23 7 11 10 0 4 25 26 15 12 17 31 29 39 21 18 24 28 37 27
14 16 17 12 40 9 42 22 32 20 8 11 25 5 10 13 36 2 6 4 27 35
40 9 19 36 32 0 11 10 2 8 4 25 38 17 29 21 18 33 24 28 27 23
9 15 12 42 6 5 31 7 10 2 8 28 37 3 38 13 26
19 27 12 22 36 17 16 11 13 21 42 2 8 37 38 25 23 3
42 39 36 5 2 25 16 27 12 38 6 17 13 21 18 33 24 28 37 35 32 34
32 22 18 17 31 11 13 10 25 29 2 28 37 39 26 34
23 27 20 36 6 16 13 25 21 31 3 8 24 4 15 39 34
7 36 5 0 10 2 8 4 25 35 16 12 34 22 6 17 39 21 18 33 3 27
11 0 38 10 2 8 4 35 15 16 12 20 31 29 27 33 37 5 34
22 15 12 38 20 28 6 17 39 21 34 31 0 33 25 26
10 15 13 16 20 39 21 31 0 33 35 25 26 38
38 2 0 4 25 26 35 12 20 6 29 21 18 37 27 34
2 0 13 3 20 6 17 18 33 28 35 5 34
0 36 8 4 25 26 35 16 20 6 17 31 29 21 24 34
4 36 8 39 26 34 15 12 6 17 31 18 24 3 27
39 12 34 5 20 29 31 21 24 33 25 26 3
26 15 8 25 3 16 27 12 29 28 37 5
3 20 36 6 33 18 31 15 34
15 36 8 25 16 12 20 6 17 31 29 18 33 28 27 34
16 6 8 28 34 18 29 24 5 35
27 5 13 35 6 17 29 25 18 33 24 37
12 5 31 29 21 18 33 37 36 35
34 35 6 17 31 29 21 18 34
20 36 5 8 13 21 18 24 33 35
36 8 13 6 17 29 25 18 33 28 37
6 25 37 17 21 18 28
17 5 25 29 28 37 35
25 31 29 35
31 8 29 21 24 28 5
29 5 29 13 33 24 28 37
13 18 5 8 21 28 37
21 5 8 33 37
18 8 24 28 37
33 8 35 24 28 37
24 37 5 8 28
28 8 35 5
37 8
35 5
8
5
