#kunkel.py
# GMT Wed May  1 01:16:56 2019
# 
39 15 19 36 5 11 10 2 4 25 26 34 1 16 14 20 22 31 13 21 18 24 3
15 15 30 19 42 0 7 11 8 4 25 35 1 16 34 22 18 6 31 13 36 28 37 27
30 41 12 22 20 5 32 33 7 11 0 10 2 8 24 28 37 35 25 26 34
40 41 9 32 23 11 2 0 25 26 38 16 12 14 20 22 17 31 18 33 24 37 27 34
9 19 42 2 8 25 35 12 34 22 17 31 29 13 21 18 33 24 28 37 3 27
19 41 42 32 7 11 0 4 25 26 3 1 12 38 20 6 31 29 18 24 28
36 41 42 32 23 7 10 8 4 25 3 1 12 38 20 17 31 29 18 28 5
5 1 27 12 34 20 22 23 16 11 25 21 29 2 8 28 4 26 14
8 0 7 31 2 23 4 25 38 12 14 22 17 20 27 24 37 32
35 42 0 23 25 26 34 1 16 38 22 6 31 29 13 18 33 28 37 27
7 32 10 2 4 25 34 1 16 14 17 31 13 21 18 33 24 27
11 41 42 0 38 10 23 13 26 14 1 34 22 33 28 3 27
42 41 23 10 2 0 4 25 26 1 22 20 17 31 29 21 18 24 37
0 10 2 25 26 34 16 38 22 6 17 31 13 21 27
10 41 23 26 38 1 12 14 22 6 20 31 29 25 21 18 13 33 24
2 34 12 14 6 33 29 18 37 3 26
23 4 13 38 1 16 34 20 18 31 27 33 24 28 32
4 41 16 14 17 32 29 25 21 18 28 38 34
25 41 26 1 16 20 22 17 31 29 38 34
26 41 27 12 34 29 21 18 37 3
34 34 20 6 29 13 21 18 33 24 37 3 27
1 16 12 14 22 17 13 33 24 28 37 38 27
16 41 32 12 38 6 29 13 21 33 24 28 37 3 27
32 20 33 31 21 37 3 38 27 14
12 6 17 31 21 24 22 3 38 14
14 17 6 33 29 31 21 13 37 28
20 22 31 21 18 33 24 28 3
22 38 6 17 21 18 33 37 3
17 29 21 24 38
31 41 38 21 3 24 28 37 27
29 41 13 6 29 3 33 24
13 21 24 33 41 6
21 41 38 33 28 37
18 6 33 28
41 37 6 28 3 38
33 3 6 27
24 27
28 6 27
37 27 38 6
3 27
38 6 27
27 6
6
