#kunkel.py
# GMT Wed May  1 03:51:10 2019
# 
41 30 9 42 32 11 23 39 3 15 16 12 34 20 6 31 29 21 18 33 28 36 27
1 30 40 42 23 10 8 39 26 3 15 16 34 20 6 31 29 25 21 36 28 35 27
30 15 39 40 19 36 7 11 8 25 26 38 16 34 6 31 29 13 21 3 27
40 8 12 20 22 42 5 23 31 11 21 0 24 33 37 3 38 25 26 34
9 9 36 5 0 7 11 2 23 4 13 26 34 16 12 14 20 22 17 29 6 37
19 36 0 7 11 23 2 8 4 39 14 15 16 12 34 17 31 25 21 33 28 37 3 27
42 12 20 39 36 6 5 7 11 25 21 10 13 29 8 24 4 27 14
32 15 26 14 22 10 36 6 17 7 11 13 0 18 29 8 24 33 37 27 23
8 15 5 7 11 23 25 16 38 22 13 39 18 24 28 37 27
7 0 10 2 23 4 39 26 34 15 38 20 5 17 29 13 21 33 27
11 10 39 26 14 15 16 34 20 17 31 29 13 33 24 28 3 5
22 16 34 36 6 23 38 29 39 21 0 24 33 4 35 13 14
0 23 13 3 15 14 20 17 31 29 21 24 28 37 35 38 5
10 15 2 23 4 25 3 16 12 34 20 6 29 39 18 33 24 28 35 38 5
2 15 31 16 12 14 36 34 17 13 25 18 33 28 4 35 39 38
23 14 36 26 3 12 20 24 28 35 38 5
5 4 39 26 3 14 6 17 31 29 18 33 24 28 36
39 12 20 6 31 18 28 36 35 38
26 12 16 33 13 34 3 29 28 35 38 14
3 15 25 35 14 20 17 21 18 33 28 37
15 14 20 36 16 18 29 24 35 27
16 12 36 17 13 4 29 37 35 38
37 36 4 25 35 12 14 20 17 31 13 21 18 33 28 27 34
12 20 29 25 13 24 28 35 14
34 4 13 38 20 6 31 21 24 28
20 25 17 14 31 29 21 36 33 38 27
6 27 14 17 25 31 13 29 4 35
17 4 25 31 29 13 33 24 28 35 27
14 4 13 38 25 21 18 33
31 13 35 29 18 33 24 28 27
29 25 29 21 18 33 28
25 4 13 21 18 28 27
21 36 4 24 33 38
18 36 13 4 38 33 24 28 27
4 13 35 24 36 38
13 36 33 24 35
33 24 35
24 27
28 36 38 27
36
35 38 27
38 27
27
