#kunkel.py
# GMT Wed May  1 00:47:45 2019
# 
41 15 30 36 10 2 8 4 25 26 38 1 12 14 6 17 31 29 21 42 33 37 3 34
15 16 17 40 9 22 20 31 29 27 18 2 23 24 37 4 3 38 13 26 14
30 42 5 23 7 11 10 0 39 3 1 14 20 6 17 29 25 21 18 33 28 37
39 40 19 42 7 11 2 23 4 13 14 1 12 22 20 18 6 17 31 29 36 24 27
40 9 19 36 32 7 11 5 8 4 35 16 38 6 25 13 21 18 33 3 27
9 1 12 22 19 42 6 14 28 0 36 8 33 35 3 13 34
19 1 16 12 36 34 32 33 7 10 4 2 0 24 37 35 26 14
36 42 32 11 2 23 13 26 35 1 20 22 17 31 29 21 33 28 37 3 5 34
5 8 7 2 23 4 13 26 35 34 20 6 31 25 21 33 28 37 3 38
0 1 12 14 6 32 20 7 11 25 21 18 16 33 24 37 13 26
32 16 14 22 6 20 7 21 42 2 23 24 33 4 38 27 34
7 1 31 11 21 29 8 37 4 35 3
23 34 22 6 11 21 29 2 33 24 28 35 3
22 1 42 14 18 17 13 21 10 33 24 28 37 35 4 3
10 1 27 14 42 6 17 16 29 13 21 33 24 28 4 25 26 35
11 42 2 8 26 35 16 12 38 17 25 29 13 18 24 3
2 8 35 4 25 26 34 1 16 27 14 20 6 24 3
8 42 4 13 26 38 1 12 34 6 17 29 21 18 33 24 28 37
4 42 13 26 35 1 38 31 18 24 37 3
25 12 20 34 17 16 31 21 24 13 26 14
26 34 1 12 14 6 17 31 24 28 37 27
38 42 13 35 1 12 14 20 17 31 18 33 24 28 27 34
1 16 20 31 13 21 33 28 37 27
16 18 42 35 31 27 29 24 3 14
12 20 42 6 31 13 29 24 28 14
14 34 31 29 18 24 28 37 35 27
20 27 6 17 13 21 33 37 35
18 17 42 34 28 27 21 37 3 6
6 42 35 34 17 31 29 24 28 37
17 33 21 28 34
35 31 24 28 37 27 34
31 3 13 33 37 27 34
29 34 13 21 24 33 37 3
13 42 21 24 28 37 27
21 42 3 28 37
42 27 33 37
33 27 37
24 28 34
28 34 3
37 3 27
3 34
27 34
34
