#kunkel.py
# GMT Wed May  1 00:35:49 2019
# 
41 15 30 12 20 22 36 5 17 25 31 7 18 4 2 8 24 33 37 39 34
1 9 19 42 5 7 2 23 4 39 3 15 16 12 14 6 17 27 21 18 33 24 28 38 32
30 16 10 20 9 19 42 8 7 11 36 18 0 23 28 37 25 26 35
40 9 19 5 8 7 10 2 0 4 39 26 14 15 16 38 20 6 17 31 29 25 18 33 24 28 27
9 15 12 22 10 42 6 5 17 32 16 29 18 28 4 35 25 34
19 12 20 10 36 22 32 17 31 11 21 42 29 2 0 24 28 25
36 12 34 42 5 33 16 29 31 23 8 7 37 3 39 26 35
5 15 32 7 11 8 4 26 38 12 14 17 29 18 28 37 35 27 34
23 15 32 7 11 20 0 26 3 16 34 22 6 17 31 29 21 18 37 35 27
35 14 25 20 29 42 21 18 33 0 28 37 3 4 26 38
7 15 11 2 0 4 39 26 38 22 6 29 13 33 24 37 27
11 32 2 0 13 26 14 8 12 34 20 22 17 31 18 33 28 38
42 10 2 8 4 13 26 14 16 12 38 6 17 29 25 28 37 3
0 14 17 12 20 6 8 25 31 34 10 2 24 37 27
10 32 38 2 8 4 13 3 16 12 14 20 6 31 39 28 27
2 32 8 4 13 26 34 16 12 14 31 25 18 33 28 37 3 38
8 4 13 26 3 27 20 22 18 6 17 25 33 24 28 32
4 22 17 20 31 34 3 25
25 32 39 26 16 38 22 31 33 24 28 3 27
26 39 15 17 31 13 21 18 24 37 3
34 13 14 16 12 38 22 20 39 33 24 28 37 27
15 32 38 16 12 14 22 6 31 18 33 24 28 37 27
16 32 17 14 20 29 21 37 13
27 17 12 6 14 29 31 38 13
12 39 14 32 22 6 17 29 37 3
22 32 38 20 6 31 29 21 33 28 37
20 32 39 38 6 17 29 21 3 33 24
6 18 32 21 24 37 38 14
17 13 29 39 21 33 37
14 33 38 29 24 28 39
31 37 32 33 39 3
29 32 21 3 39
39 32 24 3 38 13
21 32 18 24 33 37 3
18 3 38 33 24 28 37 32
13 32 33 3 38
33 28 37 38
24 32 37 3
28 32 37
37 3
3 38
38 32
32
