#kunkel.py
# GMT Wed May  1 00:21:24 2019
# 
41 30 36 5 0 7 11 10 2 23 39 26 35 1 12 14 22 31 18 24 28 27 34
15 40 5 39 42 32 23 2 0 25 26 35 1 16 38 22 6 17 31 29 13 21 18 28 27
30 9 36 5 0 11 10 2 8 39 35 1 16 20 6 31 27 33 28 37 3 32
40 36 32 8 7 11 10 23 4 25 26 16 12 20 22 6 17 31 21 33 24 28 27
9 8 14 19 5 17 7 11 25 21 18 0 2 33 24 28 3 38 39 26 34
19 8 22 39 42 6 5 20 31 23 7 18 37 2 0 33 36 38 13 26 3
36 32 23 7 11 8 4 14 16 22 20 6 17 31 21 18 33 37 3 38 27 34
16 42 32 23 38 11 10 2 0 39 26 34 12 14 18 31 29 13 24 37 3
5 1 32 0 2 23 4 39 3 34 20 6 17 13 21 18 33 24 37 27
0 8 7 23 4 25 3 12 38 20 17 31 29 18 33 24 28 35 32
7 1 12 17 20 29 31 2 24 33 37 26 35
11 23 4 25 26 1 12 42 20 17 31 29 13 21 18 33 24 37 27
42 12 38 22 17 31 39 21 10 3 29 8 24 28 37 35 13 34
10 32 23 2 8 4 25 3 1 12 14 22 29 13 21 18 24 37 27
20 1 6 23 31 21 18 29 24 28 37 38 13 34
2 39 32 25 35 12 22 29 13 18 24 28 3 27
23 38 39 29 24 35 27 26 14
4 39 32 8 25 26 38 1 14 6 17 13 18 33 24 37 34
39 1 8 25 38 14 17 31 29 18 33 24 35 27 34
26 32 8 25 3 12 34 22 6 31 29 21 18 28 35 38 27
35 38 22 1 32 17 18 24 37 3 34
1 13 14 22 17 31 29 25 21 18 6 32 34
32 38 8 3 14 6 17 21 18 24 28
8 6 25 31 29 21 37 28 38
12 14 25 31 21 24 3 27 34
14 37 22 18 6 17 31 29 21 33 28
22 18 17 29 34 33 28 37 3 27
6 25 38 31 27 21 18 33 24 28
17 25 38 27 31 33 28
31 38 37 27 34
29 25 34 13 33 24 37
25 13 3 34 21 18 24 27
21 37 34 24 33
18 13 33 24 3
13 34 3
33 34 37
24 27 34 28
28 27 34 3
37
3 27 34
38 27 34
27
34
