#kunkel.py
# GMT Tue Apr 30 23:41:47 2019
# 
41 1 12 20 19 5 7 29 31 21 18 2 0 37 39 26 35
14 30 40 9 19 36 5 11 10 25 26 35 15 16 12 38 22 6 17 13 24 3 32
30 1 15 16 9 22 5 17 7 23 31 34 10 2 8 4 25 40 38
39 15 32 42 9 22 18 36 5 33 7 11 31 21 10 8 28 27 40 34
40 32 12 20 19 34 5 11 21 8 4 35 27 3
9 42 5 38 11 22 10 2 0 4 25 3 15 16 12 20 6 17 31 21 18 37 35 27 34
19 42 5 0 38 11 2 8 25 26 35 1 16 12 20 31 27 21 24 37 3 32
36 15 32 0 35 10 2 8 4 25 26 34 1 20 6 17 31 29 27 24 3 5
16 1 12 42 22 32 33 31 11 21 10 26 8 28 35 27 23 38
5 15 23 0 10 8 4 38 1 12 6 42 3 28 35
0 1 27 34 8 38 29 25 21 18 33 24 37 3 13 26 35
38 1 12 6 20 11 22 10 33 2 24 28 4 32 35
23 12 42 6 7 11 21 10 29 2 8 24 25
7 1 27 12 22 20 6 32 25 31 11 18 8 24 13 3
10 8 22 2 4 25 34 20 6 31 21 18 28 37 3
11 25 26 34 12 22 6 31 29 21 3 33 24 28 35 27
2 32 8 4 25 26 12 34 20 17 31 29 13 42 24 37 27
8 25 35 20 22 6 17 21 42 24 28 27 34
15 21 37 12 42 6 20 31 34 24 28 4 35
22 18 42 6 32 17 21 24 28 37 35 34
4 42 25 1 12 34 6 17 31 13 21 18 24 32
25 32 13 35 6 29 18 33 28 37 27
26 1 12 20 34 32 17 28 31 42 33 27 3
3 1 18 12 42 21 29 24 28 37 13
1 12 32 29 27 21 24 28 13
32 34 27 6 21 24 13 35
42 12 17 31 18 33 37
12 13 20 17 31 18 24 28 37 35 27
34 18 6 17 27 13
20 18 21 24 28 35
6 31 37 28 35
17 33 31 21 18 24 35 13
31 29 13 33 37
29 21 18 24 28 37 35
13 33 21 18 37 24 28
21 18 24 35 27
18 24 35
33 28 37 27
24 35 27
28 37 35
37 27
35
27
