#kunkel.py
# GMT Wed May  1 03:50:38 2019
# 
41 40 36 5 0 7 10 23 4 25 26 34 15 16 14 22 6 31 29 39 33 28 37 3 38 27
1 9 36 32 8 0 4 25 38 15 16 14 22 17 31 29 21 18 33 24 28 37 35 27 34
30 15 12 14 9 36 5 17 25 31 11 39 0 10 8 24 37 4 35 32 23 34
40 15 16 39 20 22 10 42 32 17 29 25 21 18 4 13 8 33 37 27 23
9 15 39 42 5 7 10 2 4 25 26 12 38 20 17 29 13 21 33 24 28 37 27
19 15 12 14 22 18 36 6 32 17 31 29 7 42 2 33 24 28 27 23 38
36 15 42 5 38 2 4 39 26 3 16 14 20 6 29 21 18 35 27 34
5 42 7 11 2 23 39 38 15 34 22 17 20 29 13 21 18 33 37 3 28
0 38 20 6 32 17 16 11 27 21 18 3 26 2 8 15 25 23 34
32 15 27 22 6 8 16 7 21 10 2 24 4 3 39 35
7 42 23 11 8 4 25 26 35 16 12 38 22 6 17 31 18 24 37
11 39 42 35 10 25 34 15 16 12 14 31 29 13 33 24 3 38 27
42 23 8 39 38 16 12 34 20 6 17 31 13 21 37 3 27
10 12 20 22 17 38 25 18 2 8 33 37 3 4 23 35
20 8 4 13 26 35 16 38 6 17 31 29 21 28 37 3 27
2 23 13 25 26 14 15 12 38 22 6 17 8 39 28 34
23 39 25 3 15 16 12 14 31 29 13 18 24 28
4 8 26 35 16 14 22 17 6 24 28 37 34
25 13 26 34 12 38 6 31 29 21 37 3
26 14 39 8 3 15 12 22 31 13 21 18 24 37 35 27
34 39 8 3 22 6 17 29 13 28 37 27
15 35 22 6 31 29 21 18 33
16 8 12 14 13 28 3 39 35
8 12 14 6 17 21 18 33 28 37 35 38 27
12 39 3 38 22 29 13 18 33 24 28
14 38 6 31 13 24 33 3 39 28
22 13 21 18 24 37 31 39
6 27 21 24 33 38 13
17 13 35 31 29 21 33 24 28 27
35 3 38 31 21 18 33 37 35
31 39 27 29 13 21 33 24 28 3 38
29 38 21 18 24 28 27
39 33 37 38
21 33 24 3
18 33 3 38 27
13 28
33 28 37 3
24 27 28 3
28 37 3
37 27
3 38 27 3
38 27
27
