#kunkel.py
# GMT Wed May  1 03:50:28 2019
# 
41 16 12 20 9 42 22 5 17 30 11 31 10 13 29 33 24 37 3 25 35
39 30 19 32 11 10 2 8 13 26 3 1 16 34 20 22 17 31 29 21 6 24 37 27
30 40 42 32 0 7 11 2 23 13 26 3 1 12 34 6 29 21 33 24 28 37 5
40 12 9 20 19 36 6 17 7 29 13 10 18 2 23 4 3 38 25 26 35
9 15 20 22 5 0 14 7 11 31 10 29 2 8 24 37 3 38 4 34
19 36 5 0 7 11 10 8 4 13 26 35 1 12 38 31 29 21 18 33 24 3 23
42 32 7 11 10 8 4 25 26 15 38 6 17 31 29 13 18 33 24 28 37
5 36 5 23 7 11 2 8 13 3 12 14 22 31 29 21 28 37 34
14 1 15 12 22 6 0 7 11 13 21 29 2 33 24 37 38 25 26 35
7 36 11 10 2 8 26 16 20 6 29 21 33 24 28 37
11 8 2 23 4 34 1 16 20 6 29 36 33 28 37 3 38 27
0 1 15 22 32 20 16 29 31 34 10 18 6 24 4 13 23 38
10 15 32 35 1 16 12 34 20 6 25 31 29 13 21 36 33 28
2 1 17 12 36 16 20 31 23 28 4 35 26
8 23 1 16 27 34 20 31 29 25 21 18 13 24 28 37 32
15 32 35 4 13 26 38 12 20 17 31 25 18 33 28 36 3 27
4 25 38 1 16 12 34 6 17 21 18 33 24 37 35
13 23 26 35 32 12 22 18 17 31 36 33 37 27 34
26 17 22 16 32 31 36 23 24 33 37 38
3 1 17 12 36 34 20 32 31 21 25 38
1 12 22 6 16 31 18 28 37 23 34
16 12 34 18 36 6 17 27 21 23 33
27 36 23 25 35 38 20 22 17 31 29 21 18 6 24 28 37 34
12 23 20 22 17 25 21 24 32
22 36 32 38 6 25 31 18 33 28 35 34
20 18 32 29 28 37 23 35
36 34 38 17 29 25 24 28 37
6 32 25 35 31 29 21 18 37
17 38 34 32 33 21 23 37
31 23 38 31 25 21 33 28 34
29 25 24 35
25 32 23 34 21 18 24 37 35
21 23 34 32 33 28 35
18 37 38 28 24 33
33 34 28 35
24 32 23 35 37 38 34
28 38 35
37 23 32
35 38 34
38 32 34
32 23 34
23
34
