#kunkel.py
# GMT Wed May  1 03:50:22 2019
# 
41 15 40 32 23 7 11 2 8 39 35 1 14 22 17 31 29 25 21 18 28 37 3
15 1 30 17 40 9 42 16 20 7 29 13 21 10 27 2 33 24 4 25 35
30 12 22 9 39 6 5 0 25 31 11 7 21 13 8 4 3 38 27 26 35
40 39 19 42 32 23 25 35 27 20 6 17 31 13 21 18 33 24 28 37 5
9 1 37 12 14 20 32 17 31 11 18 8 24 33 4 35 38 27 23 34
19 1 32 8 20 42 5 23 28 7 11 31 21 29 0 33 4 25 26 3
42 5 11 2 8 4 13 26 38 1 16 34 22 17 31 29 39 21 33 24 28 35 32
32 36 5 23 7 2 8 13 34 16 12 38 22 31 29 39 21 28 27
23 8 7 10 2 0 13 35 1 16 14 20 17 31 25 21 24 28 3
7 8 11 10 39 26 34 1 16 12 38 17 29 13 18 3 33 35 5
11 5 8 2 0 4 39 26 34 1 16 12 14 22 6 25 21 36 33 37 27
0 37 34 6 8 17 31 13 21 29 2 24 28 4 35 25 38
10 1 16 34 20 36 6 17 25 39 31 3 2 24 33 37 35 27 22
20 36 4 13 26 34 16 38 22 6 17 31 29 25 18 33 28
2 1 16 27 12 14 22 18 5 39 13 28 26 34
8 36 4 39 26 12 14 17 8 29 21 24 37
4 14 12 25 16 13 29 24 33 37 35 39 3
39 25 35 1 12 22 6 17 31 29 36 37 5
26 13 35 12 14 36 22 17 31 18 33 24 28 37 3
35 5 16 12 38 22 6 31 21 18 33 37
1 5 13 14 16 34 29 21 36 24 37 27
16 34 14 6 31 33 28 37 3 38 27
27 13 3 12 38 22 6 31 29 21 24 37 5
12 36 3 14 6 25 13 21 18 37 34
14 38 36 5 21 18 29 28 25 3
22 5 38 17 31 29 25 36 33 24 28 37
36 34 33 38 21 13 29 6 24 25
6 13 34 17 31 29 21 18 33 28 37
17 5 34 29 13 21 18 24 28 37 3 38
31 38 3 29 13 24 37
29 5 34 29 13 18 24 33
25 5 38 13 37 3
21 5 34 18 3 37
18 34 5 3 33 24 28 37
13 38 34 3 5
33 3 24 28 38
24 5 34 38
28 34 5 37 3
37 5
3 38
38 34
5
34
