#kunkel.py
# GMT Wed May  1 03:47:19 2019
# 
41 40 9 36 5 8 38 11 2 23 4 25 26 34 15 16 20 22 6 31 13 24 28 3 27
14 30 19 36 32 23 7 11 0 10 8 13 26 14 16 38 6 17 31 18 33 24 28 37 5
30 40 9 19 36 32 2 23 25 26 38 16 12 20 6 17 31 29 21 18 33 37 3 27 34
39 15 0 34 9 36 22 5 17 20 11 21 10 29 33 28 37 35 38 6 23 3
40 15 27 38 20 18 6 1 16 13 7 0 10 26 2 8 35 25 23 3
9 15 9 36 5 11 8 4 25 26 35 1 12 34 22 17 20 29 13 21 18 24 37 32
19 36 8 7 10 2 0 4 25 26 34 15 12 20 22 31 29 13 21 18 24 37
36 42 5 11 10 13 26 38 1 12 6 17 31 24 28 37 27 34
5 16 12 18 42 6 20 25 21 0 2 33 24 28 4 26 35
8 42 0 7 10 23 13 26 38 15 22 31 29 21 33 24 37 35
32 1 42 22 20 25 31 11 7 21 10 13 2 0 28 37 27 3
38 1 27 22 34 23 20 11 42 18 33 31 28 37 35
11 0 11 2 23 25 26 35 1 12 13 21 33 28 27 34
7 42 2 23 25 26 35 15 16 12 22 17 29 13 24 37 27 34
0 2 4 25 26 35 12 22 31 13 18 24 28 37 27 34
10 1 27 20 6 17 35 29 25 2 24 28 4 3 26
2 42 25 26 35 16 34 20 31 29 13 21 33
23 42 35 15 12 20 17 25 31 29 13 21 28 27
4 1 16 12 20 42 6 33 31 29 27 21 18 13 26 15
25 15 12 1 29 24 28 34
26 13 35 17 31 42 28 34
34 3 16 12 20 22 18 17 42 33 24
15 3 1 16 12 6 17 31 29 21 33 28 37
16 1 42 35 12 22 6 31 29 18 28 37 3
42 17 12 22 6 20 18 24 28 35
12 1 13 3 22 17 31 20 21 24 28
20 13 1 27 22 29 18 24 37 3
22 13 6 29 21 33 28 37 3
6 18 17 29 13 21 31 37
17 13 31 29 21 18 24 28 3 27
35 1 28 24 33 3
31 1 3 33 24 37 27
29 1 3 13 33 37
13 3 21 24 33 37
21 1 3 18 33 24 27
18 33 24 28 37 3 27
33 1 28 3 27
24 28 27
28 1 27 37
37 27
3 27
27 1
1
