#kunkel.py
# GMT Wed May  1 03:46:58 2019
# 
41 15 30 27 12 14 9 36 5 0 32 31 11 25 18 13 29 8 39 40 3
1 30 40 9 32 8 7 11 2 23 13 26 34 15 16 12 14 22 6 20 29 39 21 33 28 35 27
30 19 5 2 0 13 26 35 16 12 20 22 17 29 39 21 33 24 28 37 3 27
17 9 19 42 5 23 4 39 26 3 15 12 38 18 25 36 33 24 28 37 35 34
40 16 39 14 9 19 42 6 5 0 11 13 21 10 29 8 37 15 25 38
9 15 42 32 8 7 23 4 25 26 14 16 34 20 6 27 18 33 24 37 38 5
39 19 36 5 7 11 10 23 4 35 38 18 6 42 24 28 3 32
36 14 42 34 32 7 29 25 0 18 13 2 33 28 37 35 27 3
16 19 5 11 10 2 8 4 13 26 12 6 31 29 27 24 28 37 32
5 14 7 11 0 4 26 3 34 22 29 25 21 24 38 27
8 19 42 23 7 11 10 2 0 4 25 3 12 14 22 31 29 33 24 35 27
7 15 34 19 6 20 11 22 18 0 24 10 4 37 23 38
11 14 42 10 23 35 20 22 27 21 18 33 24 28 38 32
42 14 12 19 6 20 31 34 10 0 37 3 38 13 35
23 15 14 6 21 18 20 29 2 0 28 4 25 26 3
19 32 10 0 26 38 15 12 20 22 29 13 21 33 24 28 27
2 34 22 6 32 20 31 27 10 13 0 33 4 25 26 28
0 0 10 4 25 26 3 15 34 6 21 24 32
4 32 27 25 35 15 12 14 22 31 29 13 18 24
25 20 27 12 22 28 13 21 33 32 3
26 10 14 12 38 20 6 29 21 18 24 28 3
3 10 35 15 12 38 20 18 22 31 29 13 33 37 27
15 32 10 13 14 12 34 31 21 33 28 35 38 27
32 35 34 20 6 31 29 13 24 37
12 13 14 38 22 21 18 24 37 35 27
14 10 13 35 14 22 18 6 20 31 24 28 27
22 10 6 13 21 18 33 24 37 38 27
10 34 6 31 21 18 33 28
6 31 21 18 33 24 28 37
20 29 31 24 37 35 38
31 33 29 34 24 37 35 27
29 38 13 35 34 27 18 28
13 34 24 28 37 35
21 18 24 37 34
18 33 37 35
33 38 35 34 24 28
24 38 34
28 34 37 27
37 34 38 27
35 38 35
38 27 34
27
34
