#kunkel.py
# GMT Wed May  1 03:44:18 2019
# 
41 1 30 22 9 19 36 5 8 31 11 25 21 18 4 23 0 24 33 37 39 26
15 30 40 9 36 0 7 23 2 8 4 13 3 1 16 12 34 20 17 31 25 35 38
30 1 30 40 19 42 5 0 32 2 23 39 26 14 16 22 20 17 8 21 33 24 35 27
17 40 19 0 38 11 10 8 4 13 34 16 12 14 20 22 29 18 6 35 27
40 9 19 5 11 10 8 4 13 3 12 14 22 6 20 39 33 28 27 34
9 1 36 5 8 7 11 2 23 4 25 26 35 14 22 6 31 29 21 42 33 24 37 27
19 39 5 31 11 25 23 4 13 29 0 33 37 3 38 27 26 34
36 1 42 7 11 2 23 4 13 26 14 16 12 34 20 6 31 29 24 3 38
5 42 32 7 10 0 4 13 26 35 1 20 22 6 25 18 24 28 3 38
0 8 7 10 2 23 25 35 16 34 6 29 27 18 33 24 28 37 38 32
32 42 23 7 11 10 8 4 26 14 1 16 12 34 22 31 18 33 24 37 35
7 1 23 11 8 25 35 16 20 6 31 29 21 42 28 37 3 27
11 16 42 25 20 27 21 18 23 10 35 38 39 3
42 42 8 2 23 39 26 1 38 22 18 6 31 25 21 33 27
23 39 10 4 25 14 16 34 31 13 24 28 37
29 1 14 22 28 13 27 21 18 2 8 24 10 25 26 34
2 27 12 38 18 22 16 31 39 10 37 35 25 3
8 1 31 21 10 13 35 39 6 14
4 10 13 35 16 12 21 18 33 28 37 3 27
25 1 10 3 16 14 6 31 24 28 27
26 38 26 3 1 16 12 14 20 18 31 21 28 37 34
35 12 20 31 10 37 13 33 39 38
1 14 16 27 34 13 33 24 37 3 38
16 39 10 3 14 22 6 13 18 33 28 34
12 14 20 6 38 22 21 18 33 24 28 37 34
34 39 38 22 20 31 18 33 24 3
22 6 31 18 33 24 28 27
10 14 28 38 39 21 33 3
6 38 14 20 39 21 33 28 37 3
20 31 21 24 28 37 38 39 3
14 39 3 38 13 33 24 37
31 21 18 33 24 28 3 38
13 37 38 28 39 3
39 38 18 33 24 27
21 37 18 24 28 27
18 38 28 37 3
33 38 24 37 3 27
24 38 24 37 3
28 27 38
37
3 27
38
27
