#kunkel.py
# GMT Wed Apr 10 14:04:37 2019
# 
0 1 4 12 13 14 17 18 19 20 24 25 26 27 28 29 30 32 35 36 37 39 41 42
1 2 4 5 8 9 10 11 14 17 20 21 22 26 27 28 30 31 32 35 36 37 40
2 3 4 7 9 12 14 17 18 19 21 23 26 27 28 30 32 33 37 39 40 41
3 3 7 8 9 11 14 15 17 22 23 24 27 29 30 31 33 35 36 37 39 40 42
4 7 8 11 18 19 20 21 22 23 24 25 26 27 28 29 35 38 40 41 42
5 6 11 14 15 16 17 18 19 20 21 22 23 24 27 30 34 35 37 40 41 42
6 32 35 36 7 8 12 13 14 17 18 19 20 22 23 24 25 28 37 30 31
7 14 15 16 21 24 25 26 27 28 29 30 31 32 33 34 35 37 38 41
8 9 11 13 16 17 18 19 21 23 24 26 27 28 29 32 34 39 41 42
9 10 12 13 16 17 18 19 21 23 24 26 27 29 30 33 35 36 41 42
10 34 38 39 11 12 13 14 15 16 17 18 19 20 22 41 25 29 30 31
11 11 12 15 18 19 25 26 27 28 30 32 34 36 37 40 41
12 33 34 36 37 13 14 18 20 22 23 24 25 38 30
13 13 14 15 17 21 22 23 27 28 33 34 35 36 37 38 39 41
14 16 18 19 20 21 23 25 29 31 32 36 37 39 40 42
15 16 17 18 19 20 21 22 26 27 30 32 34 35 36 39 42
16 18 23 24 25 28 29 30 31 32 33 34 37 38 39 40
17 18 19 22 25 29 32 34 35 36 37 40
18 22 24 26 27 32 37 38 40 41
19 21 25 26 28 29 36 37 39 41 42
20 21 22 24 25 26 27 29 31 33 35 38 39 42
21 22 24 25 27 29 31 32 33 34 35 38 39 40 42
22 23 24 25 27 28 31 32 33 37
23 34 37 35 23 25 27 29 30 31
24 32 42 40 33 38 28 37
25 27 29 31 32 34 41 42
26 28 29 30 31 33 34 35 36 38 40 41
27 27 28 30 32 33 34 35 38 41 42
28 31 34 36 37 38 39 40
29 31 33 35 38 39 41
30 30 31 33 36 37 39 40 41
31 35 36 39 40 41 42
32 33 34 39 40 41 42
33 38 40 39 34 35
34 35 38 37
35 38
36 37 40 42 38
37 39 42
38 40 41 39
39 41 42
40 42
41 42
42 42
