#kunkel.py
# GMT Wed Apr 10 14:04:58 2019
# 
0 2 4 7 8 9 10 13 15 16 17 21 24 29 30 31 32 33 34 35 36 38 39 40 42
1 2 4 5 7 8 9 10 12 13 14 15 16 22 23 24 25 28 30 31 32 33 35 36 37 38 39 40 41 42
2 3 4 5 9 12 13 14 16 19 21 23 24 27 29 30 31 32 34 36 37 38 39 40 41 42
3 5 8 10 13 14 15 18 19 20 22 26 28 29 30 31 32 33 35 36 37 39 40 41 42
4 5 6 9 10 11 14 15 18 21 24 25 31 32 34 35 36 37 38 41 42
5 7 8 9 13 14 16 17 24 26 27 29 30 32 33 34 35 36 39 40 41 42
6 7 9 12 13 17 18 19 20 23 24 25 27 28 30 32 34 35 36 37 38 39 40 41
7 8 9 12 16 18 19 22 23 24 28 30 31 33 34 35 36 37 38 39 40 41 42
8 9 10 12 14 15 16 23 25 26 27 29 30 31 32 33 34 35 37 40 41 42
9 10 12 13 15 18 19 21 22 23 25 27 30 31 33 34 37 38 39
10 12 13 17 19 20 21 22 23 24 25 26 27 30 31 32 33 34 36 37 38 39 40 42
11 12 14 15 16 20 21 22 23 27 28 30 32 33 34 35 36 37 38 40 41 42
12 13 15 17 18 20 21 22 26 27 30 34 37 38 39 40 41
13 18 20 21 22 23 26 28 31 32 33 34 36 39 40
14 15 16 17 18 19 20 22 25 27 30 31 32 33 34 36 38 39 40 42
15 17 18 22 23 24 26 27 30 31 32 33 37 39 40 41 42
16 20 23 24 28 29 30 31 32 33 34 35 37 38 39 40 41 42
17 18 19 23 24 25 26 29 30 31 32 33 34 36 37 38 39 40 41 42
18 20 21 22 26 27 30 34 35 36 37 38 39 40 41 42
19 21 24 26 27 28 30 31 32 33 34 35 37 38 39 41 42
20 23 25 26 27 28 30 31 34 35 36 37 40 42
21 21 22 26 27 30 32 33 35 36 37 39 41 42
22 22 23 28 29 31 32 33 34 36 37 38 40 41
23 25 26 29 30 31 32 35 36 37 39 41 42
24 25 27 28 30 31 34 35 36 37 38 39 40 41 42
25 25 26 27 29 30 31 32 33 35 36 37 38 39 40 41 42
26 29 31 33 35 36 37 38 40 42
27 29 30 31 33 36 39 40 41
28 29 31 32 33 34 35 36 38 39 40 42
29 31 32 33 35 36 37 38 39 40 41 42
30 31 33 34 35 36 37 38 40
31 32 34 35 39 40 41 42
32 35 36 38 39 40
33 34 35 36 37 38 39 40 42
34 34 35 36 38 42
35 38 39 40 41 42
36 38 39 42
37 40 41 42
38 41 42
39 39
40 42
41 42
42
