#kunkel.py
# GMT Wed Apr 10 14:05:08 2019
# 
0 1 4 5 7 10 11 14 15 17 18 21 22 23 24 25 26 28 29 30 31 32 33 34 36 37 38 39 41 42
1 2 3 4 5 9 10 12 16 17 19 20 21 22 23 25 26 27 28 29 31 32 33 36 37 38 39 41 42
2 10 11 13 14 17 18 19 20 21 22 23 24 25 26 27 28 30 31 33 35 36 37 38 39 40 41 42
3 3 4 6 7 9 10 14 15 16 17 19 20 22 23 24 26 27 29 30 31 32 33 35 38 39 40 41 42
4 5 6 8 10 11 12 13 15 16 19 20 21 23 24 25 26 27 28 29 32 33 34 35 36 37 39 40 41 42
5 5 6 10 11 13 15 16 17 18 19 20 21 23 25 26 27 28 29 30 32 33 34 35 36 40 41 42
6 7 14 15 16 17 19 21 22 23 24 26 27 29 30 33 34 35 36 37 38 39 40 41 42
7 8 13 15 18 19 20 22 23 24 25 26 27 28 29 30 31 32 33 35 36 37 38 39 41 42
8 9 12 13 17 18 19 21 22 23 26 27 28 32 33 34 35 36 37 38 39 40 41 42
9 11 12 13 16 17 18 19 20 21 22 23 24 26 27 28 29 30 31 32 33 35 37 39 40 41 42
10 13 14 15 16 17 18 21 22 23 24 25 26 27 28 29 31 32 33 35 36 37 38 39 42
11 12 13 15 16 17 19 20 21 22 23 24 25 26 28 30 32 33 34 36 38 39 40 41 42
12 14 16 17 18 20 21 22 23 24 26 27 28 30 31 33 34 35 37 38 40 42
13 13 16 17 18 19 20 21 23 24 25 26 28 29 31 32 33 35 36 38 39 40 41 42
14 17 18 19 20 21 22 23 24 25 26 27 29 30 31 32 33 34 35 36 37 38 41 42
15 16 17 18 19 20 22 23 24 25 26 27 28 29 30 31 33 34 35 36 37 38 40 41
16 18 21 22 24 25 33 35 36 38 39 40 41
17 18 19 21 24 26 27 28 30 33 37 39 42
18 20 21 23 24 26 27 33 36 38 40 41
19 20 21 23 25 28 29 30 32 33 34 35 37 38 39 40 41 42
20 21 22 24 28 29 31 32 34 38 39 40 42
21 21 23 26 28 30 36 37 38 39
22 23 25 26 29 31 33 34 36 37 39 41
23 24 25 27 30 31 35 38 42
24 26 31 32 34 35 37 38 39 42
25 27 28 29 32 34 35 38 39 41 42
26 27 29 32 33 35 38 40
27 28 31 32 34 35 37 40 41
28 28 31 32 36 37 41 42
29 30 33 34 35 36 37 38 39 41 42
30 31 35 36 37 39 40 41
31 32 34 36 37 40 41
32 33 36 37 38 39
33 34 35 36 40 41
34 37 39 40 41 42
35 38 39
36 37 38 42
37 39 40
38 40 42
39 40
40
41 42
42
