#kunkel.py
# GMT Wed Apr 10 14:05:14 2019
# 
0 1 4 5 7 9 10 11 13 15 16 17 19 23 26 27 28 29 30 32 34 35 37 39 40
1 2 4 7 8 9 11 12 15 18 20 22 23 24 26 29 31 33 34 38 40 41
2 3 4 6 10 12 13 17 18 19 20 21 22 24 25 26 33 35 36 38 41 42
3 4 6 7 9 13 15 16 20 21 22 23 26 28 30 32 33 37 38 39 41 42
4 6 7 8 10 11 13 18 21 22 24 25 27 29 31 34 35 36 37 38 39 41 42
5 9 12 13 16 17 18 19 21 22 23 24 25 26 27 28 31 33 36 37 38 40 42
6 7 8 10 12 17 20 21 23 24 27 29 30 31 35 36 37 39 40 42
7 8 9 11 12 15 20 22 25 26 27 28 31 34 35 37 38 41 42
8 10 11 12 14 15 16 17 23 26 27 30 32 33 36 38 39 40 41 42
9 34 32 40 42 11 12 13 35 22 23 24 36 26 27 29 39
10 11 14 15 17 18 20 21 24 25 26 28 30 31 32 35 39 40 41 42
11 37 38 39 14 40 18 20 32 41 24 26 27 28 42
12 13 14 16 19 22 23 25 26 27 28 31 35 37 39 40 41
13 35 39 40 42 34 15 37 19 20 41 25 28 29 36
14 33 34 35 36 38 39 15 16 40 18 19 22 23 28 29 30
15 18 21 23 25 26 27 29 30 31 32 33 34 37 40 41
16 17 18 20 22 23 24 25 26 27 28 29 30 32 33 34 36 37 38 39 40 41 42
17 18 19 20 21 22 23 27 28 29 31 32 34 37 39 40 41 42
18 21 22 24 26 27 28 29 31 35 36 38 41 42
19 19 20 21 22 23 24 25 27 28 30 31 32 33 37 39 40 41
20 22 25 27 28 30 32 34 35 37 38 39 40 41
21 22 23 24 27 31 32 33 35 36 38 39 40 42
22 29 30 33 35 36 37 39 40 42
23 25 28 29 31 32 35 36 38 39 42
24 24 25 26 27 30 33 34 36 39 40 42
25 26 27 28 29 32 33 34 36 37 39 41 42
26 29 30 34 36 38 39 40 41
27 29 31 33 39 40 41 42
28 29 30 31 34 40 41 42
29 30 35 36 37 39 42
30 33 34 35 36 39 40 41 42
31 32 34 36 37 39 41 42
32 33 35 36 37 38 39 41 42
33 36 38 39 34 40
34 35 36 38 40 41 42
35 38 39 40 42
36 37 39 40 42
37 38 39 40 42
38 38
39 39 41 42
40 41 42
41 42
42 42
