#kunkel.py
# GMT Wed Apr 10 14:05:19 2019
# 
0 1 2 4 5 8 10 11 15 17 18 19 21 22 23 24 25 26 27 28 29 30 37 38 39 40 41 42
1 7 9 10 13 14 15 16 17 18 19 20 21 22 23 24 25 26 28 29 30 31 32 34 35 36 37 39 40 41 42
2 3 4 8 12 14 15 17 18 19 20 21 22 23 25 26 27 28 29 30 32 33 34 35 37 38 39 41 42
3 4 6 11 13 14 16 17 18 20 22 24 25 26 27 28 29 30 31 33 34 35 36 37 38 40 42
4 7 11 12 15 17 18 19 20 21 23 24 25 26 28 29 30 31 32 33 34 35 36 38 39 41 42
5 7 8 9 10 11 12 13 15 16 19 20 21 23 24 25 27 28 29 32 34 36 37 38 39 40 41 42
6 7 8 9 13 15 16 17 18 20 21 22 23 24 25 26 27 28 30 31 32 33 34 35 36 37 39 40 42
7 8 13 14 15 16 18 19 20 22 23 24 26 27 28 29 30 32 33 34 35 37 38 40 42
8 13 14 15 16 17 18 19 21 22 23 24 27 28 29 30 31 32 34 35 36 39 40 42
9 11 13 14 15 17 19 21 22 23 25 26 27 30 31 32 33 34 35 38 39 40 41
10 11 12 13 16 17 18 19 20 21 22 23 25 26 27 28 30 31 32 33 34 35 36 37 38 39 40 41
11 11 14 16 17 18 20 21 22 24 25 26 27 28 29 30 31 32 33 34 37 38 40 41 42
12 14 16 17 18 19 20 21 22 23 24 25 26 27 28 29 30 32 33 34 37 38 39 40 41 42
13 15 16 18 19 21 22 23 26 27 28 29 31 32 33 34 35 37 39 41 42
14 16 17 18 19 22 23 24 25 26 27 28 30 32 33 34 35 36 37 38 39
15 16 18 21 22 23 25 26 28 29 31 33 35 36 37 38 39 40
16 17 18 20 21 23 24 25 26 31 36 37 42
17 19 20 21 22 25 27 28 30 37 38 39 40
18 19 20 22 23 25 29 31 35 38 41 42
19 20 21 22 23 26 29 34 37 40
20 24 27 28 31 32 33 34 35 36 37 38
21 22 23 29 33 35 36 37 38 40 41 42
22 24 26 27 28 30 32 33 34 35 37 38 41 42
23 25 27 28 29 30 34 38 39 41 42
24 25 26 27 28 29 30 31 36 38 39 40 41 42
25 26 27 29 31 33 34 36 37 39 40 41
26 29 31 32 33 34 35 36 37 40 42
27 30 31 32 33 34 35 37 38 39 42
28 30 31 32 33 37 38 41
29 30 31 35 36 37 40 42
30 33 36 38 40 41
31 34 35 36 40 41
32 33 35 38 39 42
33 35 36 37 39 41
34 37 38
35 39 40 41 42
36 37 40 41
37 39 42
38 41 42
39 40 42
40 42
41 41
42
