#kunkel.py
# GMT Wed Apr 10 14:05:27 2019
# 
0 0 2 3 4 5 7 9 10 12 13 14 16 21 24 27 28 29 30 33 36 40 41
1 2 3 4 5 6 10 11 12 14 15 17 19 20 22 24 27 30 31 34 39 40 41
2 3 5 8 9 10 12 13 16 17 19 20 25 26 31 32 35 36 38 39 40 42
3 3 4 5 6 10 12 14 15 16 17 22 24 25 26 28 29 30 31 32 33 34 37 38 40 41 42
4 6 7 11 12 13 15 21 26 27 28 31 33 34 35 36 37 39 40 41 42
5 10 11 13 15 16 17 18 20 21 23 24 26 27 29 30 32 35 38 39 40 41 42
6 9 10 12 13 15 17 18 19 20 23 25 27 29 30 35 36 37 38 39 40 42
7 9 10 13 14 17 18 23 24 25 28 29 30 31 35 36 37 39 40 41 42
8 10 12 14 15 16 17 18 20 21 22 23 25 26 32 34 35 36 38 40 41 42
9 10 13 14 15 16 17 18 19 21 23 25 28 30 31 34 35 36 38 39 40 41
10 10 11 13 14 16 19 20 21 23 31 32 34 38 41 42
11 13 17 19 21 22 27 28 30 33 34 35 36 37 38 39 40 41 42
12 15 17 18 20 22 24 25 26 27 28 29 31 34 37 38 39 42
13 17 18 22 23 28 30 32 33 34 36 37 40 42
14 15 17 18 21 26 28 29 33 34 35 36 37 38 39 41 42
15 15 16 18 19 23 24 26 36 37 39 40 41 42
16 16 18 19 23 24 27 28 29 31 32 34 35 36 41 42
17 18 20 21 22 24 28 34 35 36 40 41 42
18 21 22 24 25 26 28 31 32 37 40 41
19 21 22 24 25 26 27 30 32 36 37 39 40 41 42
20 22 23 24 25 27 29 31 32 33 34 37 38 39 40 41 42
21 22 24 25 27 31 32 33 36 40 41 42
22 23 25 26 27 29 30 31 32 33 37 40 42
23 34 35 36 39 41 25 38 42 30
24 25 26 27 30 33 34 35 38 39 40 42
25 28 30 31 33 34 38 39 41
26 27 28 29 30 31 32 33 36 37 38 39 40 41 42
27 29 31 32 35 36 37 39 41
28 30 32 35 37 38 40 41 42
29 30 31 32 33 35 37 38 40 41 42
30 30 32 33 35 36 40 42
31 32 33 36 40 41 42
32 33 37 40 41 42
33 34 40 41 42 35
34 34 38 39 40 41 42
35 38 39 40 41 42
36 37 38 39 40 41
37 38 40 41 42
38 40 41
39 41 42
40
41 41 42
42
