#kunkel.py
# GMT Wed Apr 10 14:05:31 2019
# 
0 4 6 9 10 12 15 16 17 19 21 22 23 24 25 26 27 28 29 30 32 34 35 36 37 39 41 42
1 6 8 10 13 15 16 18 19 20 21 22 23 25 27 28 29 30 31 32 33 34 35 37 38 39 41 42
2 3 9 11 12 14 16 17 18 19 20 21 22 24 25 27 29 30 31 32 33 34 35 36 37 38 39 40 41 42
3 4 5 8 11 12 13 15 17 19 20 21 22 23 25 26 27 30 31 32 33 37 38 39 40 41 42
4 4 5 6 7 11 13 14 15 17 18 19 22 24 26 27 28 30 31 32 33 34 36 37 38 39 40 41
5 6 8 14 16 18 21 22 23 24 25 26 27 28 29 30 31 33 34 35 36 37 39 40 41 42
6 8 9 12 14 15 18 20 21 22 23 24 25 26 27 29 30 31 32 33 34 36 38 39 41 42
7 10 11 12 14 15 16 17 19 20 21 22 23 25 26 27 28 30 31 33 34 35 36 37 38 39 40 42
8 10 12 14 16 17 19 20 22 23 25 26 27 28 29 30 32 33 36 37 38 39 41 42
9 9 11 14 15 17 19 20 22 23 24 25 26 27 28 29 32 34 35 36 37 38 41 42
10 12 13 14 16 19 21 22 23 24 25 26 27 29 30 32 33 35 36 37 38 39 40 41
11 12 13 15 18 19 20 21 22 24 26 28 29 30 31 32 33 34 36 37 40 41 42
12 15 16 18 19 20 21 23 24 25 26 27 29 30 31 32 33 34 35 37 39 40 41
13 14 16 17 18 19 20 24 25 26 30 31 33 34 35 36 38 39 40 41
14 18 19 20 21 22 23 24 25 26 27 28 29 31 32 33 34 35 36 37 38 39 40 42
15 16 17 18 19 21 22 23 24 25 27 28 29 31 32 34 35 36 37 38 39 40 41 42
16 17 20 21 22 23 24 25 26 27 31 32 33 34 35 36 38 39 40 41 42
17 19 20 21 22 23 25 26 27 28 30 31 34 35 36 37 39
18 19 20 21 22 24 25 26 28 29 30 31 32 34 35 36 37 38 39 40 41 42
19 22 24 25 26 28 29 30 35 36 37 39 40 41
20 21 22 23 26 28 29 38 39 41 42
21 21 22 23 24 25 26 30 34 35 37 38 39 40 41
22 22 23 26 27 30 31 32 34 36 40 41 42
23 25 29 34 35 36 37 41 42
24 25 26 27 29 31 33 34 36 37 38 39 42
25 29 30 31 32 33 35 37 40
26 28 30 31 32 33 35 37 38 39
27 27 28 32 33 35 38 39 40 41 42
28 29 31 34 36 37 39 40 41 42
29 32 33 36 39 40 41 42
30 32 33 36 40 41 42
31 33 34 36 37
32 32 36 37 38 39 40 42
33 34 35 40 41 42
34 36 40 41 42
35 36 38 39 40 41
36 39
37 38 39 40
38 39 40
39 42
40 41
41
42
