#kunkel.py
# GMT Wed Apr 10 14:05:45 2019
# 
0 2 4 5 8 9 11 12 15 17 18 23 24 25 26 27 28 29 30 31 32 34 35 36 37 38 39 40 42
1 2 3 5 6 8 9 13 14 16 18 20 21 24 26 27 28 29 30 31 32 33 34 35 36 37 38 39 40 41 42
2 7 8 10 13 14 17 18 19 23 24 25 28 29 32 33 34 35 37 38 39 40 41
3 4 6 11 12 14 15 16 18 19 20 21 23 24 25 26 27 28 29 31 32 35 37 38 39 40 42
4 10 16 17 18 20 22 23 24 25 26 27 28 29 30 31 32 33 34 35 36 37 38 39 40 41 42
5 6 8 12 13 14 16 18 22 23 24 25 26 27 28 29 31 32 33 34 35 37 38 40 42
6 9 12 13 14 15 19 23 24 25 26 27 28 30 32 33 34 36 37 38 39 40 42
7 7 8 9 10 13 14 15 17 19 20 21 22 23 24 25 26 27 28 29 31 32 33 34 36 37 38 39 40 41 42
8 10 12 13 15 18 20 21 22 26 27 28 30 32 34 36 37 40 41
9 10 12 14 15 16 20 22 24 26 29 30 31 32 33 34 35 36 37 38 39 40 42
10 10 11 12 13 14 15 17 19 21 22 23 25 27 28 29 30 32 34 36 38 39 40 41 42
11 14 16 17 19 21 22 23 24 27 28 29 30 31 32 33 34 35 36 37 41
12 13 14 17 19 21 25 26 27 28 29 30 32 34 35 36 37 38 39 40 42
13 14 16 23 24 25 26 27 28 29 30 31 32 33 34 35 37 38 39 40
14 14 17 18 21 23 25 26 27 28 29 30 31 32 33 34 35 36 37 38 39 40 41 42
15 15 17 18 22 23 25 27 29 30 31 34 35 36 37 38 39 40 41 42
16 18 20 21 23 26 27 28 29 30 31 33 35 36 37 38 40 41 42
17 19 20 22 23 24 25 26 27 28 29 30 31 32 34 35 37 38 40 41 42
18 19 20 23 24 25 26 27 28 29 31 32 33 34 35 36 38 39 40 41
19 19 21 23 24 25 26 27 28 29 30 31 33 36 37 38 39 40 41 42
20 20 21 22 25 26 27 28 29 30 31 33 34 35 36 37 38 39 40
21 22 25 26 27 28 29 30 31 33 34 35 37 38 40 41 42
22 23 24 25 26 28 31 32 33 34 35 37 38 39 40 41 42
23 23 24 25 26 29 31 33 34 35 36 42
24 27 28 29 30 31 32 34 40 41 42
25 26 27 28 32 36 38 39 40 41
26 28 29 35 41
27 28 30 36 37 38 39
28 29 30 33 35 36 40
29 30 34 36 37 39 40 42
30 33 35 36 37 38 42
31 32 33 35 39 42
32 37 38 39 41 42
33 34 35 38 39 41 42
34 34 35 37 38 39 40 41
35 37 38 41 42
36 37 38 39 40
37 39 40 41
38 40 41
39 39 40
40 42
41 42
42
