#kunkel.py
# GMT Wed Apr 10 14:04:40 2019
# 
0 1 2 3 4 6 7 9 10 13 14 15 19 26 28 29 30 31 32 34 37 38 41
1 3 4 5 6 10 11 12 14 15 16 17 19 21 22 25 27 28 32 34 36 38
2 3 5 7 8 10 11 14 16 19 22 23 25 29 30 31 33 34 35 40 41 42
3 35 4 5 6 32 8 9 10 11 38 15 20 22 41 27 29 30 37
4 32 38 7 40 41 11 12 13 16 17 21 22 39 36 26 28 30 31
5 6 9 10 11 13 14 17 18 19 21 23 24 26 28 30 34 36 37 38 39 40 41 42
6 6 8 9 10 11 15 19 20 21 23 24 28 30 33 34 37 39 41
7 8 9 10 11 12 13 15 16 19 22 23 24 27 29 30 32 34 36 37 39
8 11 12 14 15 16 20 22 24 25 26 27 31 32 33 35 36 37 40 41
9 10 12 17 19 22 24 25 26 27 29 30 32 33 34 35 38 40 41
10 13 14 15 18 19 21 23 24 25 29 32 35 36 38 40
11 12 14 15 16 20 21 23 25 26 27 28 33 34 37 38 40 41
12 13 14 17 23 24 25 28 30 31 34 35 37 38 39 41 42
13 42 35 38 41 14 16 17 18 19 20 21 23 24 26 29
14 17 18 19 24 27 28 29 31 33 34 35 38 39 42
15 16 18 19 20 21 22 24 26 29 31 34 35 38 40 41
16 32 42 17 20 21 24 25 26 27 36 30 31
17 32 34 35 39 42 18 19 22 25 26 29 37
18 42 33 38 39 40 19 21 22 25 26 27 28 29 30 37
19 21 25 26 30 31 32 33 34 35 36 37 39 40 42
20 32 33 39 40 35 22 23 26 27 28 29 30 31
21 21 24 27 28 29 36 37 38 39 40 41 42
22 23 26 27 30 33 34 36 37 38 39 40
23 32 33 34 40 37 35 24 42 28 29 31
24 33 34 35 36 27 42 30 37
25 36 37 38 33 25 26 27 28 30 31
26 27 30 35 36 39 41 42
27 34 36 37 35 28 31
28 29 31 33 35 36 38 40 41
29 30 31 32 35 38 39 40 42
30 31 33 38 40 42
31 32 33 37 39 40 41 42
32 34 33 35 39 37 40
33 36 38 39 41 42
34 36 39 40 41 42
35 36 40 41
36 37 39 40 42
37 39 40
38 41 42
39 41
40
41 42
42
