#kunkel.py
# GMT Wed Apr 10 14:05:50 2019
# 
42 6 2 12 8 10 25 15 21 38 37 40 17 28 13 41 16 19 27 9 4 18 30
6 23 17 27 5 37 38 35 33 24 34 40 8 31 3 41 16 13 9 7 36 18
2 23 17 15 25 27 37 22 21 39 35 8 28 26 32 13 41 0 19 20 30 36
12 14 5 23 32 31 13 29 27 36 34 21 41 39 1 33 4 9 40 17
24 23 17 10 37 22 38 11 0 34 1 26 32 13 29 3 19 20 30 36 4 18
8 34 37 22 38 11 39 33 15 40 28 1 29 16 0 20 30 7 36 18 41
29 17 10 25 27 22 21 11 34 14 1 31 13 41 16 19 20 9 7 36
10 14 28 23 32 31 9 41 16 22 38 11 30 39 35 7 36 0 18
25 23 5 34 21 38 11 0 33 40 28 26 32 31 13 16 19 30 7 4 18
5 23 17 27 15 21 38 11 0 35 34 40 14 28 26 1 31 3 41 16 39 9 36 4 18
15 17 22 11 0 35 33 40 26 32 3 16 19 20 9 7 36 4 18 30
22 23 17 37 38 0 33 34 40 28 1 13 16 3 19 20 9 18 30 41
21 23 34 37 38 39 35 40 26 32 16 0 19 20 9 7 36 18
38 27 11 39 34 28 1 31 0 19 20 30 7 4
11 33 27 37 39 34 1 28 26 32 31 13 20 30 18 41
37 17 34 37 33 40 1 3 41 16 9 7 36 4 30
35 23 17 34 39 32 14 28 26 1 3 16 0 19 7 36 4 18
33 14 28 17 31 13 34 3 30 39 7 16 40
23 17 27 0 40 14 28 1 31 3 41 19 20 9 7 4 18
0 17 27 0 26 3 41 20 9 7 30
34 28 17 34 41 19 4 40
40 27 14 26 31 13 20 30 36 4
17 39 26 1 3 13 19 9
14 36 32 31 13 16 26 19 20 30 7 4 3 1
20 27 28 26 31 13 3 19 20 9 36
28 1 26 32 31 16 9 36 18
26 39 32 1 13 41 16 19 9
1 27 32 31 19 9 7 36 4
31 3 19 9 7 4 32
13 3 16 27 19 39 18
41 39 3 16 27 7 4 18
16 39 32 27 7 9
3 32 19 27 7 4 18
39 36 27 9 32 30 18
19 32 4
27 32 9 4 30
9 7 18
7 36
36 32 30 18
4 18 32
18 32 30
30 32
32
