#kunkel.py
# GMT Wed Apr 10 14:05:50 2019
# 
6 42 23 39 27 34 22 21 38 37 35 24 40 26 31 13 41 0 20 9 7 18 30
42 12 17 34 22 11 0 5 40 1 14 28 26 32 3 29 19 20 9 7 30 41
2 12 23 8 10 5 27 21 37 35 33 24 34 17 1 32 41 0 19 20 30 7 4
12 14 26 23 8 31 13 15 25 34 0 38 20 39 35 7 5 4 24 18
23 11 17 31 41 27 15 39 22 20 29 37 7 36 4 0 18 40 8
17 10 37 22 21 38 11 33 15 14 28 26 32 29 16 20 41 7 36 18
29 8 37 34 38 11 0 5 15 40 26 32 31 29 16 39 19 20 7 36
8 10 37 22 5 24 34 15 1 31 3 16 13 19 20 9 36 4 30 41
27 14 1 31 13 16 25 3 0 21 38 11 30 39 19 7 20 9 32
25 14 28 31 13 37 16 3 19 11 41 0 35 21 10 18 30 40 7
33 10 34 22 38 11 39 35 40 1 14 28 26 32 31 3 13 19 20 7 18
37 15 22 21 38 11 0 5 24 14 31 13 16 19 9 7 4
22 10 11 15 40 1 28 32 31 3 16 20 9 36 4 18
21 10 21 11 0 35 5 15 40 28 26 3 20 9 7 36 18 30
38 24 11 35 5 34 15 28 26 1 31 13 19 20 30 36 41
11 34 39 24 1 32 31 13 16 3 0 41 7 36 18
0 32 10 26 7 4 24 34 40 14
35 1 31 3 10 5 28 20 9 39 26 4 18 36
5 24 10 39 15 40 14 28 26 1 31 13 16 3 20 9 36 30 41
24 34 40 14 32 30 41 16 39 20 9 7 36 4 18
34 13 10 36 32 28 19 41 39 4 14
15 10 39 40 1 14 32 31 13 20 41 4 18
40 14 28 3 13 19 20 9 36 4 18 41
32 14 1 31 3 16 9 36 4 18 30
14 39 1 28 26 3 41 7 4 18
28 16 41 10 36 30 19 4 9 1
26 13 16 36 9 39 4 18 30 1
1 10 31 41 19 9 7 36 4
31 3 16 30 36 18
13 10 4 39 41 19 20 30 7 18
41 3 7 36 4
16 10 9 16 39 19 30 36 4 18
3 3 30 39 7 20 9
39 19 9 7 36 30
19 10 36 20 30 7
20 36 4
9 36 10 4
7 30
10 36 4 18
4
18 30
30 36
36
