#kunkel.py
# GMT Wed Apr 10 14:05:50 2019
# 
42 11 2 23 1 31 13 10 16 3 15 28 38 20 9 0 36 30 33 4 24 34
6 12 8 10 5 37 22 21 38 33 15 14 28 26 3 41 16 19 20 9 7 4 30
2 12 23 17 10 25 5 27 38 39 33 24 34 14 28 1 31 29 16 19 30 18 41
12 23 8 10 27 22 21 38 11 0 35 5 24 34 15 28 26 32 31 29 19 30 36 4
23 24 25 37 21 38 11 0 33 14 1 31 3 29 39 20 9 36 18 30 41
8 14 28 24 3 41 37 13 34 19 38 11 9 0 35 21 33 18 5 29
29 10 37 22 0 40 14 28 31 13 41 16 3 39 19 27 9 36 4
10 24 17 25 37 39 5 40 14 28 26 13 16 0 20 9 7 4 30
25 1 30 37 15 28 21 11 41 39 35 7 4 19 34 17 18 40 32
5 24 15 22 21 38 39 34 17 14 28 26 1 9 41 30 36 18
15 24 37 27 21 38 11 39 34 15 28 26 1 16 19 20 9 7 36
22 24 32 3 36 22 11 9 39 26 7 33 4 0 30 17 40 1
21 14 3 41 27 19 20 30 26 1 36 18 17 40 32
38 37 27 0 35 34 40 14 32 13 41 39 19 9 7 36
11 27 39 24 34 40 17 14 28 1 31 41 0 30 7 18
0 27 35 24 34 40 1 32 13 19 30 36 4 18 41
35 20 24 31 3 41 34 13 37 27 26 36 4 18 40 32
33 37 34 39 24 17 14 28 32 3 41 13 19 27 9 4 18 30
24 13 41 26 1 7 32 40 36
34 34 39 14 28 26 31 3 19 9 4
40 39 27 37 14 26 31 3 16 19 30 36 4 18
17 20 32 13 41 37 28 30 39 36 16 18 7
14 37 39 26 32 3 19 20 9 18
28 39 20 26 1 31 3 16 19 27 9 7 32
26 37 1 31 13 19 27 30 7 4
1 27 39 32 13 41 16 9 36 4
31 20 13 27 9 37 16 4 18 30 41
3 27 39 32 37 16 30 7 36 4 41
37 27 13 16 20 9 7 18
16 39 7 19 20 30 36 4 32
13 39 20 32 9 19 27 30 18
39 20 32 27 9 7 4 18
19 32 20 30 4
20 32 7 36 9 30
9 27 7 18
27 7 18 41
7 41 4 32
36 32 18
4 41 18
18
30
41 32
32
