#kunkel.py
# GMT Wed Apr 10 14:05:53 2019
# 
6 6 42 2 12 1 31 29 16 33 34 0 38 27 30 39 35 7 36 4 40 8
42 42 12 24 8 10 25 27 22 21 39 33 23 34 28 31 3 29 13 9 7 4 18
2 12 23 17 15 5 37 21 11 39 33 34 14 28 26 3 41 16 13 19 20 30 36
12 12 24 17 8 25 22 39 5 40 1 14 28 32 31 3 0 20 9 7 30
23 23 17 10 5 37 21 38 39 33 15 14 26 32 31 3 29 20 9 7 36 18 30
8 10 5 34 21 38 11 0 33 40 14 26 32 31 3 29 20 9 7 30
10 26 1 31 3 15 13 37 22 19 38 29 7 4 41 9 40 17
27 28 24 32 31 3 37 25 13 34 22 19 11 9 39 35 33 0 30
25 14 17 31 13 29 5 22 21 38 9 26 35 36 4 19 30 18 40
5 34 37 22 21 0 35 32 31 13 29 16 39 19 20 9 7 4 41
34 17 37 21 39 35 15 1 28 26 32 3 19 20 9 36 4 18
22 14 28 1 37 33 0 19 38 11 9 39 35 18 15 32
21 37 15 38 11 0 40 26 32 13 16 39 19 30 36 4 18
38 24 17 37 11 39 35 40 1 31 41 16 0 19 7 4 18
11 24 37 11 39 35 33 40 1 28 32 3 29 16 13 20 30 7 36
0 17 15 39 35 33 14 28 26 29 19 20 9 7 41
35 24 40 32 3 29 13 20 30 7 36 4 18 41
33 28 24 17 39 13 37 9 1 36 4 40 14
24 14 28 1 31 13 41 16 37 20 4 39 36 18 32
15 39 15 40 1 14 28 26 32 29 20 30 7 4 18 41
40 17 37 14 28 1 3 29 30 36 18 41
17 37 39 14 28 32 3 29 16 19 9 7 4 41
14 37 28 31 13 29 39 20 30 36 18
3 37 26 13 41 16 39 19 20 7 18
26 29 36 37 28 9 19 16 4 18 30 7
1 39 29 16 19 20 9 7 36 4 18 41
31 13 29 7 19 20 30 16 4
37 41 16 13 19 36 4
29 28 32 41 16 30 7 36 18
16 39 28 32 9 7 4 18 41
13 41 28 39 18 20 36
28 39 32 20 30 36 4 18 41
39 32 19 30 4
19 41 7 32 30
20 41 7 4 32
30 32 9 36
7 9 18
9 32 41 36 4
36 4 18
4 4
18 32
41 32
32
