#kunkel.py
# GMT Wed Apr 10 14:05:53 2019
# 
6 42 2 1 3 29 27 34 28 19 22 41 37 35 30 7 33 4 38 9 40 8
42 2 23 17 15 25 37 38 11 39 35 24 40 32 28 1 13 29 16 19 20 9 7 36 18 30 41
2 8 25 5 27 22 21 38 11 39 33 40 32 31 3 41 13 0 30 7 4 18
12 23 8 10 37 22 38 11 39 35 33 34 40 17 1 3 29 16 0 9 18 30 41
23 23 8 25 5 15 22 39 35 33 40 17 26 32 29 16 0 19 20 7 4 18
8 3 41 15 34 22 19 38 27 39 26 21 4 24 0 18 40
10 27 25 5 34 21 37 33 15 28 26 32 31 13 29 16 39 20 41 7 36 18
34 24 5 27 22 11 37 33 0 40 28 26 29 39 19 20 30 7 18
25 14 5 17 31 13 41 3 27 20 39 35 11 16 4 15 36 1
5 15 22 21 11 33 24 40 26 1 31 29 19 20 41 7 36 18
27 15 21 38 11 39 35 40 28 3 29 16 13 19 9 7 36 18
22 17 38 11 0 24 14 26 32 31 13 41 19 9 4 18 30
21 33 24 17 37 38 0 26 32 31 13 41 16 3 19 20 7 36
38 17 11 39 33 28 26 1 3 29 16 19 20 30 36 18
11 39 1 28 26 32 3 41 13 19 20 9 7 4
15 14 28 31 3 16 33 19 20 13 35 7 4 9 36
37 24 17 0 35 33 32 28 26 1 31 13 20 7 36 4 18
35 1 31 13 29 33 19 20 30 16 4 40 32
33 17 31 36 26 9 39 7 4 40
24 24 39 40 14 28 26 1 3 29 20 30 7 36 18 41
0 14 16 17 13 29 1 26 19 36 4 30 9 32
9 17 40 14 28 26 1 31 3 29 39 30 7 4 18
40 17 1 31 13 41 16 20 36 30
17 1 14 28 32 41 19 20 30 36 4
14 28 39 3 41 13 19 20 29 36 31 4 18 30 1
28 36 32 3 29 16 13 19 20 7 18
26 1 32 31 3 41 13 20 36 4 18 30
1 31 13 29 3 20 7 18
31 39 32 3 29 13 19 30
3 41 30 19 20
41 39 32 29 16 13
16 32 13 36 39 20 30 18
13 19 20 7
39 32 29 20 7 4
19 29 18
20 36 29 30
29 32 7
7 18 30
36 30 4 18
4 32 18
18
30 32
32 32
