#kunkel.py
# GMT Wed Apr 10 14:05:54 2019
# 
42 2 12 15 25 5 37 22 11 39 35 33 40 14 28 3 29 16 13 20 30 7 41
6 14 20 32 26 24 8 31 9 29 27 36 37 38 11 30 35 7 33 23 41 17
2 8 10 25 27 22 21 38 11 0 14 28 31 13 41 16 19 20 9 7 36 4 30
12 14 12 23 1 31 13 29 15 36 34 21 27 9 26 35 33 4 5 40 17
34 24 8 27 25 37 38 11 0 33 15 14 28 1 31 13 19 20 30 7 36 4
17 24 10 25 37 22 21 39 5 40 1 14 26 32 30 29 16 20 9 36 41
15 23 10 37 38 11 0 35 33 40 14 3 41 16 19 27 30 7 36 4 18
25 24 8 37 22 21 11 0 5 23 14 28 26 1 31 13 29 16 19 27 9 41 32
5 24 10 27 21 38 11 39 1 28 32 13 37 16 3 0 19 20 9 7
37 3 29 10 19 38 20 9 39 21 4 18 30 41 14
22 24 1 31 13 41 16 36 27 28 29 39 35 32 33 23 0 40
21 23 38 11 0 40 31 13 29 3 39 19 20 30 7 36 4 41
38 11 8 31 3 13 28 20 9 39 35 7 33 18 40
11 24 10 33 39 14 28 26 1 13 29 3 27 30 18
39 24 8 10 33 1 28 26 32 31 3 29 16 20 7 18
35 24 32 31 29 10 27 9 0 7 33 4 23 18 14
33 8 10 40 28 26 13 29 16 20 41 36 4 18
23 8 10 1 14 20 32 31 3 29 13 27 30 4 18 41
1 32 24 8 31 13 29 10 30 26 16 4 40
24 24 8 10 27 14 26 32 13 41 0 19 9 4
9 10 27 14 26 31 13 16 19 20 30 36 4
40 8 27 0 14 28 26 13 29 16 19 30 18 41
8 31 13 41 16 36 19 27 30 7 18
14 10 28 26 41 16 19 7 36 4 18
28 26 32 3 19 30 0 36 7 18
26 27 3 41 16 19 20 36 4 18
36 0 32 31 3 29 16 7 41
31 32 16 3 13 30
3 10 27 0 32 13 41 16 4 18
29 13 0 19 20 30 7 18
16 32 13 0 20 4
13 10 32 19 20 27 7
0 32 27 19 10 4 7
19 10 19 20 18 41
20 10 32 7 41
30 10 27 7 4 18
27 7 4
7 10 32 4
10 41 18
4 18
18 32
41 32
32
