#kunkel.py
# GMT Wed Apr 10 14:05:54 2019
# 
42 6 42 8 10 5 27 22 11 0 35 33 32 31 3 29 13 20 9 7 36 4 30 41
6 2 12 24 17 15 25 34 22 38 33 1 14 26 32 31 3 41 16 19 9 7 36 4 18 30
2 12 23 10 27 21 38 11 39 35 5 15 40 26 31 13 41 16 19 30 36 4
12 11 26 23 1 3 41 37 25 34 28 19 38 20 39 21 5 4 40 17
24 17 34 25 27 22 38 39 33 8 14 26 1 3 29 0 30 7 36 4 18 41
8 23 27 25 5 15 21 38 11 39 35 33 14 26 1 13 41 19 20 30 36 18
10 14 26 17 31 13 41 10 34 28 21 27 9 0 7 33 18 30 40 32
25 17 34 25 15 22 35 40 14 26 1 31 13 41 19 20 9 36 30
5 23 34 15 22 38 0 33 40 14 32 31 13 29 19 20 9 7 18
27 14 23 1 31 3 29 13 37 21 20 41 0 7 4 32
22 23 15 37 21 39 33 34 40 28 32 29 16 19 20 30 7 36
21 17 37 36 34 21 38 0 35 40 20 28 31 13 29 16 39 30 4
38 17 37 34 11 39 33 26 31 13 29 19 20 9 7 30 41
11 17 37 15 39 1 28 26 32 3 16 13 0 20 9 7 36 30
0 14 23 1 13 41 16 33 7 9 19 34 20 15 17
35 23 17 34 37 39 15 14 26 31 3 29 16 19 9 36 18 30
19 23 37 1 14 28 32 30 41 16 9 7 36 4
33 32 26 17 31 3 39 34 30 16 4 18 40
23 34 37 28 26 1 31 3 29 13 39 9 7 30 41
34 37 15 1 28 32 13 41 30 7
15 37 14 26 31 13 29 39 20 9 36 18 41
40 17 37 40 1 31 13 41 16 20 9 7 36 4 18 30
17 14 28 29 16 39 20 41 7 36 18
14 37 28 26 32 29 16 30 7 18 41
28 1 32 31 3 29 16 13 9 36 4 18 41
26 37 39 1 3 16 9 7 18 30
32 3 39 16 29 9 4 37 30
31 39 1 9 29 20 30 4 18
3 1 29 16 36 30 39 4 18 20
29 41 37 7 36 18
16 39 1 13 41 30 4 18
13 37 1 41 20 7 36
39 37 20 9 4 18
1 9 7 4
20 37 41
9 37 30 36 18
7 30 4
36 41 4 18
4 30 18
37 37 30
18 41
30 30
41
