#kunkel.py
# GMT Wed Apr 10 14:05:55 2019
# 
6 14 2 12 24 8 31 29 10 25 5 39 19 38 30 0 26 21 33 4 18 7
42 14 2 28 24 1 31 8 34 27 22 19 11 30 39 36 4 0 17 18 40 32
2 12 23 17 10 25 34 21 38 39 35 33 40 32 31 3 16 13 20 7 36 4
12 24 8 10 37 38 39 33 15 14 32 31 3 29 13 19 20 41 36 4 18
24 23 37 5 27 21 11 0 35 33 15 14 28 26 31 29 39 19 20 36 4
8 23 17 27 25 37 21 38 11 33 34 15 40 28 13 41 16 19 20 7 18
10 23 17 29 37 25 27 22 21 19 30 39 26 35 36 10 0 15 32
25 25 27 22 21 38 11 0 5 15 17 14 26 32 31 3 41 16 20 4
33 11 35 5 23 40 1 14 26 32 31 13 29 16 19 20 9 7 18
34 37 27 34 21 39 5 15 1 28 32 13 29 16 19 20 30 4 18 41
22 17 39 27 21 38 11 37 5 40 28 31 3 29 0 19 30 7 4 18
21 37 11 39 35 5 23 40 14 28 26 32 31 9 19 20 30 7 4 18
38 37 27 39 35 5 40 32 28 26 1 13 16 3 0 30 7
11 27 0 35 1 14 26 32 13 29 16 19 9 7 36 41
39 35 5 23 15 1 32 31 29 16 27 9 41
35 17 27 23 15 40 28 1 31 13 41 19 20 7 4
5 28 26 3 41 16 36 30 4 23 18 9 40
23 27 17 1 31 3 29 16 0 20 9 7 36 30 41
17 14 26 31 3 37 27 9 0 16 18 15 40
15 37 40 28 1 3 29 16 13 0 27 30 7 36 4 18 41
40 27 0 1 14 28 32 3 19 20 9 36 30
32 28 26 13 41 0 19 20 9 7 36 4
14 31 3 41 16 36 26 19 4 18 20 1
20 37 28 13 29 3 19 9 30 41
28 37 0 26 1 31 41 9 7 36 4
26 31 3 37 9 36 4 30
1 31 16 29 36 19 9 7 4 30
31 41 36 4 18
3 13 29 37 36 41 7 18 9
29 37 41 16 0 7 36 4 18
16 13 7 9 0 27
13 41 27 19 9 0 4 37 30
0 27 37 30 18
19 37 9 7 4 18
27 41 9 7 36 30
30 9 7 36 4 18
7 9 4 18
9 37
36 37 41
4 37 18 41
37 18
18 18 41
41
