#kunkel.py
# GMT Wed Apr 10 14:05:57 2019
# 
42 6 42 28 12 23 8 30 41 37 36 15 38 9 0 35 32 7 5 18 40 1
6 2 23 10 25 15 22 21 38 11 39 5 28 1 3 29 16 13 19 9 4 41
2 12 23 8 34 27 22 21 38 39 35 33 40 17 14 1 13 41 16 19 20 32
12 24 8 10 27 22 21 11 37 5 40 1 28 26 32 3 29 16 13 39 9 7
23 17 8 10 25 34 38 0 35 15 40 1 14 32 31 3 37 16 13 39 27 30 4
8 10 25 34 21 38 0 35 33 40 26 13 41 19 20 9 7 4 30
29 17 10 25 34 38 39 33 40 1 32 31 3 37 13 0 9 7 36 18 30
10 37 25 5 34 22 38 11 0 33 24 15 17 28 26 13 20 9 18
15 26 32 31 30 37 14 34 19 38 20 9 7 24 18 41 17
25 20 26 31 3 13 27 19 11 41 0 35 21 16 24 5 1
13 37 22 33 24 17 28 26 3 16 19 27 30 7 4 18
37 14 32 31 39 21 38 30 0 26 35 36 4 18 41
22 24 17 27 11 39 35 5 34 40 28 32 41 0 20 9 4 30
21 24 38 11 39 35 5 17 28 26 32 31 3 20 7 4 18
38 39 24 17 1 26 32 31 3 0 27 41 4 18
11 24 17 5 11 39 35 33 40 14 31 3 41 19 20 9 7 36 4
0 39 33 24 14 28 26 3 16 27 41 7 36 18
35 34 40 14 1 31 3 41 16 27 30 36 4 18
5 24 17 27 39 40 14 28 26 3 16 20 30 36 4 18
24 28 34 1 31 41 33 30 7 39 3
34 14 3 20 9 39 7 33 18 30 41 40 32
17 27 39 40 14 28 26 32 31 3 30 36 41
40 39 14 1 9 16 19 20 30 36 4
1 27 33 28 26 31 19 9 36 4 18 41
14 33 14 20 28 26 3 16 19 27 30 36 18
20 28 31 16 36 26 19 4 7 32
28 27 33 32 3 41 16 19 9 7 36 4 18 30
26 27 19 9 16 4 18
33 16 31 27 41 7 36 4 18 32
32 31 16 19 9 7 36 18
31 3 27 9 39 41
9 39 3 16 19 27 41 36
41 3 19 4
16 27 39 3 19 30 7 36 4 18
3 36 18
39 27 30
19 7 36 4 18
27 27 30
30 7 4 18
7 36 4
36 4
4
18
