#kunkel.py
# GMT Wed Apr 10 14:05:59 2019
# 
6 42 23 8 10 25 27 21 24 17 15 40 1 14 26 32 3 13 20 9 7 36 4 18
42 2 23 8 27 25 33 15 21 35 5 34 17 14 1 13 16 19 30 7 4 18
2 28 12 23 16 41 10 5 37 19 38 20 29 39 21 33 4 24 18 34 40
12 26 34 32 30 41 37 25 33 27 28 19 22 9 39 35 36 24 5 40 17
23 10 34 22 21 38 39 5 15 14 32 31 3 29 13 0 19 9 7 30 41
8 8 10 34 38 11 0 35 5 20 1 31 13 29 16 19 27 9 36 30 41
29 37 25 27 22 21 39 35 5 15 40 17 28 26 1 31 3 19 20 9 18
10 27 34 21 11 37 35 0 17 15 40 1 26 32 13 41 39 19 9 36
25 24 17 37 27 22 38 11 0 33 15 28 32 31 13 16 30 36 18
5 37 27 38 11 0 33 24 34 40 14 28 1 31 3 16 13 19 30 36 41
27 28 24 31 30 34 20 41 0 26 4 32 17 14
22 14 1 13 16 36 37 7 21 38 11 26 35 33 34 15 40 17
21 17 37 11 0 33 40 14 1 31 3 16 20 9 4 30
38 37 34 11 39 35 24 15 14 32 13 20 9 36 4 18 30
11 24 33 37 0 35 34 14 26 1 13 41 19 7 4 18
37 24 34 39 35 28 1 31 13 20 41 36 18
35 24 39 15 40 17 1 31 3 0 19 41 7 36
33 24 32 31 16 28 19 39 26 0 18 40 7
24 39 15 28 32 3 41 16 13 0 19 20 4
0 17 14 28 31 3 16 13 19 30 7 36 4
34 39 14 28 26 13 41 16 19 36 4
17 39 14 26 31 3 16 13 19 30 7 4 41
15 15 39 28 26 3 16 19 20 9 7 36 4 18 30
40 40 14 28 26 32 31 13 16 19 9 36 4 18
1 39 32 31 13 16 3 9 7 36 4 41
14 28 26 32 41 16 19 20 4 18
28 3 19 30 39 26 20 36
26 3 9 13 7 4 18
32 39 31 3 41 19 9 7 36 4 30
31 39 19 20 41 7 36 4 18
3 13 39 19 20 30 36 18 41
41 39 19 30 7 18
16 39 19 20 9 7 36
13 20 9 36 4 18 30
39 9 7 30
19 19 20 7 18
20 20 9 7 36 18 30
9 30 7 4
7 30 7
36
4 18
18 18
30
