#kunkel.py
# GMT Wed Apr 10 14:05:59 2019
# 
6 42 2 12 23 17 10 5 37 0 35 33 15 40 8 26 1 3 41 13 19 9 18 30
42 23 8 10 25 27 37 21 33 5 1 14 28 26 32 31 3 29 16 19 20 7 18
2 12 24 17 10 27 22 21 0 40 8 28 31 13 29 16 19 20 9 7 36 4 41
12 23 17 10 33 27 22 21 11 39 5 24 34 8 14 1 31 3 29 16 19 20 9 7 30 32
23 23 17 10 25 34 22 21 38 0 35 5 24 40 14 26 1 13 9 7 4
17 25 37 22 38 11 35 5 24 26 31 13 29 16 19 9 36 4 41
29 34 31 3 10 33 37 28 19 38 20 39 35 7 5 18 15 8
10 15 25 5 27 22 38 33 24 34 32 28 1 13 3 20 41 18
25 22 38 11 39 33 24 40 28 26 1 3 16 13 19 9 36 4 18
5 27 22 11 37 24 8 14 28 26 1 3 16 0 19 20 9
37 15 26 24 13 34 3 27 19 38 20 41 4 18 9 40 32
22 34 21 38 11 39 35 24 15 8 3 41 0 30 7 4
21 14 1 31 16 33 27 30 39 26 35 36 24 0 28 40 32
38 14 32 26 31 13 33 19 30 35 7 36 41 40 8
11 33 20 31 13 34 36 27 35 11 30 39 26 1 4 15 32
0 14 8 3 15 36 34 28 20 9 39 35 16 4 24 32
35 14 32 31 13 15 27 30 33 4 18 8
33 34 27 39 15 40 28 32 16 19 7 36 4 18
24 27 34 40 32 14 28 26 1 31 13 16 20 9 7 30
34 8 15 28 1 31 13 19 9 7 36 4 41
15 8 39 40 3 16 13 27 9 36 4 18 30 41
40 27 39 14 26 3 13 19 20 9 7 36 30
8 14 20 28 32 13 19 27 41 7 36 4
14 28 31 3 16 36 26 30 19 18 1
28 3 39 27 41 36 13 18 9
26 39 1 32 13 41 16 19 20 36
1 32 31 16 41 30 39 7 4
31 3 16 30 7 36 20 41
3 20 16 27 30 36 4 18
41 39 20 32 27 30 7 4 18
16 27 39 13 19 7 36 4
13 27 39 9 30 36 4 18
39 27 9 32 20 7 18
19 27 32 9 20 30
20 32 9 30 36 4
9 32 9 7 18
27 32
7 36 18 30
36 32
4 30 18
18 32 30
30 32
32
