#kunkel.py
# GMT Wed Apr 10 14:06:00 2019
# 
42 12 23 17 10 25 15 21 11 0 35 33 24 8 14 28 26 31 13 29 20 7 4 18
6 14 2 23 1 31 3 29 16 13 22 19 38 36 39 35 21 5 4 40 32
2 12 8 10 34 22 21 38 11 0 35 5 26 1 3 37 16 13 27 9 4 18 30
12 27 34 22 21 11 39 35 33 40 14 28 26 1 3 41 16 20 9 4 30
23 8 10 25 34 21 38 39 35 5 15 40 14 26 13 37 16 3 0 20 30 36
17 24 8 10 25 5 37 21 38 11 39 35 33 34 32 28 1 3 16 13 20 7
10 27 25 5 37 21 38 11 35 33 15 8 28 26 32 31 3 9 36
25 25 27 38 35 33 24 40 8 14 28 26 32 3 41 19 30 7 36 4 18
5 20 31 29 33 34 39 19 11 9 0 35 21 36 18 40 32
15 27 22 38 11 39 35 24 34 40 14 28 26 32 3 29 13 0 20 30 18
22 14 24 8 31 3 41 27 36 21 11 29 0 26 19 33 30 40
21 0 33 24 8 14 28 26 1 31 3 41 20 4 18
38 8 11 39 33 1 14 28 26 32 31 41 16 19 20 7 18
11 24 39 33 34 28 31 3 16 0 19 9 7 36
0 37 27 39 33 34 14 32 9 29 16 30 7 36 4
35 16 29 1 30 37 26 32 7 18 34 8
33 24 27 39 8 32 41 19 20 9 36 4
24 27 34 37 40 14 28 26 32 31 3 29 39 19 9 36 18 30 41
34 27 37 40 8 28 26 1 31 29 19 20 41
40 37 14 26 32 31 13 16 19 20 9 7 4 18
8 1 3 29 19 27 9 7 36 18 30 41
14 28 16 13 37 27 30 19 36 7
28 37 39 1 28 26 32 9 16 19 30
26 37 32 31 3 29 19 27 41 7 36 4 18
1 31 13 16 20 9 39 7 36 18 30
31 39 31 13 29 16 20 41 7 36 4
13 39 41 27 7 19 20 9 37 16 4 32
29 37 41 36 27 7 4 20 32
16 37 27 39 3 20 7 4 18
3 27 39 20 30 7 4 18
39 27 37 32 19 9 4 18 30
19 37 32 41 9 36 18
20 37 32 30 18 41
9 27 32 41 30 7 4 18
27 32 27 7 36 41
7 36 18 30
36 30 41
4 32 37 4 41
37 30 18 41
18 41 30
30
41
32
