#kunkel.py
# GMT Wed Apr 10 14:06:00 2019
# 
42 6 12 23 17 10 25 37 21 38 39 35 32 28 26 1 3 29 16 27 30 4 18 41
6 2 12 24 8 10 15 21 38 11 35 5 23 34 40 17 14 28 26 32 31 13 29 16 9 36 18
2 12 27 34 11 39 35 5 15 28 26 13 29 16 19 20 9 7 36 4 18 41
12 23 25 34 22 21 38 11 39 5 32 14 1 31 13 29 0 19 7 36 4
23 8 10 34 11 37 35 33 17 14 28 26 1 3 29 16 13 39 20 30 41
17 10 37 38 11 33 24 15 40 1 14 26 32 31 13 16 19 30 36 4
8 14 26 1 3 29 34 13 15 21 27 9 39 35 7 36 4 24 18 40
10 10 25 33 15 22 11 0 5 28 31 13 29 19 9 7 36 30 41
25 14 28 1 31 30 34 22 19 27 9 39 26 7 0 20 40 32
33 37 38 0 5 34 40 28 26 32 31 3 29 13 19 9 7 4 18 30
37 5 15 21 11 39 35 24 40 28 1 31 3 29 0 19 30 4 18
22 14 28 1 3 41 16 13 34 39 19 38 11 29 0 36 18 40 32
21 28 24 31 29 36 19 20 9 39 26 35 11 5 18 40 1
38 24 27 34 11 39 35 32 28 1 13 29 16 0 30 7 18
11 35 5 24 34 15 40 14 1 31 29 16 30 41
39 15 28 26 31 13 16 20 9 7 36 4 30
35 26 3 27 7 28 0 35 19 36 20 15 32
5 5 27 0 15 40 1 31 29 19 20 9 36 4 18 41
24 24 34 0 15 40 1 28 32 3 29 13 19 20 9 7 18 41
34 40 14 26 1 31 3 41 19 20 30 7
15 27 0 14 31 3 29 13 19 20 30 4
40 26 3 29 1 41 27 16 4 18
32 27 14 28 1 31 3 19 20 9 7 36 4 18
14 28 13 9 27 36 7 16 4 30 1
20 26 13 41 36 27 30 0 16 19 7
28 28 41 0 19 9 7 18
26 27 31 29 0 9 7 4 18
1 31 9 16 19 30 18
31 0 13 41 16 27 30 7
3 0 13 41 16 19 9 7 36 4 18
29 0 13 41 19 9 36 18 30
16 27 41 13 0 9 7 36 4
13 0 9 18 41
0 27 19 30 7 36 4
19 4
27 41 7 4 18
30 36 7 4
7 41 36
9 36 4
36 41
4
18 41
41
