#kunkel.py
# GMT Wed Apr 10 14:06:00 2019
# 
6 6 42 2 24 17 10 25 5 27 39 35 33 15 40 8 1 31 3 29 13 19 20 7
42 24 17 10 37 22 38 11 5 34 15 40 14 20 13 41 16 19 27 9 4 18 30
2 24 34 25 27 22 11 39 35 5 14 28 26 32 31 13 29 16 19 20 30 4 18
12 23 8 10 25 27 38 11 39 5 34 40 17 14 26 32 9 29 0 19 30 7 4
24 8 27 5 34 22 11 39 33 15 32 28 1 31 41 0 9 7 36 18
17 23 8 15 37 21 11 0 5 40 14 28 26 1 31 3 16 20 7 18
10 23 8 15 25 34 22 38 11 39 5 40 28 26 32 13 29 0 9 36 4 18 41
25 23 27 38 11 37 35 33 34 40 28 1 31 3 41 16 0 20 9 7 36 4 18
5 3 8 13 15 21 11 30 0 33 4 32 18 14
27 8 3 29 37 36 34 38 11 35 1 33 23 14 20 32
22 8 37 21 0 33 15 14 28 26 31 3 41 16 13 39 19 20 7 36
21 14 20 31 13 41 37 15 19 33 11 9 39 1 36 0 30 18 32
38 34 8 36 37 38 11 39 35 33 40 14 3 16 13 20 9 7 4
11 37 39 15 14 20 28 31 41 0 30 7 36
39 1 3 13 34 9 26 19 33 18 30 40 7
35 14 26 23 1 3 41 16 13 28 20 30 0 7 34 40 32
33 14 26 1 41 36 20 30 7 4 23 40 32
23 34 8 37 15 1 14 28 26 32 3 41 16 19 20 9 30
34 37 40 14 26 32 31 3 29 19 9 18
15 40 8 28 26 32 13 29 16 30 7 36 4 18
40 28 26 32 31 3 41 19 30 4 18
8 16 31 13 41 36 29 7 18 30 9
14 37 0 28 1 31 3 19 30 18
28 37 0 32 13 29 19 20 30 18 41
26 1 31 3 29 16 0 9 36 30 41
1 31 3 29 13 20 9 41 36
31 37 32 29 16 19 20 41 4 18
3 13 37 19 20 16 0
29 20 13 29 9 37 7 36 32 30
16 41 37 13 0 7 36 4 32
13 7 9 30
0 41 36 37 30 4 32
19 37 41 20 9 36 4 18 30
20 37 32 9 7 36 4 30 41
41 9 7 4
7 37 9 32 36
9 37 4 18
36 30 4 18
4 37 32 4 18
37 18
18
30 32
32
