#kunkel.py
# GMT Wed Apr 10 14:06:00 2019
# 
42 2 23 17 10 5 37 38 11 39 33 24 34 15 40 14 13 16 0 19 27 7 4
6 12 24 17 34 37 22 21 38 11 39 35 15 40 14 28 26 3 16 13 27 30 7 9 36 18
2 12 24 15 25 34 22 21 39 35 5 40 14 28 26 1 31 9 0 30 7 4 18
12 14 12 23 1 16 3 8 10 28 21 9 39 26 19 36 0 18 40 32
23 14 28 10 8 3 41 16 25 33 37 39 27 30 0 35 7 5 18 1
17 24 10 25 27 22 38 0 35 33 40 28 26 32 31 13 19 20 30 7 36 4
29 24 8 10 15 22 11 0 35 5 40 28 26 32 9 41 16 19 20 30 7 4 18
8 37 27 22 38 11 0 35 5 26 32 31 13 3 19 20 30 7 36 4 41
10 41 16 25 33 34 39 21 27 0 7 36 4 5 40 32
25 14 26 3 41 16 5 37 22 19 20 27 21 7 24 0 40 1
5 37 22 11 35 15 1 26 32 31 3 13 30 7 4 18 41
37 27 34 21 38 39 35 24 28 3 41 0 19 20 30 36 18
22 15 27 22 38 39 35 33 40 14 26 13 20 41 4 18
21 1 13 16 36 34 28 19 20 9 26 4 30 41 15
38 24 27 38 11 39 15 1 14 32 31 9 0 20 30 36 18
11 24 15 27 39 33 34 32 28 26 1 31 3 9 36 4 30
39 0 35 33 40 20 28 31 13 19 27 9 4
35 27 33 34 15 1 26 32 9 0 19 30 4 18
33 15 34 32 14 28 26 1 3 16 13 19 9 36 30
24 27 34 40 14 26 32 31 3 16 9 18 30 41
34 1 31 3 41 13 16 19 4 18 40 36
15 28 1 30 16 9 4 18 41 14
40 1 32 3 13 20 9 7 36 18 41
32 27 0 14 28 1 31 13 16 3 20 4
14 0 26 1 3 19 20 9 7 4 18
20 28 13 7 27 30 1 19 41 9
28 16 13 36 9 19 18 7
26 27 0 1 31 13 9 7
1 27 0 31 13 16 3
31 13 41 16 3 0 30 7 36 4 18
13 0 30 41 19 9 4
41 3 27 0 16 7
16 27 0 9 16 19 30
3 27 30 7 36 18
0 27 19 30 7 36 4
19 27 9 36 18
27 7 36 18
30 9 36
7 9 36 18
9 4
36 4 18
4
18
