#kunkel.py
# GMT Wed Apr 10 14:04:38 2019
# 
0 1 2 3 4 5 6 9 11 13 14 15 16 19 24 26 28 30 31 32 35 36 38
1 33 2 3 36 5 39 8 10 12 34 14 15 16 40 19 20 21 28 31
2 4 5 10 11 13 14 16 18 19 20 22 23 24 25 30 31 34 35 39 40
3 5 8 9 14 16 19 22 23 24 25 26 29 30 31 33 34 37 38 39 42
4 5 7 9 10 12 14 15 16 23 25 26 27 29 32 36 37 38 39 40 41
5 7 9 10 12 13 15 16 17 19 22 28 29 32 33 34 39 40 41
6 7 9 10 11 13 14 15 16 17 19 22 23 25 26 30 32 36 37 39 40 41 42
7 8 11 12 14 17 21 22 24 26 29 30 31 32 34 35 36 39 41 42
8 32 34 36 33 38 41 42 17 18 35 20 22 23 24 25 26 27 37
9 11 14 15 16 18 21 23 24 27 28 29 32 33 34 37 41 42
10 32 33 11 12 34 14 15 18 20 24 25 26 28 37 30 36
11 16 17 18 19 21 23 24 25 26 27 29 33 35 37 39 40
12 13 14 15 16 17 19 20 21 22 24 25 28 29 31 33 36 37 42
13 15 17 18 20 22 23 25 28 29 31 32 33 34 36 37 39 42
14 17 20 22 23 24 26 27 28 32 37 38 40
15 18 19 20 21 23 24 27 30 31 34 36 37 38 39
16 16 17 21 27 29 30 32 33 34 38 39 41
17 18 20 21 23 25 26 28 34 35 37 38 39 41 42
18 19 20 23 25 27 29 30 32 34 35 36 37 38 40 41
19 20 22 25 27 32 33 34 35 37 38 39 40 41
20 21 25 26 27 30 31 32 34 35 36 38 42
21 22 23 24 25 27 28 29 34 35 36 38 39 40
22 22 23 24 25 27 28 30 34 35 39 40 42
23 26 27 30 31 35 36 37 38 39 40 41 42
24 32 33 35 25 26 27 39 31
25 30 31 32 35 37 40
26 33 34 37 42 38 29 30
27 33 35 37 38 39 40 41 42
28 29 30 31 35 36 37 38 39 40 41 42
29 33 38 35 39 37 29 30 31
30 31 32 34 35 37 40 41
31 32 33 35 37 38 40 41 42
32 33 36 37 39 41
33 42 39 41
34 36 37 41
35 38 39 42
36 41 39 40 42
37 38 40 42
38 42
39 40
40 40 41
41 42
42
