#kunkel.py
# GMT Wed Apr 10 14:04:42 2019
# 
0 2 3 6 7 8 9 10 13 14 15 16 21 23 24 28 29 30 31 34 35 37 41
1 34 35 36 5 9 42 12 13 15 16 17 19 20 41 22 23 25 26 27 29 37
2 7 10 11 12 13 20 22 23 24 26 27 30 31 32 33 34 35 36 37 38 39 41
3 3 4 5 6 39 8 11 15 16 17 18 20 21 23 25 26 27 36 29 31
4 6 7 9 12 13 16 18 19 22 23 24 26 27 31 32 33 34 35 36 37 39
5 7 8 9 10 11 14 18 19 20 21 23 25 26 29 30 34 35 38 41 42
6 9 12 13 15 16 17 21 23 26 28 30 32 33 35 36 37 38 39 40 41
7 8 9 10 11 13 17 18 19 20 22 23 24 25 27 29 30 31 32 33 36 41 42
8 9 11 12 13 14 18 19 20 24 28 30 31 32 33 34 36 37 38 42
9 34 35 41 11 12 14 40 20 23 39 33 38 28 29
10 32 36 41 42 14 15 16 17 18 19 21 24 26 27 29 30 31
11 12 13 14 17 21 26 27 28 29 31 32 33 34 35 37 39 41
12 34 37 13 14 15 16 40 20 21 22 24 27 28 31
13 14 16 18 19 22 23 24 25 28 29 31 35 36 38 40
14 16 18 19 22 24 25 27 28 29 30 34 37 38 40 42
15 36 37 32 38 39 16 17 19 20 23 40 27 29 42
16 21 22 24 25 26 29 30 31 34 38 39 40 41
17 18 22 23 27 28 29 31 34 35 36 38 39 40 41 42
18 42 35 38 39 19 21 22 25 27 29 30 31
19 19 20 22 23 25 31 32 33 36 38 39 41 42
20 23 25 26 27 30 31 33 34 35 36 38 39
21 22 23 24 25 29 30 31 32 33 35 36 40 41
22 26 27 30 31 33 35 36 37 40 41
23 24 25 26 30 33 37 38 39 40 41
24 32 35 33 40 25 26 28 42 37
25 26 28 30 33 34 36 39 40 41
26 27 28 29 30 32 37 41 42
27 35 28 42 30 31
28 30 31 32 36 38 39 40 41 42
29 31 32 33 34 35 37 40
30 31 32 34 39 42
31 33 34 36 37 38 42
32 42 33 37 39 36 38
33 33 34 38 40 41
34 37 38 41 42
35 36 37 38 39 40
36 37 39
37 38 39 42
38 40 41
39 40
40 42
41 42
42
