#kunkel.py
# GMT Wed Apr 10 14:06:04 2019
# 
42 6 14 2 24 17 3 37 16 13 27 21 38 11 9 39 35 7 33 18 30 40
6 12 23 17 25 27 22 21 38 39 35 5 40 14 32 3 41 16 13 19 7 36 4
2 12 23 8 37 25 27 38 39 35 24 40 17 26 31 13 41 3 20 30 36 4
12 23 8 21 38 11 35 5 24 40 17 1 3 41 16 19 20 9 36 18 30
24 8 37 25 33 27 22 21 5 15 17 14 28 26 32 29 20 9 4 41
17 32 31 9 29 37 25 33 34 22 11 30 7 5 23 20 1
29 23 10 25 34 21 38 11 39 35 15 40 28 32 31 9 16 0 20 30 7
10 14 28 23 1 31 13 16 5 34 22 21 20 9 0 36 19 33 4 18 7
27 37 15 22 11 39 35 5 34 14 28 26 13 41 16 0 19 20 36 4
25 8 15 22 21 38 11 33 40 1 28 26 32 31 3 16 20 41 36 4 18
5 8 22 21 38 11 39 33 15 40 1 14 32 0 30 4 18
37 34 21 11 35 23 40 32 14 28 26 1 31 13 41 20 7 36
22 0 33 34 40 8 14 26 32 31 13 41 19 20 30 4
21 8 11 0 35 14 28 26 31 9 16 30 36 4 41
38 8 15 11 0 33 40 28 26 1 31 3 39 41 7 36 18
11 23 0 35 33 34 40 8 14 13 16 30 36 41
39 8 34 0 35 32 14 28 1 31 3 16 13 9 36 41
35 23 8 0 15 14 26 1 31 13 20 9 4 18
33 3 41 36 15 1 9 0 7 23 34 8
23 0 15 14 26 1 3 13 19 20 7 36 4 18
1 34 15 8 14 31 3 41 19 9 4 30
34 14 20 28 31 3 13 19 9 16 4 0
15 14 20 8 15 7 19 36 9 18 40 32
40 8 0 14 26 9 16 19 30 7 4
8 8 32 28 3 0 19 7
14 28 26 9 41 19 30 7 36 4 18
28 0 32 13 19 20 9 7 36 4 18 30
26 0 26 32 31 3 41 16 30 4 18
32 31 3 16 13 19 20 7 4 18
31 31 20 30 7 36 4 18 41
3 41 16 13 30 7 18
41 13 0 19 20 7
16 13 0 7 4 18 36
13 20 19 9 7 36 30
0 4 18
19 9 4 18 30 20
20 4 18
9 30 4
7 36 18 30
36 4 18
4 30
18 30
30
