#kunkel.py
# GMT Wed Apr 10 14:06:05 2019
# 
6 12 23 8 10 25 22 21 11 39 35 33 40 1 31 3 13 0 19 20 9 36 18 30
42 14 2 12 23 8 31 29 25 36 27 28 21 11 30 39 26 35 5 18 41 32
2 12 8 10 25 34 21 39 5 15 40 1 32 31 3 29 20 9 7 36 18 30
12 23 17 10 37 39 35 24 15 40 14 28 31 3 41 19 27 9 4 18
23 15 24 8 32 29 34 27 37 22 11 9 26 36 18 20 17 5 14
8 17 10 25 27 21 38 24 34 14 28 26 1 31 37 16 20 9 36 18
10 37 34 22 38 11 39 5 15 17 14 28 26 1 13 29 0 19 30 7 36 4 18 32
25 24 27 5 15 22 11 39 35 33 40 26 32 3 41 16 13 19 20 9 7 36
5 17 37 22 38 11 39 33 34 15 40 14 26 3 29 13 0 19 41 36 4 18
27 34 15 38 33 9 40 17 14 26 13 41 16 29 7 36 4 30
22 37 22 38 11 0 33 24 40 14 26 31 13 29 16 39 20 41 18
21 24 34 37 38 39 35 33 17 26 32 3 16 13 0 19 9 36 4
38 11 28 26 31 16 36 37 30 0 35 19 4 15 40 32
11 17 34 11 35 40 1 26 32 13 41 3 9 36 18
39 34 17 37 0 35 28 26 31 9 41 16 30 36 18
35 28 24 32 31 3 41 34 9 19 30 20 14
33 17 34 15 0 40 1 14 32 31 13 29 16 3 41 7 18
24 3 41 15 13 37 26 20 9 0 19 36 7 30 17
34 0 17 1 32 31 3 29 16 19 20 30 7
17 40 1 28 32 31 3 19 7 36 4 18
15 0 32 14 1 31 13 29 9 36 4 18 30 41
40 32 14 1 3 29 16 19 9 36 30 41
32 37 0 28 9 29 30 7 41
14 20 31 16 29 19 0 4 18 1
28 31 3 36 16 13 26 20 9 1 4 18 30
26 37 1 3 0 9 7 4 30
1 31 3 41 16 13 19 30 36 18
31 3 29 0 30 4 18 41
3 13 16 9 18
29 37 19 30 0 36 4 20
16 37 41 13 20 30 19 4
13 37 41 20 7 36 4 18
0 41 19 4 18 7
19 37 20 9 7 4
20 30 37 7 4 9
9 37 30 7
7 37 30 7 4 18 41
36 4 37
4
37 18 41
18
30 41
41
