#kunkel.py
# GMT Wed Apr 10 14:06:07 2019
# 
42 6 14 2 24 1 13 41 33 34 28 19 22 20 9 7 36 4 18 38 40 17
6 2 12 23 17 37 5 15 22 38 35 33 24 34 14 26 31 16 19 27 7 36 4
2 24 8 10 5 37 22 38 11 33 15 17 14 28 26 1 13 16 19 27 30 4
12 10 25 27 34 38 11 0 33 15 40 28 31 3 29 13 19 20 9 7 4 18
24 23 8 25 5 15 22 38 39 35 33 40 26 3 13 19 9 36 18 30
17 23 1 31 3 29 10 25 13 34 39 27 0 16 36 4 37 18 14
29 8 10 25 27 22 21 11 39 33 15 1 28 32 31 13 16 19 7 4 18
10 23 10 5 15 22 39 35 33 34 32 28 26 1 3 13 0 9 30
15 37 25 34 22 21 39 35 5 40 14 26 32 13 27 9 30
25 37 21 11 0 35 5 34 40 26 32 3 16 19 20 30 7 4
5 22 0 33 34 1 14 28 32 31 30 41 16 39 19 20 9 4
34 32 23 31 3 41 21 27 39 35 16 20 14
22 27 38 37 35 23 40 28 26 31 9 0 20 30 4
21 23 8 21 38 11 0 33 1 14 26 32 31 39 19 20 30 4 41
38 37 39 23 1 14 28 32 31 3 13 0 19 30 7 36 18
11 23 8 0 33 40 32 14 28 1 3 16 13 20 30 36 4 41
37 0 35 8 14 28 32 31 13 41 16 3 39 9 36 4
35 8 35 40 28 26 1 31 3 41 16 13 19 20 36 4 18
33 39 23 40 28 1 13 16 19 9 36 30 41
39 0 23 40 8 32 3 16 13 20 41 9 4 18 30
23 40 8 14 31 3 16 13 19 9 18 30
40 20 31 30 41 16 27 9 7 4 18
8 20 26 32 31 3 28 41 7 19 30 18 8
14 27 32 28 26 1 16 20 9 7 18
28 0 26 31 13 16 3 19 20 30 27 7 36 4
26 27 0 1 3 16 13 20 9 7 4 18
1 3 13 0 4 18 41 36 32
31 32 3 16 27 9 36 18 41
13 30 16 0 19 20 9 7 36
41 20 32 36 30 27 7 4
16 0 32 19 27
3 32 19 27 9 36
0 27 9 7 36 4 18 30
19 20 7 36
20 32 9 7 36
9 32 9 36 18
27 7 4 30 32
7 36 18 30
36 18
4 32 18
18 32 30
30
32
