#kunkel.py
# GMT Wed Apr 10 14:06:07 2019
# 
42 2 23 17 10 25 22 38 11 39 35 33 24 32 14 28 1 13 41 16 20 9 18 30
6 14 12 24 32 13 41 16 25 3 15 22 19 38 20 30 26 7 36 34 40 8
2 12 24 37 25 15 22 21 38 39 5 34 28 32 31 30 16 0 20 9 7 4
12 24 8 10 25 37 21 38 11 39 34 15 14 1 3 29 16 0 19 30 36 18
23 23 17 27 25 15 22 21 11 37 32 28 1 31 3 29 16 13 20 36 4 18
17 10 5 15 21 35 33 1 14 28 26 32 3 29 16 19 20 9 7 30 41
29 25 5 34 22 39 35 33 8 28 26 31 3 41 16 0 19 20 30 36
8 14 32 31 3 37 5 27 19 38 11 9 39 33 30 20 15 40 1
10 24 10 25 27 21 11 0 34 15 14 26 32 31 16 39 7 36 4 18
25 31 13 27 28 38 20 41 0 9 36 39 24 34 15
5 14 31 41 37 5 15 28 19 27 0 35 7 33 4 18 40 32
15 34 21 39 35 24 1 32 13 16 3 19 20 30 18
22 34 21 38 11 0 40 28 26 1 31 3 16 19 20 41 4 18
21 37 11 33 34 20 28 26 1 16 19 27 9 36 4 18
38 31 3 41 13 37 19 20 30 0 35 7 32 40 14
11 27 0 35 24 40 14 26 32 31 3 41 20 9 36 30
39 37 27 34 0 35 32 28 26 1 3 20 9 36 4 18
35 24 27 33 34 40 26 32 31 3 13 20 9 7 4
33 28 24 3 27 13 34 36 9 0 7 4 18 30 40
24 27 37 1 28 26 32 13 41 16 9 7 4 18
34 40 1 14 32 13 30 36 4 18 41
40 37 40 1 14 28 26 32 16 20 9 7 36 4 18
32 27 0 1 14 32 31 3 37 16 20 30 18
14 30 41 27 9 26 7 18 20
28 27 26 1 31 3 19 20 30 7 36 4 41
26 3 37 41 19 16 0 9 7
1 3 16 13 0 19 9 7 36 4
31 37 0 31 13 19 9 36 4 18 30
13 3 37 27 41 7 4 18 30 20
41 27 37 0 19 30 4 18
16 37 0 19 27 30 18
3 27 19 20 7
0 37 30 0 27 7 36 4
19 37 9 20 18 30
20 27 30 37 18
9 37 27 36 4 18
27 4
7 37 36 4
36 37 4
4 30
37 18
18
30
