#kunkel.py
# GMT Wed Apr 10 14:06:09 2019
# 
6 2 12 24 8 10 27 15 0 35 33 40 17 14 28 26 3 29 16 19 20 7 18
37 42 12 23 10 15 21 38 11 0 5 24 34 40 14 26 32 13 29 3 30 7 36 41
2 24 17 34 25 5 15 22 0 35 33 40 8 14 26 1 31 3 29 13 9 41
12 42 24 10 27 22 21 38 11 33 14 1 13 41 16 0 20 9 4 18 30
24 42 23 17 10 25 33 22 39 5 34 15 28 26 32 16 0 30 7 4
8 17 34 25 15 22 38 11 35 40 14 28 26 32 13 41 16 19 9 7 36
10 14 32 3 29 25 5 27 17 11 30 35 36 23 20 41 15 1
25 42 5 27 21 38 11 0 33 23 15 40 17 14 28 1 16 30 7
5 42 17 22 11 39 14 28 32 3 29 16 0 20 9 7 36 41
15 22 21 38 23 1 14 28 26 32 13 29 16 19 41 4
22 42 34 35 40 1 28 26 32 31 3 19 20 9 7 36 30
21 42 17 27 11 0 33 26 31 13 29 16 3 39 19 20 41 36 4
38 42 28 34 31 13 41 16 36 11 35 32 7 33 4 18 17
11 23 0 33 34 40 26 31 3 19 20 9 7 4 18
0 27 39 23 34 14 28 1 31 30 29 16 20 9 4
35 42 26 23 31 13 29 27 20 41 39 32 36 18 28 17
42 17 34 33 40 28 1 31 13 29 16 3 19 20 30 7 36 18 41
33 1 31 13 41 3 28 30 26 23 18 20 32
23 14 1 31 9 29 39 30 7 4 34 32
1 27 34 40 14 1 3 41 13 19 9 7 36
34 27 39 14 32 31 3 29 13 19 20 9 36
9 14 32 29 36 19 30 26 7 4 41 40
40 27 32 31 3 29 16 20 7 36 4 18 30 41
17 31 13 41 3 27 28 39 7 18 32
14 28 26 31 13 41 16 3 39 19 20 4
20 39 26 32 3 27 30 7 36 4
28 27 32 3 29 19 41 36 4 18
26 31 13 39 19 18 30 7
32 32 13 29 7 36 18 30
31 39 29 16 41 7 4 18
3 41 19 27 30 4 18
29 27 30 36 4 18
16 16 36 39 19 4 7 18
13 27 13 41 39 19 36 4
39 27 30 19 4 18 7
19 41 36 4 18 30
27 41 7 36 4
30 36 18
7 41
36 41
4
18 41
41
