#kunkel.py
# GMT Wed Apr 10 14:06:10 2019
# 
6 42 28 24 8 13 41 37 25 27 22 11 29 35 36 4 18 30 17 15 40 1
42 2 23 37 25 5 27 38 39 33 24 15 28 31 3 29 13 19 20 30 36 4 41
2 12 24 10 27 22 11 0 35 34 15 28 1 31 3 29 13 19 20 30 4 18
12 23 8 10 37 22 39 35 5 15 14 28 32 29 16 19 20 9 7 4 18 41
24 23 31 13 29 16 25 27 21 11 9 19 36 4 10 18 20 15 14
8 14 32 31 13 41 25 5 15 19 38 11 9 0 36 33 4 18 30 40
10 14 1 3 16 13 15 19 21 38 30 0 7 33 4 18 5 40 32
27 17 37 5 34 22 21 38 11 39 35 33 13 29 16 0 19 9 7 30
25 5 34 22 21 38 11 35 33 40 14 28 26 31 9 19 20 30 4
33 23 17 21 11 5 34 15 1 28 26 32 31 29 19 30 18 41
37 37 34 22 21 11 35 15 40 14 26 32 31 3 29 13 19 9 7 18 30
22 17 31 3 41 13 28 19 20 9 39 26 35 36 29 7
21 14 11 28 26 1 3 29 5 0 19 9 39 16 18 15
38 26 23 31 13 16 3 0 19 30 39 7 18 34 5 40 32
11 39 35 15 14 28 26 1 31 3 41 16 13 20 30
39 17 15 35 5 1 28 32 31 13 29 20 9 7 36 4 30
35 23 17 15 32 3 41 16 13 0 9 7 4 30
5 23 17 5 26 1 13 41 16 19 20 9 7 30
23 17 34 0 14 26 13 29 19 20 9 7 36 4 18 41
34 14 26 17 3 28 1 20 30 7 4 18 34 40 32
15 17 40 14 26 31 30 0 19 20 9
40 14 32 31 13 0 19 29 1 16 30 41 17
17 14 26 1 31 9 41 0 19 20 30 7
14 0 28 3 29 16 20 41 7 4
28 1 26 32 31 29 0 20 9 36 4 18
26 20 31 29 0 36 1 4 32
1 20 3 41 36 16 4 32
31 32 3 41 7 36 18
13 0 3 29 16 7 36 4
41 32 3 16 4 7 20
16 32 36 29 0 19 30 7
3 32 19 9 7 36 4 18 30
0 29 19 20 30 7 4 18
19 20 32 9 7 30
20 32 9 7 36 18
29 32 30 36
7 18
9 9 36 18 30
36 32 4 18
4 30 18
18 30
30 32 30
32
