#kunkel.py
# GMT Wed Apr 10 14:04:38 2019
# 
0 2 4 5 6 9 10 11 12 15 18 19 25 28 30 31 32 35 36 37 38 40 41
1 2 3 4 5 6 7 8 11 14 18 22 23 24 27 28 30 31 32 33 35 37 40 42
2 3 5 6 7 10 11 13 15 16 19 20 21 22 26 28 29 30 31 32 33 35 36 38 39 41
3 5 6 8 9 11 13 14 15 16 20 21 22 25 27 28 29 32 33 39 42
4 33 5 35 32 9 39 12 16 18 19 20 23 24 26 38 28 29 37
5 6 8 9 10 11 12 15 16 17 18 20 21 24 29 34 37 39 40
6 7 8 13 14 16 17 18 19 20 21 22 27 29 30 31 32 35 41
7 35 36 38 39 8 41 10 12 13 14 15 40 19 25 26 28 29 30
8 10 13 14 16 17 20 21 23 25 26 27 29 30 31 33 35 38 39
9 32 34 42 33 40 10 39 14 35 20 24 25 26 27 28 29 30
10 33 34 36 42 11 13 15 40 35 20 41 22 23 26 28
11 12 13 16 17 18 20 21 22 24 26 30 32 34 38 40 41 42
12 32 35 40 13 15 18 19 21 23 24 25 33 27 28 37 31
13 14 16 18 24 25 26 29 31 32 33 34 36 37 38 41
14 19 21 24 25 27 29 32 34 35 36 38 39 40 41 42
15 17 18 19 20 22 24 26 27 30 33 34 35 37 40 41
16 17 19 24 27 30 31 33 36 37 38 39 40 41 42
17 33 34 36 41 40 18 20 22 23 24 25 38 29 30 31
18 34 35 39 41 37 21 22 36 38 29 31
19 32 33 39 34 19 21 24 25 26 28 37 36
20 32 33 21 23 36 26 27 37 30 31
21 22 26 27 28 30 31 34 36 39 40 41 42
22 22 23 24 25 27 32 35 36 37 39 41 42
23 37 33 39 36 40 24 25 27 28 29 30 31
24 25 27 28 30 32 34 35 36 37 41 42
25 30 31 32 33 34 35 36 41 42
26 32 34 38 40 41 28 29 31
27 32 37 39 41 40 42 31
28 28 29 31 37 38 39 40 41 42
29 42 34 35 41 38 31
30 31 33 35 37 39 40 41 42
31 34 37 42
32 34 35 40 41
33 34 36 37 38 39 42
34 37 38 39 42
35 35 38 41 42
36 37 38 39 40 42
37 40 42
38 41 42 39
39 40 41
40
41 42
42
