#kunkel.py
# GMT Wed Apr 10 14:04:48 2019
# 
0 6 7 8 9 10 11 12 13 14 15 16 17 18 21 22 23 25 26 27 28 29 30 31 33 34 35 36 37 38 39 40
1 1 2 5 6 7 8 9 10 11 12 13 14 15 19 20 21 22 23 24 25 26 27 30 31 33 36 38 40 41 42
2 4 5 6 8 10 11 13 14 15 16 17 18 19 20 21 22 23 24 27 28 29 30 31 32 33 34 37 38 39 40 41 42
3 4 5 6 7 8 9 10 11 12 13 14 16 18 19 20 21 22 23 24 25 26 27 28 29 32 33 34 35 36 38 40 41 42
4 7 8 10 11 12 13 14 15 16 17 18 20 21 22 23 24 25 26 27 28 29 30 31 32 33 35 36 39 40 41 42
5 6 7 12 13 14 16 18 19 20 21 23 24 25 27 31 32 35 36 37 42
6 7 8 9 10 11 13 19 23 24 25 26 27 28 30 31 32 34 38 40 41
7 9 11 13 17 19 20 21 22 26 27 28 29 30 34 36 39 40
8 9 10 16 17 20 21 25 27 29 31 32 33 34 35 38 40 41 42
9 32 38 41 10 11 14 16 18 19 21 22 36 26 35 31
10 11 15 16 18 19 20 21 30 31 32 34 37 38 40 42
11 12 15 21 22 26 29 31 33 35 37 38 39 41 42
12 12 16 17 19 20 21 22 24 25 26 28 29 30 33 37 41 42
13 15 16 17 20 22 23 24 25 27 28 30 32 33 34 39 41
14 35 32 40 34 14 15 16 17 18 19 22 33 29 31
15 17 18 19 23 26 28 29 32 33 34 35 38 39 40 42
16 17 19 28 29 30 31 34 36 37 40 41 42
17 18 22 23 24 26 27 28 29 34 35 36 37 40 42
18 19 21 25 26 27 28 29 32 35 36 37 38 39 41
19 21 23 24 25 28 31 34 36 39 40 42
20 21 23 25 26 29 30 32 33 35 36 37 40 41 42
21 22 24 29 30 31 32 33 37 38 40 41 42
22 23 24 25 29 30 32 34 35 36 41 42
23 25 26 29 30 35 36 38 39 40 41 42
24 25 26 27 28 29 31 33 35 36 37 39 40 41
25 26 31 33 34 37 38 39 40
26 27 28 29 31 33 34 36 37 42
27 28 30 32 35 37 38 40 42
28 29 30 34 35 36 38 41
29 30 31 33 35 37 39 40
30 34 36 38 40 42
31 33 36 37 38 39
32 33 38 39 41 36
33 35 36 39
34 35 37 39 40 41
35 35 36 38 42
36 39 40 41
37 37 38 39 40 41
38 39 42
39 41
40
41
42
