#kunkel.py
# GMT Wed Apr 10 14:04:49 2019
# 
0 2 4 5 8 9 12 14 15 16 17 18 19 22 23 24 26 28 29 30 33 34 35 36 37 41 42
1 3 7 9 11 12 14 19 20 21 22 23 25 28 29 30 31 32 33 34 37 38 39 40 41 42
2 3 9 10 11 12 13 14 16 19 20 22 24 27 29 30 32 34 35 37 39 40 41 42
3 6 7 8 9 11 13 14 15 16 19 20 23 26 28 30 31 32 33 34 38 39 40 41 42
4 4 5 6 9 11 12 13 15 22 24 26 27 28 29 30 31 34 35 36 38 39 40 41
5 6 8 10 11 13 17 18 22 23 24 25 26 28 29 30 31 32 33 34 35 36 37 42
6 7 9 10 12 16 17 18 20 24 25 27 28 29 30 31 32 33 34 35 36 38 40 42
7 10 11 14 15 16 18 21 22 23 26 27 28 30 31 32 33 34 35 36 37 38 39 40 42
8 8 9 11 13 15 16 19 20 22 23 25 27 28 30 32 33 34 35 36 37 38 39 40 41 42
9 11 14 16 19 20 24 27 28 29 30 31 32 33 34 35 36 38 39 40 42
10 10 11 17 18 21 22 23 24 27 28 29 30 31 32 33 36 37 38 39 40 41 42
11 13 16 17 19 20 22 26 28 29 30 31 33 34 36 39 41 42
12 13 14 15 20 21 24 25 26 27 28 29 30 31 32 33 34 36 38 39 40 41
13 15 18 20 24 25 26 28 30 31 33 34 35 36 38 39 40 41 42
14 17 21 22 23 27 28 29 30 31 32 33 34 36 37 38 39 40 41 42
15 17 19 21 22 23 25 27 29 31 32 33 34 35 36 37 38 39 42
16 17 20 22 24 25 26 29 30 31 32 33 34 35 36 37 38 39 40 41
17 18 19 20 21 22 25 27 28 30 31 33 34 35 36 37 39 41
18 19 20 21 24 28 29 30 31 32 35 36 37 38 39 41 42
19 22 24 25 26 28 29 30 33 35 36 37 39 40 41
20 21 22 23 26 28 29 30 32 33 34 35 38 39 41 42
21 21 22 23 24 25 26 30 33 34 35 36 37 38 39 40 41
22 22 23 26 27 28 29 30 31 32 33 34 36 37 40 41 42
23 25 29 31 33 34 35 36 37 38 39 40 41 42
24 25 26 27 28 29 31 32 33 34 36 37 38 39 41 42
25 29 30 31 32 33 34 35 36 37 39 40 41 42
26 28 29 30 31 32 33 35 36 37 38 39 40 41
27 27 28 29 31 32 33 35 37 38 39 40 41 42
28 30 32 34 36 39
29 32 35 36 37 39 41 42
30 31 32 33 38 39 40 42
31 31 33 34 37 38 41
32 33 35 37 38 40 41 42
33 34 39 40
34 37 40 41 42
35 36 37 38 40 41
36 37 39
37 38 39 41 42
38 40
39 42
40 42
41 42
42
