#kunkel.py
# GMT Wed Apr 10 14:04:51 2019
# 
0 1 2 7 8 9 10 11 14 15 18 19 20 21 22 24 25 26 27 28 29 31 32 33 34 35 37 38 40 41
1 3 6 7 8 11 14 15 16 19 21 22 23 24 25 26 27 28 29 30 31 34 35 36 37 40 41
2 3 4 5 7 8 16 18 19 20 24 26 27 28 31 32 33 34 35 36 37 38 39 40 41 42
3 8 9 10 11 12 16 17 18 19 20 21 22 23 28 29 30 31 32 33 34 35 36 37 39 40
4 6 7 8 9 11 12 13 14 16 20 22 23 24 25 27 28 29 30 31 32 33 35 36 37 39 40
5 6 7 8 11 14 16 17 18 19 20 21 22 23 24 26 28 29 32 33 34 35 36 38 39 40 41 42
6 6 8 9 10 11 12 14 19 20 21 22 23 25 26 28 30 31 33 34 35 36 38 40 41 42
7 8 11 15 17 19 20 22 23 24 25 26 27 28 29 30 31 32 33 34 35 36 37 38 40 41 42
8 10 11 14 15 18 20 22 23 26 27 28 29 30 32 33 34 35 36 37 39 40 41 42
9 10 12 14 16 17 19 22 23 24 27 28 29 30 31 32 33 34 35 36 38 39 40 41 42
10 12 13 14 18 19 21 23 24 25 26 27 28 29 30 32 33 34 35 37 38 39 40 41 42
11 15 17 18 19 20 21 22 23 24 25 26 27 29 31 32 33 34 35 37 39 40 41 42
12 13 15 20 22 23 24 25 26 27 28 29 30 31 32 34 36 37 39 40 41 42
13 15 16 17 18 19 20 21 22 23 25 26 27 29 30 31 32 34 35 36 37 38 39 41 42
14 16 19 20 21 22 23 24 25 26 27 29 30 31 32 33 35 37 39 41 42
15 18 19 20 21 22 23 24 25 27 29 30 31 32 33 34 35 36 38 39 40 42
16 17 19 20 22 24 26 28 30 31 32 34 35 36 37 38 39 40 41
17 18 19 20 21 22 24 25 26 27 28 29 30 31 33 34 39 40 41 42
18 19 20 21 22 23 24 25 26 27 28 29 32 33 36 37 38 39 40 41 42
19 21 22 23 25 27 31 32 34 37 38 40 42
20 20 22 23 24 25 26 30 31 37 38 40
21 22 25 26 29 32 33 34 35 38 40 41 42
22 23 24 26 31 33 35 36 39 42
23 27 28 30 31 32 34 36 37 38 41
24 27 28 29 31 33 34 35
25 26 27 28 30 32 33 34 35 37 39 40
26 27 30 32 33 34 36 37 38 39 41 42
27 28 29 30 31 33 37 38 40
28 30 31 33 38 39
29 31 32 36 37 38 40 41
30 31 35 37 38 41 42
31 32 33 36 38 39 40 42
32 35 36 39 40 41 42
33 36 37 38 39 40 42
34 35 36 37 39
35 36 38 41
36 37 38 39 40 41
37 39 41 42
38 40
39 39 40 42
40 42
41 42
42 42
