#kunkel.py
# GMT Wed Apr 10 14:04:56 2019
# 
0 1 2 3 5 7 8 10 11 12 14 16 18 22 23 27 28 29 30 31 32 33 34 35 37 39 40 41
1 4 5 6 7 9 10 12 14 20 21 24 27 32 33 35 36 37 38 39 40 41 42
2 4 5 6 8 10 11 12 14 16 17 20 22 23 24 26 28 29 30 32 37 39 40 41
3 6 7 10 11 13 14 17 18 23 25 27 28 29 30 33 34 35 36 38 39 42
4 4 5 9 10 11 12 13 15 18 25 28 31 32 34 35 36 39 40 41 42
5 6 7 10 11 12 13 14 17 20 22 23 26 27 30 31 32 33 35 37 38 39 40 41 42
6 8 10 11 14 15 16 17 19 20 22 24 25 29 34 35 36 37 39 40 41 42
7 8 9 11 13 14 16 23 24 28 31 32 33 35 36 37 39 41 42
8 33 36 37 40 9 10 13 14 15 16 17 41 23 25 26 30 31
9 11 12 14 15 17 18 19 20 23 25 26 31 35 38 39 40 41 42
10 13 15 20 21 22 24 26 28 29 30 31 33 35 36 37 38 39 40 42
11 13 16 18 21 22 24 25 26 29 31 33 37 38 39 40 42
12 15 17 18 20 21 23 28 29 30 33 34 36 37 38 39 41 42
13 16 18 19 20 21 25 27 28 30 31 32 34 37 40 41 42
14 16 19 23 24 26 28 32 35 36 37 38 39 40 42
15 18 19 21 23 25 26 29 32 33 34 35 37 38 39 40 41 42
16 18 19 20 21 22 24 26 30 33 34 36 38 39 40 42
17 17 18 19 21 22 23 24 25 26 28 29 30 32 33 35 37 38 39 40 41 42
18 19 22 23 25 26 28 29 30 33 34 35 36 37 38 39 40 42
19 20 21 22 24 25 27 29 30 31 34 35 37 41 42
20 22 24 25 26 27 29 33 37 38 39 40 41 42
21 22 25 26 27 28 29 31 32 33 35 38 39 40 41
22 23 24 25 31 32 33 34 37 38 39 40 41 42
23 24 27 28 30 32 34 38 40 41 42
24 26 27 28 29 31 32 34 37 38 39 40 41 42
25 26 29 30 35 36 37 38 39 40 41 42
26 27 31 33 36 37 38 39 40 41
27 36 35 32 40 41 42 33 38 30 37
28 29 31 32 34 36 37 38 39 41 42
29 30 31 38 39 40 42
30 30 31 33 34 37 38 39 40 42
31 31 32 35 36 38 39 40 41 42
32 34 35 37 38 40 41
33 36 37 38 39 41
34 36 37 38 39 40 41 42
35 35 37 38 39 40 41
36 37 38 40 41 42
37 38 40 41 42
38 40 41 42
39 39
40 40 41 42
41
42
