#kunkel.py
# GMT Fri Apr 19 01:39:54 2019
# 
0 0 3 7 8 10 12 13 16 19 22 23 25 26 27 28 29 30 31 32 36 38 39 41 42
1 2 3 5 8 12 15 16 19 21 22 23 24 25 26 30 33 36 37 39 40 41 42
2 2 3 4 5 7 8 9 10 11 14 15 18 19 20 23 27 28 29 36 37 38 39 41 42
3 3 6 8 9 12 13 14 16 17 18 20 23 24 25 26 30 31 32 33 34 36 42
4 6 8 9 12 13 14 15 16 23 25 28 30 32 33 34 35 36 37 38 39 41 42
5 32 37 38 33 8 9 10 39 13 14 15 17 19 22 40 25 26 28 31
6 7 9 10 11 12 14 16 18 20 21 22 26 27 29 31 33 34 35 41 42
7 7 8 9 11 13 14 15 16 17 19 21 23 24 25 28 29 31 32 33 37 40 42
8 10 17 18 22 24 27 28 29 31 32 33 36 40 41 42
9 14 16 17 18 19 20 22 24 25 27 30 34 37 38 39 40 41 42
10 12 14 16 18 21 22 23 24 25 27 29 30 31 34 36 40 41
11 12 14 15 16 17 18 21 22 24 25 26 28 31 32 35 36 37 39 40 41
12 13 16 18 20 21 23 25 27 28 32 33 34 38 40 41 42
13 14 15 18 19 20 21 22 24 28 29 30 31 32 34 35 36 37 39 40 41 42
14 19 21 22 23 26 27 28 30 31 32 34 36 39
15 16 18 19 20 22 23 24 25 26 28 29 30 32 33 34 38 40
16 19 21 22 25 26 28 29 31 33 34 35 36 38 42
17 19 20 21 23 26 27 28 29 30 33 34 36 37 39 41 42
18 20 23 25 26 28 30 31 32 33 34 35 40
19 24 25 27 30 31 32 33 35 38 39 41 42
20 21 22 24 26 27 29 30 31 33 35 36 41 42
21 32 38 40 22 24 39 26 27 29 31
22 23 25 28 35 36 37 39 41
23 26 29 31 33 34 35 36 37 38 39
24 25 27 28 31 34 35 36 37 38 41 42
25 35 39 27 30 37
26 27 28 29 30 36 37 38 39 40 41
27 28 32 33 35 36 37 38 40
28 35 37 41 42
29 35 37 41 39 42 30 31
30 32 33 34 35 39 42
31 31 34 35 37 39 40 41
32 33 34 38 40 37
33 35 36 38 39 42
34 37 35 41 38
35 38 39 40 42
36 38 39 40 41
37 38 41
38 40
39 40
40 41 42
41
42
