#kunkel.py
# GMT Fri Apr 19 01:39:56 2019
# 
0 1 3 5 6 7 8 9 10 11 13 14 20 21 22 23 25 27 28 29 30 35 36 39 40 41
1 2 5 7 11 12 13 17 18 23 25 26 27 28 29 32 33 34 35 36 37 38 39 42
2 5 6 7 10 13 14 17 18 20 21 22 23 24 26 27 30 32 33 34 37 40
3 33 34 35 4 5 6 7 8 10 12 13 14 15 42 22 26 38 37 30 31
4 6 8 9 13 14 15 16 17 19 20 21 22 23 25 26 27 28 29 30 31 38 41
5 8 9 10 12 13 14 15 16 17 18 21 22 26 28 31 34 36 39
6 7 8 10 11 12 13 15 16 18 19 23 24 26 27 28 32 36 37 38 41 42
7 7 8 9 11 13 16 17 18 19 20 22 23 24 26 30 31 32 39 41 42
8 11 14 19 20 21 23 24 25 28 30 31 32 33 34 36 37 38 39 42
9 10 12 13 14 15 18 20 23 24 28 29 30 32 33 36 38 39 40 42
10 14 16 18 19 22 23 25 26 27 28 29 31 32 33 34 36 39 40
11 14 15 16 17 19 21 22 26 29 30 32 33 34 35 36 38 39 40
12 14 16 19 20 21 22 24 25 27 29 32 33 34 35 37 38 40 41 42
13 17 19 22 25 27 28 29 30 32 33 34 36 38 39 40 41
14 16 17 18 24 28 29 31 32 33 35 38 39 40 42
15 16 18 20 21 22 23 24 25 27 30 32 34 36 37 38 39 42
16 17 19 20 23 25 26 27 28 29 33 34 38 39 41 42
17 17 18 19 21 22 23 28 29 31 32 33 34 38 41
18 18 19 21 23 25 27 30 34 35 36 37 39 40 41 42
19 19 23 24 27 29 30 31 33 34 35 36 39 40 42
20 21 23 24 25 28 29 31 37 38 39 40 41 42
21 24 25 26 27 30 31 33 36 37 39 41
22 24 25 26 27 29 31 33 34 35 42
23 25 27 29 30 33 35 39
24 24 26 28 31 32 34 35 36 38 41 42
25 25 26 27 29 32 33 34 39 41
26 27 30 31 36 37 38 39 41
27 32 36 37 38 40 41
28 34 35 32 41 33 42 30
29 30 35 36 37 41 42
30 32 33 35 37 38 40 41
31 35 36 37 38 39 40 41 42
32 35 36 37 39 40
33 35 36 38 40 41 42
34 35 36 37 41 42
35 36 37 38 39 41
36 40
37 37 38 39 40 41
38 39 40
39 40 41 42
40 41 42
41
42
