#kunkel.py
# GMT Fri Apr 19 01:40:04 2019
# 
0 0 1 4 6 7 9 10 11 12 14 15 16 19 20 21 22 23 24 26 28 29 31 32 33 37 39
1 2 3 4 5 6 8 11 12 13 14 15 16 17 18 19 21 22 23 24 26 27 28 29 30 33 34 36 37 38 39
2 2 4 6 9 14 16 17 18 20 21 22 23 24 26 27 28 30 31 33 34 35 38 40 41
3 5 7 8 9 10 11 13 14 15 16 17 18 19 21 22 23 25 27 28 30 31 32 34 38 41
4 4 8 9 11 12 13 14 15 16 17 18 19 21 22 23 25 27 29 30 37 39 40 41
5 6 7 8 13 14 17 19 20 21 22 23 24 27 30 31 32 33 34 35 37 39 40 41 42
6 9 10 14 16 17 19 22 23 24 25 26 28 30 31 34 35 37 38 39 40 41
7 7 8 10 11 13 14 15 16 18 19 20 21 23 24 25 26 30 33 34 35 40 42
8 15 16 17 19 20 21 22 23 24 27 29 30 32 35 37 38 40 41
9 9 11 12 14 15 16 18 19 20 22 23 27 30 31 34 35 37 38 39 41 42
10 11 12 13 14 16 17 18 19 20 21 22 23 24 26 27 29 30 33 34 38 39 40 42
11 14 16 18 19 20 22 23 25 31 32 34 35 36 37 38 40 41 42
12 13 14 15 16 17 18 19 22 23 26 27 29 30 31 32 34 35 37 38 39 40
13 14 16 19 20 21 23 24 25 26 27 28 29 30 31 32 33 34 35 37 38 40 41 42
14 15 17 18 19 21 23 24 25 26 27 28 29 30 32 34 35 36 38 40
15 15 16 18 20 21 22 24 25 26 27 29 30 31 32 33 34 36 37 38 39 40 41 42
16 17 21 23 24 27 29 30 31 33 35 36 37 38 39 40 42
17 18 20 21 23 24 25 26 27 28 29 30 32 33 34 35 36 37 39 40 41 42
18 19 22 23 24 25 26 27 28 29 30 31 32 33 35 36 37 38 40 41 42
19 24 25 26 28 29 30 31 33 34 35 36 38 39 40 41 42
20 22 23 24 25 26 28 30 31 32 33 34 35 36 37 38 39 41 42
21 22 24 25 26 27 28 29 31 32 33 35 36 37 39 40 41
22 23 24 25 26 28 31 32 33 34 36 37 38 39 40 41 42
23 24 25 26 27 28 29 31 33 35 36 38 40 42
24 27 29 31 37 42
25 26 28 29 30 34 35 36 37 38 39 41 42
26 27 30 32 33 35 36 38 41
27 28 29 31 40 41 42
28 29 30 33 35 36 37 39 40 41
29 32 33 34 39 41
30 34 36 37 38
31 32 34 36 37 38 39 40
32 35 36 37 38 40 41 42
33 34 36 37 38 39 41 42
34 35 36 39 41
35 36 37 42
36 39 42
37 40 41
38 39 42
39 42
40 42
41
42 42
