#kunkel.py
# GMT Fri Apr 19 01:40:06 2019
# 
0 2 3 9 12 13 14 18 20 21 23 25 26 27 28 29 30 31 35 36 38 39 42
1 4 6 7 8 10 11 13 14 20 21 22 23 25 26 28 30 31 33 35 36 39 40
2 33 3 36 6 39 8 12 13 16 17 18 19 20 21 22 40 24 26 28 35
3 4 37 39 40 10 36 13 16 17 19 20 22 24 25 27 28 29 30 31
4 6 8 11 13 15 18 19 20 21 23 24 26 27 28 29 32 33 34 37 38 39 40 41
5 32 36 38 6 7 8 39 12 13 15 40 18 19 20 22 25 26 28 29 30 31
6 6 8 9 11 13 14 16 19 21 22 24 25 27 28 29 31 33 35 37 41 42
7 8 13 15 20 21 22 23 24 25 27 28 29 30 32 33 34 35 37 38 42
8 9 10 13 14 15 17 21 23 24 25 26 28 30 31 36 37 42
9 9 13 15 17 18 19 20 21 22 23 24 25 26 27 30 31 33 34 35 38 41 42
10 12 13 14 15 17 18 20 21 22 23 24 25 26 27 28 32 34 37 40 41 42
11 12 14 16 17 18 19 20 22 25 29 30 31 32 33 34 35 36 39 41 42
12 14 15 16 18 19 21 22 26 28 29 30 32 34 35 38 39 41
13 14 18 20 23 27 29 31 32 35 39 40 41
14 15 16 18 19 20 23 24 27 29 33 34 37 40 41
15 16 17 19 20 21 22 24 27 29 30 32 35 37 39 41
16 18 20 25 26 27 28 30 32 33 34 36 37 39 40 41 42
17 20 23 24 26 28 29 30 31 32 33 35 36 37 38 40
18 20 21 22 25 26 27 29 31 32 33 34 35 36 37 42
19 20 21 22 23 25 28 29 30 31 32 35 40
20 21 23 25 28 29 30 32 33 34 35 36 37 38 39 40 41 42
21 24 27 29 35 37 38 39 42
22 22 23 25 27 33 35 36 37 38 40 41
23 29 31 32 33 34 35 36 37 38 39 41 42
24 25 31 32 34 35 36 38 40 41 42
25 28 29 30 32 36 37 38 39 41 42
26 26 27 28 29 30 33 34 35 36 38 42
27 28 30 32 36 37 38 39 41
28 31 32 34 35 39 41
29 31 34 39 40 42
30 31 34 35 39 40 41 42
31 32 33 34 37 38 40
32 33 37
33 33 37 38 39 40 41
34 35 36 37 40 41 42
35 36 37 39 41
36 38 39 40 42
37 38 39 40
38 40 41 42
39 42
40 42
41 42
42
