#kunkel.py
# GMT Fri Apr 19 01:40:12 2019
# 
0 1 2 8 9 10 11 12 13 14 15 16 19 20 21 22 24 25 26 27 28 29 30 31 32 34 35 36 37 39 40 41 42
1 4 5 7 8 12 13 16 17 18 19 20 21 22 23 24 25 26 27 28 29 30 31 34 35 36 37 41
2 6 8 13 14 15 17 19 20 23 25 26 27 28 29 30 31 32 34 35 36 37 38 39 40 41 42
3 4 6 9 10 12 13 15 16 17 18 19 21 22 23 24 25 26 27 28 29 30 32 34 35 36 38 39 42
4 5 7 8 10 11 13 14 15 16 19 21 23 24 25 27 28 29 30 31 32 33 34 35 36 37 39 40 41
5 6 7 10 12 13 14 15 16 18 19 20 22 23 26 30 32 33 34 35 36 37 38 39 42
6 6 8 9 10 11 13 14 15 17 18 19 20 22 23 24 25 26 27 28 29 30 32 33 35 39 40 41 42
7 9 10 12 15 17 18 19 20 22 23 24 26 27 28 29 30 31 32 33 34 35 36 37 39 40 41 42
8 8 9 10 13 14 15 16 17 18 19 21 22 23 25 26 28 29 30 31 32 34 35 36 37 39 41 42
9 10 11 13 16 19 20 21 22 23 24 25 26 29 30 31 34 35 36 37 41 42
10 13 15 17 18 19 20 23 24 25 27 28 29 30 32 33 34 35 36 38 39 40 41 42
11 12 13 15 16 17 18 19 20 21 22 23 24 25 27 28 29 30 31 32 34 35 37 39 40 42
12 14 16 17 18 19 20 21 22 23 25 26 28 29 30 32 33 35 36 37 39 41 42
13 14 15 18 21 22 24 25 26 27 30 32 33 35 37 38 40 41 42
14 15 17 20 21 22 24 27 28 29 30 31 33 34 35 36 39
15 18 20 21 25 26 27 28 29 30 31 34 35 37 38 40 41
16 17 20 22 23 24 28 30 31 33 34 35 37 38 39 40 41 42
17 20 21 26 29 33 34 35 37 38 39 40 41
18 21 22 24 25 26 28 30 31 32 33 34 35 38 40
19 21 24 25 26 29 30 31 32 33 34 35 36 38 39 40 41
20 21 22 25 26 27 31 33 34 36 37 38 40 41 42
21 22 23 33 34 38 39 40 41 42
22 23 24 28 29 30 31 32 34 35 36 40 41
23 24 25 26 29 32 33 36 37 40 41
24 25 26 27 29 30 31 32 36 37 38 40 42
25 27 28 32 33 35 38 40 41
26 27 28 30 31 33 34 37 39
27 28 29 32 33 35 36 37 38 40 41 42
28 31 32 33 34 36 38 40 42
29 30 32 33 38 40 42
30 30 34 37 38 41 42
31 32 35 37 38 39 40 42
32 32 35 36 38 41
33 34 35 36 38 39 41 42
34 35 37 40
35 38 39 40
36 37 38 39 40 41
37 38 39
38 41 42
39 40 41 42
40 40 41 42
41 42
42
