#kunkel.py
# GMT Fri Apr 19 01:40:13 2019
# 
0 0 2 4 7 8 9 10 12 13 14 15 18 19 20 22 23 24 25 26 27 29 30 31 33 34 35 36 37 38 39 40 42
1 3 4 5 6 7 9 10 12 13 14 15 18 19 21 23 24 25 27 28 31 32 33 34 35 36 37 38 39 40 41
2 4 7 8 9 12 13 16 17 18 19 21 23 24 25 26 27 28 30 31 32 33 34 35 36 38 39 40 41 42
3 6 7 8 9 10 12 13 15 16 17 18 20 21 22 23 24 25 26 27 28 29 30 31 33 34 35 36 37 39 40 41 42
4 6 10 11 14 15 16 17 18 19 21 22 24 25 26 27 28 29 30 31 32 33 34 35 36 37 38 39 40 42
5 6 7 10 11 12 14 18 19 20 21 22 24 25 26 28 29 30 32 33 34 35 36 37 38 40 42
6 8 9 12 13 14 15 16 18 20 21 22 24 25 26 27 28 29 30 31 32 33 34 35 36 37 39 40 41 42
7 8 9 11 12 13 14 16 17 18 19 20 21 22 23 24 25 26 27 28 29 31 32 35 37 38 39 40 41 42
8 13 14 15 16 17 18 19 20 21 22 23 26 27 28 29 30 31 32 34 35 36 39 40 41
9 10 12 14 15 17 18 19 20 21 22 23 25 26 28 29 31 32 33 34 35 36 37 38 39 40 41
10 10 11 13 16 17 19 20 22 23 24 25 26 27 28 29 30 31 32 33 34 36 37 39 40 41 42
11 12 15 17 18 19 21 22 23 24 25 26 27 28 29 30 31 32 33 34 35 37 38 39 41 42
12 13 15 16 17 18 20 22 23 24 25 27 28 29 33 34 35 39 40 41
13 15 16 19 20 21 22 24 25 26 29 30 31 32 35 36 37 38
14 15 16 17 18 19 21 22 25 26 28 29 30 34 37 38 39 41 42
15 16 19 20 23 26 30 31 32 35 36 39 40
16 19 20 21 22 23 25 27 29 35 38 42
17 17 18 20 21 22 23 26 28 29 31 32 35 36 37 38 40 42
18 19 22 24 25 26 28 29 37 38 40
19 23 24 25 28 29 30 31 35 36 38 39 40
20 21 24 29 30 31 32 33 36 42
21 21 23 25 26 28 31 32 33 34 36 37 39 40
22 23 24 30 31 32 33 36 37 38 39 41
23 27 28 29 32 33 35 36 37 39 41 42
24 26 33 34 35 37 38 42
25 27 30 31 32 34 39 41 42
26 26 27 30 35 36 37 39 40 41 42
27 28 29 30 31 33 36 38 40 41 42
28 30 31 32 33 35 39 41
29 29 30 32 34 36 37 39 41
30 32 36 38 39 40 41
31 32 37 40 41 42
32 34 35 39 40 42
33 34 36 39 40 42
34 35 36 38 42
35 40 41
36 37 38
37 39 40
38 40 41 42
39
40
41 42
42
