#kunkel.py
# GMT Fri Apr 19 01:40:15 2019
# 
0 2 3 7 8 9 12 14 15 19 20 21 22 24 25 27 29 30 32 34 35 36 37
1 2 4 7 8 9 10 11 13 14 15 19 21 25 27 30 34 35 36 37 38 40 41 42
2 4 5 6 8 10 12 14 15 18 22 23 24 29 32 33 35 36 37 39 40 41
3 4 5 6 7 8 9 11 13 14 16 20 21 26 27 29 34 35 37 39 40 41
4 6 7 8 9 11 12 15 17 18 19 20 22 23 25 26 29 32 33 35 38 39 41
5 5 6 11 13 14 19 20 21 23 24 25 26 27 28 32 35 37 38 39 40 41 42
6 8 10 11 12 13 18 20 21 22 23 25 27 29 30 31 34 35 37 38 40 42
7 9 10 12 13 16 17 18 19 21 22 23 24 25 27 28 29 30 34 37 40 42
8 9 10 11 17 18 19 25 26 27 28 29 30 35 37 40 42
9 11 12 14 20 21 22 25 26 27 28 30 31 32 33 34 35 36 37 38 41 42
10 11 12 15 16 17 19 20 21 23 25 27 28 29 30 31 33 35 37 38 39
11 12 14 15 17 19 22 23 26 27 28 33 35 36 37 39 40 42
12 13 17 18 24 25 26 29 30 31 34 35 36 37 38 40 41
13 14 17 18 19 20 24 25 26 27 28 29 32 33 35 36 37 38 39 40 41 42
14 16 18 19 20 21 22 23 24 27 29 32 35 36 37 38 39 40
15 15 17 20 21 22 24 25 26 27 28 30 33 35 36 37 38 39 40 42
16 17 20 21 24 25 26 27 28 29 31 33 35 36 37 38 39 40 41 42
17 18 20 22 24 30 31 32 33 34 35 38 40 42
18 19 20 21 25 27 28 30 31 34 36 38 39 40 41 42
19 21 22 25 26 31 32 33 35 37 38 40 41 42
20 21 23 24 26 33 34 35 36 37 38 40
21 22 23 24 26 34 35 37 38 39 40 41
22 26 29 30 31 32 33 37 38 39 40 41
23 24 26 28 30 32 33 34 35 38 40 41 42
24 25 27 29 30 31 33 34 35 38 41
25 25 26 28 32 35 36 37 38 40
26 26 28 30 31 32 35 36 37 38 39 41
27 29 31 33 34 37 38 40 41
28 31 32 34 35 36 37 38 39 40 41
29 30 32 33 35 36 37 40 41
30 31 35 37 38 39 40 42
31 32 33 34 35 36 37 40 41 42
32 35 39 40 42 37
33 35 36 37 38 39 40 42
34 35 36 37 38 39 40 41
35 36 39
36 36 38 39 40 42
37 38 39 42
38 39 40 41 42
39 42
40 42
41 42
42
