#kunkel.py
# GMT Fri Apr 19 01:40:18 2019
# 
0 1 2 3 9 12 13 14 15 17 19 20 22 23 24 25 26 28 29 30 31 32 34 38 39 40 42
1 6 7 8 9 11 13 14 15 16 17 18 21 23 24 25 26 28 29 30 31 32 33 34 35 36 38 39 41 42
2 3 5 6 7 8 9 11 12 13 14 16 17 18 23 25 27 28 29 30 31 32 35 39 41 42
3 6 12 13 14 15 16 17 18 19 24 25 27 31 33 34 36 37 38 39 40 41 42
4 5 6 8 9 11 12 13 14 15 16 17 21 22 26 27 28 30 31 32 33 34 35 36 37 38 39 40 41 42
5 6 13 14 15 16 17 18 19 20 23 29 30 31 32 33 35 36 37 38 39 40 41 42
6 7 14 15 16 17 20 22 23 24 26 29 30 31 32 33 34 36 37 39 40 42
7 10 11 12 13 15 16 17 18 19 20 21 22 25 28 29 30 31 32 33 34 35 36 37 39 40 42
8 9 12 13 14 15 17 19 21 22 26 27 29 30 31 32 34 35 36 37 38 39 40 41
9 10 11 12 13 16 17 18 19 20 21 28 29 30 31 33 34 35 36 37 39 40 42
10 14 15 16 17 18 19 20 21 26 27 28 29 30 31 32 34 36 37 38 39 40 41 42
11 13 14 15 16 17 18 19 22 23 24 25 29 30 32 34 36 38 39 40 42
12 13 14 15 16 17 20 21 23 24 26 29 30 31 32 34 35 36 37 38 40 42
13 15 16 18 19 20 23 26 27 28 30 32 33 35 36 37 38 39 40
14 16 17 19 20 22 23 24 26 27 30 32 33 35 36 37 38 40
15 18 20 22 23 24 25 27 28 29 30 31 32 33 34 35 36 37 38 40 41
16 18 19 20 21 22 23 24 25 26 27 28 29 30 31 33 35 38 39 41
17 18 21 22 23 24 26 27 28 30 31 32 33 40 42
18 21 23 24 26 29 30 31 32 33 34 36 37 38 40 41 42
19 24 25 26 27 29 30 31 32 33 35 37 38 39 40 41 42
20 21 24 26 27 28 29 31 32 33 34 35 36 37 38 39 41 42
21 22 24 25 26 27 29 30 33 34 35 36 39 40
22 23 24 25 27 29 30 31 32 33 35 36 37 38 39 40 41 42
23 25 26 28 29 30 31 32 33 35 36 37 38 39 40 41
24 26 28 30 33 34 35 36 37 38 39 40 41 42
25 25 26 27 28 29 30 31 32 33 35 36 37 38 39 41 42
26 26 30 32 34 35 36 37 38 39 41 42
27 28 29 30 31 32 33 35 36 37 39 40 41 42
28 29 30 31 32 34 35 36 37 38 41 42
29 31 33 34 36 39 40 41
30 32 33 36 38 39 40 41
31 33 34 36 37 38 41
32 34 35 38 39 40 41
33 34 35 40 42
34 36 38 39 40 41 42
35 35 37 38 39 40 41 42
36 37 38 42
37 39 41
38 39 42
39 40 42
40 40 41 42
41 42
42
