#kunkel.py
# GMT Fri Apr 19 01:40:25 2019
# 
0 1 3 4 6 8 9 11 12 15 17 19 20 22 23 25 26 27 29 30 31 32 34 36 38 39
1 1 2 3 4 5 6 7 10 13 15 21 22 24 25 26 28 29 32 33 34 35 36 37 40 41 42
2 5 9 10 11 12 14 17 18 20 21 22 23 24 26 27 28 30 31 35 36 38 42
3 3 4 7 8 9 10 12 13 14 18 20 21 24 25 30 31 33 34 36 37 38 39 41 42
4 4 6 7 8 12 16 17 18 21 22 23 24 26 27 28 29 31 38 39 40 41
5 8 9 11 12 13 15 16 18 20 21 23 24 26 28 32 36 38 39 40 41 42
6 7 11 12 14 21 24 26 28 29 32 34 35 36 37 38 39 40 41 42
7 8 10 11 12 13 14 17 19 20 23 25 26 28 29 30 36 38 39 42
8 10 12 14 15 16 17 19 20 21 23 24 26 28 30 33 37 38 40 41 42
9 10 13 14 16 17 19 22 23 25 28 29 31 33 34 35 37 38 40 41 42
10 12 15 17 18 19 21 22 25 26 27 28 29 32 34 36 38 39 41 42
11 12 13 15 17 18 19 20 21 22 23 25 27 29 30 31 33 37 41 42
12 13 14 15 16 20 23 27 28 32 34 35 37 39 40 41
13 15 18 21 24 25 26 27 30 31 34 36 37 39 41 42
14 15 16 22 24 25 27 28 29 30 32 35 36 37 38 39 40 41 42
15 17 18 27 28 29 31 32 33 34 35 36 39 40 41 42
16 18 22 23 24 26 27 30 31 32 33 34 35 36 37 39 42
17 20 21 24 26 27 28 31 32 34 35 36 37 40 42
18 19 21 22 23 24 25 29 30 32 35 38 39 41 42
19 21 23 24 25 27 28 30 31 34 35 36 38 39 40 41 42
20 22 24 28 30 31 32 33 35 36 38 40 41 42
21 22 25 27 28 29 32 33 35 36 37 38 39 40 41
22 23 28 29 30 31 33 36 38 40 41 42
23 32 35 42 39 25 33 30 36
24 26 27 29 30 33 36 38 39 40 42
25 26 33 34 35 36 38 39 40 41 42
26 31 32 33 34 36 38 39 40 41 42
27 29 33 35 36 38 39 40 41 42
28 30 31 32 36 38 39 41 42
29 29 30 31 32 33 34 35 36 38 41 42
30 34 36 37 38 39 41
31 33 35 36 39 41 42
32 33 34 36 37 39 41
33 35 36 37 38 40 41
34 36 37 38 39 40
35 40 42
36 37 39 41 42
37 38 39 40 41 42
38 39 41 42
39 40 41
40 41 42
41
42
