#kunkel.py
# GMT Fri Apr 19 01:40:26 2019
# 
0 0 1 2 3 5 7 9 10 11 12 13 14 15 16 18 19 22 23 24 25 27 30 31 32 34 35 37 38 39 40 42
1 3 5 6 10 11 12 13 14 15 17 18 19 20 21 23 24 27 30 31 32 33 35 38 39 40 42
2 4 5 6 7 9 10 11 12 13 14 16 17 18 19 20 23 27 30 31 33 35 36 39 41 42
3 4 5 7 8 9 10 11 12 13 14 15 17 18 19 25 27 29 30 31 32 33 34 35 36 37 38 40 42
4 9 11 12 15 16 17 18 19 20 21 22 24 26 30 31 33 34 35 36 37 39 40
5 6 7 8 12 13 14 15 17 22 23 26 30 31 32 33 34 35 37 38 40 41 42
6 7 10 11 12 13 15 16 17 18 19 20 21 22 25 27 29 31 32 36 38 39 41
7 10 11 12 13 14 15 16 18 20 22 23 28 31 32 33 34 35 36 37 38 39 40 42
8 9 11 12 14 15 16 17 18 19 22 23 24 26 27 28 29 30 31 32 33 34 35 36 37 38 40
9 10 12 13 14 15 17 18 19 20 22 24 32 33 34 35 36 38 39 40 41 42
10 11 12 14 15 16 19 20 21 22 24 25 26 27 28 30 32 33 35 38 39 41 42
11 12 13 16 20 21 23 24 25 26 27 28 29 30 34 35 36 38 39 40 42
12 14 15 16 19 22 23 24 26 28 29 31 32 33 36 37 40 41
13 14 16 18 19 20 21 22 24 25 26 27 28 29 30 31 33 35 37 38 40
14 17 20 21 22 23 25 26 28 29 30 31 32 34 35 36 39
15 16 19 20 21 23 24 25 26 27 28 29 30 31 34 36 37 41
16 17 18 19 20 21 22 23 25 26 27 29 30 31 32 33 34 36 38 39 40 41 42
17 18 19 20 21 22 23 24 25 26 27 28 29 30 32 34 35 36 38 40 41
18 21 22 23 24 25 26 27 28 30 31 32 33 38 39 40 41
19 20 21 22 23 26 27 28 29 33 36 37 38 40 42
20 23 24 25 27 28 29 31 32 34 35 36 37 40 41
21 24 25 27 29 30 31 33 34 35 36 38 39 42
22 23 24 25 31 32 34 36 37 38 40 42
23 24 28 29 31 32 33 36 37 39 40
24 24 25 30 31 32 33 34 35 37 38 40 41 42
25 26 28 29 31 32 33 34 35 36 37 39 41
26 27 28 30 32 33 34 35 36 38 39 41 42
27 31 33 34 38 39 40 42
28 33 34 35 36 37 38 39
29 30 32 34 35 37 38 40 41
30 30 31 32 33 34 36 37 40 42
31 31 32 34 35 36 38 39 41 42
32 33 38 39 40 41 42
33 35 38 39 41 42
34 36 37 39 41 42
35 36 37 39 41 42
36 37 39 41 42
37 38 40 41
38 38 40 41 42
39 40 41 42
40 41 42
41
42
