#kunkel.py
# GMT Fri Apr 19 01:40:31 2019
# 
0 1 4 5 6 7 8 10 11 12 13 15 18 19 20 21 22 23 25 26 27 28 29 30 32 33 34 38 39 40 41 42
1 2 3 4 8 10 12 15 18 19 20 21 22 24 25 26 27 28 29 30 31 32 33 35 36 37 38 39 42
2 3 4 8 12 13 14 17 19 21 22 23 24 26 27 28 30 31 32 33 34 35 36 38 40 41 42
3 4 5 8 10 11 13 16 18 20 21 22 23 24 25 26 27 28 29 30 32 33 34 35 39 40 41
4 8 11 12 13 14 15 16 17 18 20 23 25 26 28 29 30 31 32 33 34 35 37 39 40 41
5 6 8 10 11 12 13 14 19 20 21 22 23 25 26 28 29 30 31 32 33 34 35 36 37 38 39 40 41 42
6 9 11 12 15 16 17 19 20 21 22 23 24 25 26 27 28 29 30 31 33 34 35 37 38 39 40 41
7 8 9 10 11 14 15 17 19 20 22 23 24 25 26 27 28 29 30 31 33 34 35 36 38 39 40 41 42
8 9 11 12 18 20 21 22 24 25 26 27 28 30 31 32 33 38 39 40 41 42
9 11 12 13 14 18 20 21 22 23 24 25 26 27 28 29 30 31 32 33 35 37 38 40 41
10 11 12 13 14 19 20 21 22 23 25 27 28 29 30 31 32 33 37 38 39 40 41 42
11 13 16 17 18 19 20 21 22 24 27 28 29 30 31 32 35 36 38 39 41 42
12 13 14 16 18 19 20 21 23 24 25 28 29 31 32 33 34 36 39 40 41
13 16 17 19 20 22 23 25 27 28 29 31 32 33 34 35 37 38 39 40 42
14 15 16 17 19 20 21 22 23 24 25 26 27 28 29 30 32 33 34 35 37 38 39 40 42
15 16 18 19 20 21 22 23 24 25 26 27 28 29 30 31 33 34 36 37 39 40 41
16 19 20 22 23 24 25 27 29 30 31 32 36 37 38 39 40 42
17 18 19 20 22 23 24 25 28 29 30 31 32 33 34 36 38 39 40 41 42
18 19 20 21 22 24 25 26 27 28 30 32 33 35 37 38 39 41
19 19 20 21 25 28 29 30 34 35 37 38 39 41
20 22 24 25 26 30 31 32 34 36 37 42
21 22 26 27 30 35 36 37 40 41 42
22 24 27 28 30 31 32 35 36 41
23 24 27 29 31 32 33 34 35 37 38 42
24 29 30 31 32 33 35 36 37 38 39 40 41
25 27 31 32 34 36 37 40 41
26 27 28 31 32 33 34 35 36 38 39 42
27 28 30 31 35 36 37 39 40 41
28 29 31 32 35 36 37 38 39
29 30 31 32 33 35 36 37 39
30 31 32 35 36 37 38 39 41
31 34 35 37 38 41 42
32 34 35 36 37 38 40 42
33 34 38 39 40 42
34 34 35 36 37 38 39 41
35 35 38 39 40 41 42
36 38 39 40 41 42
37 39 40 41 42
38 40
39 40 41 42
40 41
41 42
42
