#kunkel.py
# GMT Fri Apr 19 01:40:36 2019
# 
0 2 6 7 10 13 15 16 18 21 22 25 26 27 28 30 31 32 33 36 37 38 39 41
1 2 3 4 5 6 7 9 10 11 19 20 21 23 24 25 28 31 32 33 34 35 37 40 41 42
2 3 5 6 8 9 11 15 18 19 21 22 25 27 28 30 32 34 35 38 39 40
3 4 6 8 10 12 15 17 18 19 24 25 26 27 28 29 30 35 36 37 38 39 40
4 6 8 9 11 15 16 17 18 20 21 22 23 25 26 28 34 35 36 37 39 40
5 6 7 8 10 12 13 14 18 20 21 22 23 26 27 28 29 31 32 33 34 35 36 37 40
6 7 10 11 12 13 16 18 19 25 27 29 31 34 36 37 39 41 42
7 35 33 8 42 11 14 16 40 21 39 24 25 26 38 28 30 31
8 8 11 13 14 15 16 17 21 23 24 26 32 33 34 35 36 38 39 40 41 42
9 10 11 12 14 17 19 20 21 23 24 25 26 27 28 30 32 36 37 40 41
10 13 14 15 16 17 18 20 21 22 25 30 31 33 34 36 40 41 42
11 12 17 18 20 21 22 23 24 26 27 28 33 34 35 36 41
12 16 17 19 21 22 24 29 30 31 32 33 34 35 36 37 38 39 40
13 14 15 17 19 21 22 23 24 26 30 32 33 34 35 36 37 39 41 42
14 16 21 22 23 26 28 29 31 33 34 35 36 37 38 40 41
15 18 19 20 21 23 27 28 29 30 31 32 33 34 35 36 37 38 39 42
16 17 19 21 25 26 27 28 29 33 34 36 37 39 40 41 42
17 17 18 19 20 22 25 26 29 30 31 32 33 34 35 40
18 18 19 20 22 23 24 27 29 33 34 35 36 37 40 42
19 20 22 23 24 26 28 31 33 34 35 36 38 41 42
20 26 29 30 31 32 33 34 35 36 37 38 39 40 41 42
21 22 27 29 31 33 36 39 41 42
22 28 30 31 32 33 34 39 40 41
23 25 26 29 30 34 36 37 38 39 40 41
24 24 25 27 28 29 30 31 33 34 35 36 37 39 42
25 31 32 33 34 35 36 38 39 40
26 27 29 32 34 35 38 40 42
27 32 36 33 40 34 28 29 31
28 29 30 31 33 34 35 36 38 40 41
29 32 33 34 35 36 38 39 40 41 42
30 33 34 35 36 37 40 41 42
31 33 34 35 38 39 40 42
32 32 33 34 35 36 37 39 40 42
33 34 35 36 37 38 39 40 41 42
34 35 37 38 39 41 42
35 36 37 38 39 40 41
36 37 38 39 41
37 38 40 41 42
38 39 40 42
39 40 41
40 41 42
41
42
