#kunkel.py
# GMT Fri Apr 19 01:40:43 2019
# 
0 1 2 3 4 6 7 8 9 11 12 13 14 19 20 21 22 23 24 26 27 28 30 31 32 33 35 38 39 41 42
1 2 3 6 7 9 11 13 17 19 21 22 23 25 26 27 31 34 36 37 39 40 42
2 35 32 5 6 7 37 11 36 15 16 18 20 24 25 26 27 28 29 31
3 4 9 13 14 16 17 19 20 22 25 26 28 29 32 33 34 35 37 38 39 40 41
4 5 6 8 9 13 14 15 17 18 22 25 27 28 30 31 33 34 37 39 42
5 6 8 9 11 14 15 16 17 20 21 23 27 28 29 30 31 32 33 35 38
6 7 8 10 11 12 14 16 18 19 22 27 29 30 33 34 37 38 40
7 8 10 13 14 15 16 17 19 20 22 25 28 29 30 31 32 34 35 36 38 42
8 9 14 15 16 19 20 22 25 28 29 30 33 35 36 37 39 40 41
9 11 12 13 14 15 17 18 19 24 26 28 29 30 36 38 41 42
10 35 37 40 42 39 12 13 16 17 18 21 24 25 26 38 28 29 30 31
11 12 13 14 16 17 20 23 24 28 29 30 33 34 35 39 40 42
12 13 14 15 16 17 19 20 23 25 27 30 31 32 34 35 36 38 39
13 15 16 17 18 20 23 30 32 33 35 37 39 40 41
14 17 22 26 31 32 33 34 35 36 39 41 42
15 15 17 20 21 22 23 24 25 27 28 30 33 34 35 37 38 39 41
16 19 21 22 23 25 26 28 30 31 33 38 39 41
17 18 19 20 22 23 24 26 27 31 35 40 42
18 19 21 22 25 26 28 29 30 32 35 37 39 40 41 42
19 23 24 25 26 27 31 33 35 36 37 39 41
20 41 42 37 40 24 39 26 29 30 31
21 23 24 25 26 27 29 30 31 33 35 36 38 40 41 42
22 23 25 27 28 30 32 34 36 38 42
23 24 28 29 32 33 34 36 38 39 42
24 26 28 29 30 31 32 33 34 39 40 41
25 27 30 32 33 35 38 40 42
26 36 37 38 33 39 34 28
27 28 30 31 32 33 34 38 39 40 41
28 29 36 37 38 39 40
29 30 31 33 34 35 36 37 39
30 31 36 41
31 33 36 37 38 39 40
32 34 35 37 38 39 40 41 42
33 34 35 36 37 38 40 42
34 34 35 36 37 38 40 41 42
35 35 36 41
36 36 37 39 41 42
37 38 41 42
38
39 41
40 41 42
41
42
