#kunkel.py
# GMT Fri Apr 19 01:40:48 2019
# 
0 0 1 2 3 8 9 10 11 12 13 14 15 16 18 19 20 21 22 23 24 25 26 27 28 30 31 32 33 34 36 37 42
1 4 7 8 9 10 11 12 13 14 15 16 17 18 19 21 22 23 24 25 26 27 28 31 32 34 36 37 39 41 42
2 7 8 10 11 12 15 16 17 18 20 21 22 23 24 25 26 27 29 34 36 37 38 40 42
3 4 5 8 9 10 11 12 13 14 15 16 18 19 20 21 22 23 25 27 28 29 32 33 34 36 37 38 40 42
4 5 8 9 10 11 13 14 15 16 17 18 19 20 21 22 24 26 27 28 29 31 33 34 35 37 38 39 40 42
5 7 8 9 10 11 12 16 17 18 19 20 22 24 25 26 28 30 32 34 35 36 37 38 40 41 42
6 8 9 10 11 12 14 15 16 17 18 19 22 23 25 26 27 28 29 31 32 33 34 36 38 39 40 42
7 8 12 13 14 15 17 18 20 21 22 23 26 27 28 29 30 31 32 33 34 36 37 38 39 40 41 42
8 11 13 15 16 17 18 19 22 25 29 31 32 33 37 38 39 40
9 10 14 17 18 19 20 21 23 25 26 27 28 29 32 33 34 35 36 38 39 40 41
10 12 14 19 21 23 24 26 28 31 32 33 34 35 36 39 40 41
11 13 15 16 18 20 21 26 27 28 30 33 36 37 39 40 41 42
12 13 16 17 18 19 20 22 23 24 25 26 27 28 32 33 34 35 38 39 40 42
13 21 23 25 28 29 30 31 33 34 35 36 37 38 39 40 41 42
14 16 17 21 22 26 29 30 31 32 33 34 35 36 37 38 40 42
15 15 16 17 20 21 25 26 27 28 30 31 32 33 34 35 36 37 40 41 42
16 19 24 25 27 28 29 30 35 36 39 40 41 42
17 18 23 24 25 27 28 29 30 31 32 33 35 36 39 40 41 42
18 19 21 23 24 26 29 30 31 32 33 34 35 36 37 38 40 41
19 21 24 25 28 29 30 31 35 36 38 39 40 42
20 21 22 23 24 25 27 29 30 31 33 35 36 37 39 40 41
21 21 23 26 27 30 32 33 38 39 40 41 42
22 23 24 26 28 30 31 33 34 35 37 38 39 40 41
23 27 28 30 31 33 35 36 37 40 42
24 27 28 29 33 35 36 37 39 40 41 42
25 26 30 31 32 33 34 35 36 37 38 39 41
26 28 30 31 32 34 35 36 37 40 41
27 29 30 32 34 35 36 37 38 39 41 42
28 29 32 36 37 38 40 41 42
29 30 31 32 33 34 35 36 40 41 42
30 34 35 36 38 39 40 41 42
31 33 35 36 37 41 42
32 32 35 37 38 39 40 41 42
33 35 38 39 41 42
34 34 36 37 40 41
35 36 38 39 41 42
36 37 38 40 41
37 39 40 41 42
38 39 40 41
39
40 42
41 42
42
