#kunkel.py
# GMT Fri Apr 19 01:39:43 2019
# 
0 7 8 9 12 13 14 16 18 19 20 21 22 24 25 26 27 30 31 33 34 37 39
1 3 33 2 34 5 6 39 8 41 11 12 13 14 35 22 23 24 25 27 30 37
2 5 7 8 10 13 15 16 17 18 19 21 22 23 25 28 29 32 35 36 39 41
3 4 9 11 17 18 19 20 21 23 25 27 28 29 30 31 35 36 37 38 39 40
4 6 7 8 10 13 15 17 19 24 26 28 29 30 31 32 35 36 37 38 39 41
5 32 34 38 7 40 9 10 39 13 14 15 16 17 21 22 41 24 25 28
6 32 33 38 7 40 9 41 11 14 15 16 20 21 23 25 26 29 39 31
7 11 13 14 15 17 20 22 23 27 28 30 31 35 37 38 39 40 41
8 10 11 12 14 17 24 25 28 29 30 31 33 35 37 38 39 40 41 42
9 10 15 16 17 18 20 24 25 26 27 28 30 33 34 35 39 40 42
10 11 12 15 18 19 21 22 23 24 26 28 32 34 36 37 38 42
11 12 13 16 18 19 24 25 27 28 29 32 33 34 35 36 37 39 41
12 16 17 19 20 21 22 23 25 27 30 32 33 35 38 39 40 41 42
13 14 19 20 23 24 26 30 31 32 33 34 35 36 38 39 41 42
14 15 18 20 22 23 25 27 29 32 33 35 36 37 39 40
15 16 17 19 20 22 24 26 29 30 31 35 36 38 40 42
16 18 20 24 25 26 28 29 32 33 35 36 37 38 39 41
17 19 20 23 24 27 31 32 33 34 36 37 38 41 42
18 19 21 23 27 28 29 31 32 33 34 38 39 41 42
19 19 21 24 25 26 27 30 33 34 36 38 42
20 21 23 24 25 27 28 31 32 33 35 37 39
21 32 36 33 38 41 22 25 27 37 30 35
22 32 40 34 37 42 24 26 28 29 30 31
23 24 26 28 30 31 33 38 40 41 42
24 29 31 34 37 38 39 40
25 26 28 31 32 35 36 38 40 42
26 27 28 29 31 34 35 36 37 38 39 41 42
27 27 28 29 30 32 34 36 37 38 41 42
28 28 29 30 31 33 37 38
29 30 32 33 35 39 41 42
30 30 35 37 38 39 40 41
31 34 35 36 37 40 42
32 37 40 41 42
33 36 37 38 40
34 35 38 40 41 42 37
35 36
36 39 40 41 42
37 40 41 42
38 40
39 40 42
40 41 42
41
42
