#kunkel.py
# GMT Fri Apr 19 01:40:51 2019
# 
0 6 7 9 11 12 16 19 21 23 25 26 27 28 30 31 32 33 34 35 36 37 38 39 40 42
1 2 4 8 12 14 15 16 17 18 19 22 23 24 25 27 28 29 31 32 33 34 35 36 37 38 39 40 41
2 3 5 7 9 10 11 14 16 17 18 21 26 27 29 30 31 33 35 36 37 38 39
3 4 6 8 9 10 11 12 17 18 19 23 25 26 27 28 29 31 32 33 34 36 38 39 42
4 6 7 8 10 12 14 18 21 23 24 28 29 30 32 33 34 36 37 39 40 41 42
5 6 7 8 9 11 12 13 17 19 21 23 25 26 27 28 29 31 32 33 34 35 36 39 40 41 42
6 9 14 16 17 19 22 24 27 29 30 31 32 33 34 35 36 37 38 39 40 42
7 10 13 14 15 16 18 19 21 23 27 28 29 30 31 32 33 34 35 37 38 40 41
8 10 11 15 16 17 19 20 21 22 27 28 31 33 35 37 38 41 42
9 10 11 12 14 15 16 19 22 23 24 26 27 28 29 32 33 34 35 40 41
10 16 17 19 20 22 23 26 27 28 29 32 33 34 35 36 38 39 42
11 12 14 16 18 19 20 23 25 28 29 30 34 35 36 40 41 42
12 13 14 15 16 17 22 23 25 26 28 30 34 35 36 39 41 42
13 14 16 19 20 21 23 24 25 27 28 29 30 31 32 33 34 35 38 41
14 15 17 18 19 21 23 24 26 27 30 32 34 35 38
15 15 16 18 20 21 22 25 26 27 28 29 30 31 32 33 34 36 39 40 42
16 17 21 23 24 27 29 30 31 35 36 38 40 42
17 18 20 21 23 25 28 29 30 31 33 34 35 36 37 40 41
18 19 22 23 25 28 30 31 32 33 35 36 40 41 42
19 24 25 28 29 30 31 32 33 35 36 39 41 42
20 22 23 25 26 28 30 31 32 33 34 35 36 37 38 41 42
21 22 25 27 28 29 31 32 33 34 36 37 40 41
22 23 24 28 30 31 32 34 36 37 38 39 41 42
23 24 25 27 29 30 31 32 33 34 35 36 38
24 24 25 28 29 30 31 32 34 35 36 37 38 39 40 41 42
25 25 26 29 31 33 34 37 38 39 40
26 27 28 29 30 31 32 35 36 37 39 40 41 42
27 29 30 31 32 34 35 37 41 42
28 29 32 36 37 38 39 41 42
29 30 31 32 35 36 37 38 40 42
30 31 33 36 37 39 40 41
31 33 34 37 38 39 40 41 42
32 33 34 37 38 39 40 42
33 37 39 40 41 42
34 34 35 36 37 38 39 40 41 42
35 36 37 38 39
36 37 39 41 42
37 39 41 42
38 40 42
39 40 41
40
41
42
