#kunkel.py
# GMT Fri Apr 19 01:40:55 2019
# 
0 0 1 2 4 8 9 12 14 15 16 18 19 20 21 22 23 24 26 27 28 29 30 31 32 34 36 37 39 40
1 3 4 7 8 10 11 12 13 14 16 17 20 21 22 23 24 25 26 27 28 30 31 33 34 36 37 39 40 41 42
2 6 10 11 15 16 20 22 23 24 25 26 27 28 29 30 32 34 35 36 38 39 40 41 42
3 5 7 9 12 13 15 17 19 20 21 22 24 25 26 28 29 30 31 33 34 35 36 37 38 39 41
4 5 7 8 9 10 11 12 17 18 19 21 23 24 25 26 28 30 32 33 34 35 36 38 39 41 42
5 8 9 11 12 13 14 16 18 19 22 23 24 25 27 28 30 31 32 33 34 35 36 37 39 41
6 7 8 9 11 12 13 16 17 18 19 20 21 22 23 24 26 28 29 31 32 33 34 36 37 39 40 42
7 8 9 20 21 22 23 24 26 27 28 30 31 32 33 34 35 36 37 38 39 40 42
8 9 10 11 12 15 16 17 19 20 21 22 24 26 27 29 31 32 33 34 35 36 39 40 41 42
9 14 17 19 21 22 24 27 28 29 30 31 32 33 34 35 36 37 38 39 40 42
10 11 12 17 19 20 21 22 23 24 26 27 30 31 32 34 35 37 38 40 42
11 14 15 16 17 18 22 23 24 25 26 28 29 30 31 32 33 34 35 36 37 39 41 42
12 14 18 22 23 24 26 27 29 30 31 33 34 35 37 38 39 41 42
13 16 18 19 20 22 23 24 25 26 27 28 29 30 31 32 33 34 36 37 38 39 40 42
14 15 16 18 19 20 21 22 23 24 25 26 27 28 29 30 32 33 35 36 37 38 39 40 42
15 16 18 20 22 23 25 26 27 28 30 31 32 33 34 35 36 37 38 39 41 42
16 17 21 22 23 25 26 27 28 29 30 32 35 36 37 38 42
17 20 22 23 26 27 28 29 30 31 33 34 35 37 38 39 40 41 42
18 20 23 24 26 27 28 29 30 32 33 34 39 40 41 42
19 19 20 22 23 25 27 28 29 30 31 32 34 35 38 39 40 41 42
20 21 23 24 25 26 28 29 32 33 34 35 36 37 39 41 42
21 22 23 24 25 27 28 29 30 31 32 33 35 38 39 41 42
22 22 23 24 25 27 32 40 41 42
23 24 25 26 29 31 32 36 38 39 40 41 42
24 27 30 31 32 33 36 37 38
25 26 27 31 33 34 35 38 40 41 42
26 29 30 32 33 35 36 38 40 41
27 28 34 35 37 38 39 41
28 29 33 37 38 40 42
29 30 31 33 34 36 37 39 40 41
30 32 34 35 38 40 41
31 33 34 35 36 37 38 39 42
32 32 34 35 37 39 40 41 42
33 35 38 39 40 41
34 37 38 40 42
35 37 38 39 40 41
36 38 39 40 41
37 39 40 41 42
38 40 42
39 40 41 42
40 40 41
41 41 42
42 42
