#kunkel.py
# GMT Fri Apr 19 01:41:01 2019
# 
0 0 5 7 8 9 10 13 14 16 18 19 20 21 22 23 27 28 29 30 31 32 35 37 38 40 42
1 2 6 7 8 10 11 12 14 16 17 18 20 21 23 26 28 29 31 34 35 36 37 41
2 3 4 5 8 12 14 17 18 19 20 22 25 26 27 28 29 30 31 32 35 36 37 38 42
3 4 5 6 8 9 10 13 15 16 17 18 19 20 22 26 27 29 30 31 33 34 36 37 38 40 41
4 10 11 12 13 16 19 20 21 23 24 25 26 28 34 35 36 37 39 40 42
5 6 7 8 9 11 12 16 17 21 22 24 25 27 29 30 31 33 34 35 36 41 42
6 14 17 18 19 20 22 24 25 28 29 30 33 34 35 36 37 38 40 42
7 8 11 12 13 17 18 19 20 21 22 23 25 26 27 29 30 31 33 35 36 37 38 39 40 41 42
8 9 14 18 19 20 22 25 26 27 30 32 33 34 35 36 38 39 40 41 42
9 10 11 14 17 18 21 22 24 26 27 29 30 31 32 34 36 40 41 42
10 11 12 14 15 17 18 19 21 22 23 24 25 26 27 28 30 32 34 35 40 41 42
11 13 14 15 17 22 23 24 26 27 28 29 30 31 32 35 36 39 40 42
12 13 14 15 16 18 19 20 24 26 27 28 29 30 31 33 34 35 39 40 41
13 14 16 17 20 21 25 27 28 29 30 31 32 34 36 38 39 42
14 15 16 18 21 25 27 29 30 31 34 37 38 39 41 42
15 16 18 19 20 21 22 23 26 27 30 31 32 33 34 35 36 37 38 41
16 17 18 19 21 22 25 27 28 29 31 32 36 37 40 42
17 18 19 21 22 23 24 26 27 28 30 31 33
18 18 19 23 24 25 27 28 29 30 31 34 35 36 37 39 42
19 20 21 23 27 28 29 31 33 34 35 36 38 39
20 24 27 28 31 32 34 36 37 38 39 41
21 24 26 28 30 31 33 34 35 36 38 40 41
22 23 24 25 27 28 29 30 31 33 34 35 37 39 40
23 23 25 27 28 29 30 32 33 34 35 36 38 39 41
24 25 26 27 28 29 30 31 33 35 36 38 39
25 26 27 28 29 30 31 32 34 35 36 38 41
26 27 28 29 31 33 35 36 37 38 39 40
27 28 29 30 33 34 35 37 38 39 40 41 42
28 30 31 32 33 34 35 38 39 41
29 31 32 33 34 36 37 39 40 41 42
30 31 32 33 35 37 38 41 42
31 32 33 36 39 40 42
32 33 35 36 40 41 42
33 34 35 38 39 40
34 34 35 37 38 39 40 41 42
35 37 38 40 41 42
36 37 38 39 40 41 42
37 39 40 41
38 41 42
39 40 42
40
41 42
42
