#kunkel.py
# GMT Fri Apr 19 01:41:03 2019
# 
0 0 1 4 8 9 11 12 14 15 16 17 19 20 21 22 24 25 26 27 28 29 30 31 32 34 36 37 38 39
1 2 5 6 8 9 10 11 13 14 15 17 19 21 23 24 25 26 27 29 30 31 32 33 34 35 36 38 40 41 42
2 3 4 5 8 9 10 11 12 13 14 15 16 17 18 22 23 24 29 31 32 33 36 39 40 41 42
3 4 7 9 10 11 12 13 14 16 17 19 20 21 24 26 27 29 30 33 35 36 38 39 40 41 42
4 6 7 8 9 11 12 13 15 16 17 18 19 20 21 22 23 24 25 26 28 29 31 32 34 35 36 38 39 40 41
5 6 8 9 11 12 13 14 16 17 19 20 21 22 23 24 25 26 27 28 29 30 33 35 36 37 38 39 40 41 42
6 9 10 11 12 13 14 15 16 18 19 20 21 22 23 24 25 27 28 29 30 31 33 37 38 39 40 42
7 11 12 13 14 16 17 18 19 20 21 22 23 24 25 26 27 28 29 30 31 32 35 37 38 39 40 41 42
8 8 10 11 13 14 15 17 18 19 20 21 22 25 26 27 28 29 30 33 34 38 40 41 42
9 11 12 13 14 15 16 17 18 20 21 22 25 26 27 28 30 31 34 35 38 41 42
10 11 12 14 15 16 17 18 19 20 21 23 25 27 28 29 30 31 32 33 34 35 36 37 38 39 41 42
11 12 14 15 17 19 22 23 26 27 28 33 35 36 39 40 42
12 13 17 18 24 25 26 29 30 31 32 34 35 36 37 38 41
13 14 17 18 19 20 24 25 26 27 28 29 32 33 34 36 37 38 39 40 41 42
14 16 18 19 20 21 22 23 24 27 29 32 35 36 38 39
15 15 17 20 21 22 24 25 26 27 28 30 33 34 35 36 38 39 42
16 17 20 21 24 25 26 27 28 29 31 32 33 34 35 36 37 39 40 41 42
17 18 20 22 24 30 31 32 33 34 36 37 38 40 42
18 19 20 21 25 27 28 30 31 32 33 34 35 36 37 39 41 42
19 21 22 25 26 31 32 33 35 36 37 40 41 42
20 21 23 24 26 33 34 35 36 37 38 40
21 22 23 24 26 33 34 35 37 39 40 41
22 26 29 30 31 32 33 35 36 38 39 40 41
23 24 26 28 30 32 33 34 35 36 37 38 40 41 42
24 25 27 29 30 31 32 33 34 35 38 41
25 25 26 28 32 33 34 35 36 37 38
26 26 28 30 31 32 34 36 37 39 41
27 29 31 32 33 34 36 37 38 41
28 31 32 33 34 35 36 38 39 40 41
29 30 32 33 34 35 36 37 40 41
30 31 32 35 37 39 40 42
31 32 33 34 35 36 37 40 41 42
32 34 37 38 39 40 42
33 34 35 37 39 40 41 42
34 37 38 39 40 41 42
35 36 38 39 40
36 37 38 39 40 42
37 39 40 41 42
38 41
39 42
40
41 42
42
