#kunkel.py
# GMT Fri Apr 19 01:39:44 2019
# 
0 1 3 4 5 8 10 11 13 14 15 21 22 23 24 25 27 30 31 32 34 35 37 38
1 2 3 4 5 7 9 14 15 16 17 18 21 22 23 26 28 30 32 33 34 35 38 41
2 7 8 9 11 12 13 14 19 20 22 23 24 26 27 29 30 31 32 33 35 39 41 42
3 4 6 8 13 14 15 19 20 21 26 27 28 29 30 31 33 35 36 37 39 40 41
4 7 8 10 12 13 16 18 19 21 22 23 25 27 29 32 33 34 35 37 40
5 11 13 15 17 18 19 22 25 26 27 28 29 30 31 32 35 36 37 38 41
6 7 8 10 11 12 13 16 17 18 19 22 24 25 26 31 32 33 34 35 38 39 42
7 10 11 12 19 20 23 24 26 28 32 33 34 35 36 38 39 40 41 42
8 9 12 14 16 17 18 21 23 25 26 28 29 32 34 36 38 39 40 41
9 10 14 17 20 23 25 26 27 28 31 32 33 34 35 36 37 38 40 42
10 12 13 15 17 18 19 20 22 23 24 28 30 31 37 38 40 41 42
11 15 16 17 18 19 20 21 23 25 27 29 32 33 34 39 40 42
12 13 15 19 22 25 26 27 28 29 30 33 35 39 40 41 42
13 14 15 17 18 19 20 21 24 25 26 29 31 34 36 39 41
14 15 17 18 19 22 26 29 32 33 35 36 37 38 40 41 42
15 16 17 18 19 23 26 27 29 31 34 36 38 39
16 17 19 21 24 26 29 31 32 34 35 36 37 38 39 41 42
17 34 33 40 18 20 21 22 39 27 42
18 21 24 26 27 29 30 33 35 36 39 41 42
19 20 21 23 25 27 28 31 32 33 34 37 38 40
20 32 35 36 40 34 21 22 23 39 27 30 31
21 37 35 39 40 24 25 26 28 31
22 24 25 26 27 28 30 31 33 34 36 37 39 40 42
23 24 27 29 30 31 34 36 39 41 42
24 25 26 27 28 33 34 36 37 38 39 40
25 25 28 29 30 31 32 33 34 35 39 42
26 29 34 37 38 42
27 30 33 36 40 41 42
28 29 30 31 33 34 35 36 38 41
29 29 31 33 35 36 37 40 42
30 30 31 32 36 37 39 40 41 42
31 31 32 33 36 38 41
32 36 37 38 39 40
33 33 36 37 38
34 37 40 41 42
35 38 39 41 42
36 37
37 38 39 41
38 39 40 42
39 40 41
40 42
41 42
42
