#kunkel.py
# GMT Fri Apr 19 01:41:09 2019
# 
0 2 3 11 14 15 19 20 22 23 24 25 26 28 30 33 34 35 36 37 38 40 41
1 2 3 4 8 13 15 16 17 19 22 24 25 26 27 28 29 30 31 32 33 34 35 36 37 39 42
2 4 8 9 10 11 16 17 18 19 20 21 22 26 28 31 33 34 35 37 39 40 41 42
3 4 6 10 11 12 14 16 17 18 19 21 23 28 29 30 32 35 37 38 39 40 41 42
4 5 7 10 11 12 13 19 21 23 24 26 31 33 34 35 36 37 38 39 40 41
5 6 7 8 9 10 12 13 14 19 21 22 24 25 28 29 30 32 33 35 36 37 39 40 41
6 7 8 11 12 15 18 19 20 21 22 24 25 27 28 29 32 35 37 38 39 40 41 42
7 9 14 15 17 18 19 20 22 23 24 25 26 27 28 33 35 36 39 41 42
8 9 11 12 13 14 15 16 18 19 21 23 24 25 26 30 36 37 39 40 41 42
9 10 11 13 14 15 16 17 18 26 27 29 30 32 33 34 35 36 37 38 42
10 12 15 21 22 23 24 26 27 28 29 30 32 33 35 37 39 40 41 42
11 14 16 17 18 22 24 27 31 32 34 36 37 39 40 41 42
12 15 18 20 22 23 25 26 27 28 30 31 32 34 35 36 37 40 41
13 14 15 17 18 22 23 25 26 27 28 30 31 34 35 37 38 39 41 42
14 14 15 18 19 20 21 23 25 26 31 32 33 34 35 39 40 41
15 17 19 20 21 22 27 28 31 32 33 34 37 39 40 41
16 17 18 20 22 23 25 26 28 29 32 33 35 37 38 39 40 41 42
17 19 23 24 25 27 30 32 33 36 37 39 40 41 42
18 18 19 20 21 24 26 29 31 33 35 36 37 38 41
19 19 20 23 24 27 28 30 31 33 34 35 36 37 39 42
20 21 22 23 24 27 31 32 35 36 37 38 39 41 42
21 23 24 27 29 30 32 33 34 35 36 37 39 41 42
22 23 25 27 29 31 33 34 35 40 41 42
23 25 26 28 29 30 31 32 33 35 38 39 41 42
24 25 26 31 35 37 38 39 42
25 30 33 34 35 36 37 38 39 41 42
26 27 31 32 33 36 37 39 41 42
27 29 30 32 33 37 39 42
28 29 31 34 35 36 37 38 39 40 41 42
29 31 32 33 34 35 36 37 39 42
30 31 33 35 36 37 38 39 41
31 32 35 36 38 39
32 34 35 40 42
33 33 35 38 41 42
34 35 37 38 39 41 42
35 36 37 42
36 37 38 39 40 41 42
37 37 38 40 41
38 39 40 41 42
39 40 41 42
40 41
41
42
