#kunkel.py
# GMT Fri Apr 19 01:41:10 2019
# 
0 2 3 8 11 12 13 14 18 19 20 21 22 23 24 25 26 28 30 31 34 36 38 39 41 42
1 2 6 7 9 11 12 13 15 18 19 23 24 25 27 28 31 34 35 36 37 38 39 40 41 42
2 2 3 5 6 7 8 10 14 18 19 20 21 22 24 28 29 30 31 33 36 37 40 41 42
3 5 6 7 9 10 11 16 17 20 21 23 24 25 26 27 28 29 32 33 35 36 37 39 41 42
4 6 7 8 9 12 16 17 18 19 20 21 22 23 24 25 27 33 36 37 39 40 41 42
5 7 9 11 13 14 15 17 20 21 22 23 24 25 27 28 30 31 34 35 36 37 40 41 42
6 7 8 9 10 11 13 14 15 16 18 21 22 28 30 31 32 34 35 36 37 38 39 40 41 42
7 9 11 12 13 16 17 18 19 21 22 23 25 26 27 31 34 35 37 38 41
8 9 10 11 13 14 15 17 21 26 27 29 30 32 33 34 36 37 39 40 41 42
9 11 12 17 18 21 22 24 26 28 29 30 34 35 38 39 40 41
10 11 12 14 16 17 18 21 22 23 24 26 27 31 32 33 34 35 37 38 39 40 41 42
11 12 13 14 17 19 20 25 33 34 36 37 39 40 41 42
12 15 16 17 18 19 20 21 27 28 29 30 32 34 35 36 37 38 39 41 42
13 15 16 18 19 20 21 22 25 26 29 31 32 34 35 36 38 39 40 41 42
14 15 16 19 20 24 25 26 28 29 34 35 36 37 38 39 40 41
15 16 17 19 22 24 25 26 28 33 34 35 37 38 39 40 41 42
16 20 22 23 24 26 29 33 34 36 38 39 40 41 42
17 17 18 20 23 24 26 28 29 30 31 33 34 35 36 37 39 41 42
18 19 20 22 23 25 27 29 30 32 35 36 37 38 39 40 42
19 21 23 24 26 28 29 30 32 34 35 36 37 38 41 42
20 32 38 40 41 42 34 25 29 37
21 23 24 26 33 35 36 37 38 39 40 42
22 22 24 26 28 30 31 32 33 34 35 36 37 38 39 41
23 25 28 32 33 36 37 38 39 41 42
24 29 31 32 33 34 35 36 37 38 39 40 41 42
25 27 28 29 30 33 35 36 38 39 40 42
26 27 30 32 34 37 38 39 40 41 42
27 28 29 30 31 33 34 35 36 37 38 39 40 41 42
28 28 32 33 34 35 36 39 40 41 42
29 32 33 34 35 37 38 39 40 41 42
30 30 31 32 33 34 35 36 37 38 39 40 42
31 33 34 35 36 37 38 39 41 42
32 33 34 35 36 37 38 40 42
33 35 36 38 39 40 41
34 34 35 36 37 39 41 42
35 36 37 40
36 38 39 40 41 42
37 38
38 39 40 41 42
39 40 41 42
40 41 42
41
42
