#kunkel.py
# GMT Fri Apr 19 01:41:16 2019
# 
0 1 4 6 7 9 11 12 14 19 20 21 23 25 26 27 29 31 32 33 36 37 38 39 40 41
1 2 3 6 7 11 12 16 19 22 24 25 27 28 30 32 33 34 35 36 38 39 41 42
2 2 7 8 9 10 12 13 14 15 17 18 22 24 25 26 29 30 31 35 36 38 39 40 41 42
3 4 5 6 10 12 13 19 20 21 22 23 24 26 28 29 30 33 34 35 36 37 38 39 40 41
4 5 6 8 9 11 12 13 14 15 16 18 20 22 24 25 29 31 33 34 36 38 39 40 42
5 6 7 11 14 16 17 18 19 21 23 24 25 27 29 30 33 36 38 40 41 42
6 9 10 12 14 17 20 21 24 25 26 27 28 33 34 35 36 38 39 42
7 7 8 9 10 12 13 14 16 17 19 20 21 26 29 32 33 34 35 37 38 39 40 41 42
8 12 14 15 16 17 18 21 23 24 25 26 28 30 31 34 35 36 37 38 39 40 41
9 12 14 15 19 20 21 22 24 25 27 28 33 34 35 36 37 38 39 41 42
10 11 13 14 15 16 19 20 21 22 24 25 26 27 29 30 31 34 35 39 40 42
11 12 15 17 19 20 21 22 26 29 31 32 33 34 35 36 40 41 42
12 12 15 17 21 22 23 26 27 31 33 34 35 36 38 40 41 42
13 14 15 17 18 21 22 24 25 27 28 31 32 34 35 37 38 40 42
14 16 17 18 21 22 28 30 31 32 33 34 38 39 40 41 42
15 17 19 20 23 30 32 33 34 36 37 38 39 40 41 42
16 17 19 20 22 23 26 27 29 31 32 33 34 35 36 38 41 42
17 19 20 21 22 23 27 30 32 33 35 36 37 38 39 40 41 42
18 19 20 21 23 24 25 26 27 29 31 32 33 34 35 36 37 39 41 42
19 20 22 23 25 29 30 31 32 33 35 36 38 39 42
20 21 28 30 33 34 35 36 37 39 40 41 42
21 22 24 25 27 28 29 32 33 34 36 38 41 42
22 24 25 26 27 30 33 35 36 37 38 39 41 42
23 24 28 30 31 32 33 34 35 36 38 39 41 42
24 32 33 35 36 37 38 39 40 41 42
25 28 30 33 34 35 36 37 38 39 40 41 42
26 27 28 29 30 31 32 33 34 36 38 40 41 42
27 28 29 30 31 33 34 35 36 37 38 39 40 42
28 30 31 33 34 35 36 37 38 39 40 41 42
29 32 33 34 35 36 38 39 40 41 42
30 31 32 33 34 35 36 37 38 40 41 42
31 33 34 35 37 39 40 41 42
32 33 34 35 39 40 42
33 35 38 39 40 41
34 35 36 37 38 39 41 42
35 37 38
36 37 38 39
37 39 41
38 40
39 40
40 42
41 42
42
