#kunkel.py
# GMT Fri Apr 19 01:41:17 2019
# 
0 1 3 4 9 10 11 12 15 17 18 19 20 21 22 25 26 27 28 29 30 31 32 34 35 36 37 38 39 42
1 2 3 4 5 7 9 10 11 14 15 16 17 18 20 23 24 25 29 30 31 32 34 35 36 37 38 39 41 42
2 3 6 8 10 12 13 14 16 17 18 19 20 21 22 23 24 27 28 29 30 31 32 33 35 36 37 39 41
3 5 6 8 11 13 15 16 17 20 21 22 23 24 26 27 28 30 31 32 34 36 38 40 42
4 8 9 12 15 16 19 21 22 23 24 27 28 29 30 31 32 33 34 36 37 40 41 42
5 6 8 9 10 13 14 15 16 17 18 19 20 21 25 26 27 28 29 30 31 32 33 34 35 37 38 39 41 42
6 7 9 10 11 12 13 14 16 19 20 21 23 24 25 26 27 28 29 32 33 35 36 39 40 41 42
7 8 9 10 12 13 14 15 16 17 19 20 21 22 23 25 26 27 28 29 30 36 39 40 41 42
8 8 9 10 12 14 15 16 17 18 20 21 23 24 26 27 29 30 31 32 34 35 36 39 42
9 11 13 14 15 16 18 19 20 21 22 23 24 25 26 27 30 31 32 34 38 39 42
10 16 17 18 21 22 23 24 25 26 27 28 29 30 33 34 35 36 39 41 42
11 12 13 16 17 18 19 20 21 22 24 25 26 27 28 29 31 32 33 35 36 38 39 41
12 12 15 17 18 19 20 21 22 23 24 26 27 28 29 30 31 34 35 36 37 39 40 41 42
13 15 16 17 18 19 20 22 23 24 25 26 28 29 30 31 32 33 34 38 39 41 42
14 19 20 21 22 23 24 25 26 27 28 29 30 31 35 36 37 38 41 42
15 17 18 21 22 24 25 29 30 31 32 33 35 36 38 42
16 18 20 21 23 25 26 27 29 30 33 34 36 37 38 39 40 42
17 19 20 21 22 24 25 26 28 29 32 35 36 37 38 39 40 41 42
18 23 24 26 27 28 29 30 31 32 33 34 36 37 38 39 40
19 21 22 24 26 27 28 30 31 33 34 35 37 38 39 40
20 22 23 26 27 31 32 33 34 35 36 37 39 42
21 23 25 27 33 35 37 39 40 42
22 23 24 26 29 33 34 35 37 38
23 24 25 28 31 32 34 35 36 37 39 40 41
24 25 27 33 34 35 37 38 40 41
25 26 27 28 31 33 34 35 38 39 40
26 26 27 29 30 32 34 35 38 40 41
27 29 31 32 33 34 36 37 38 41
28 28 29 31 32 33 34 35 36 37 39 40 42
29 30 31 32 33 34 35 37 38 39 40
30 31 32 33 34 35 36 37 38 40 41 42
31 33 34 35 36 37 40
32 33 34 35 36 37 38 41 42
33 34 36 38 39 41
34 36 37 39 40 41 42
35 36 37 38 41 42
36 38 39 40 41
37 38 40 41 42
38 40 41 42
39 40 41
40 41 42
41 42
42
