#kunkel.py
# GMT Fri Apr 19 01:41:21 2019
# 
0 1 6 7 9 11 12 18 19 20 22 23 24 25 26 28 30 32 33 34 35 36 37 38 39 42
1 3 5 8 13 14 17 18 21 22 23 26 27 28 30 31 33 35 36 37 38 39 40 41 42
2 3 4 5 8 9 14 16 17 20 22 24 25 26 27 28 31 32 34 35 36 37 38 39 40 41 42
3 6 7 8 9 10 11 12 13 16 17 18 19 22 23 24 30 32 33 34 37 38 39 40
4 5 7 8 12 13 15 16 17 18 19 21 23 25 27 28 30 33 34 35 37 38 39 40 41 42
5 7 10 11 12 13 14 15 18 21 26 29 30 31 33 34 35 36 37 38 39 40 41
6 7 8 11 12 13 14 16 19 21 25 26 27 28 29 30 32 33 34 35 37 38 39 40 42
7 8 11 13 14 16 18 19 20 21 24 28 31 35 36 37 38 39 40 41
8 9 10 12 17 19 22 26 27 31 32 33 34 35 36 37 38 39 41 42
9 12 14 15 16 18 20 21 23 24 26 27 28 29 33 34 35 36 37 39 40 41
10 11 12 13 14 15 16 18 20 25 26 27 28 30 32 33 34 35 36 37 38 40 41 42
11 11 12 13 14 16 17 19 20 21 22 24 26 27 29 31 32 33 34 35 36 37 39 40 41 42
12 16 17 23 24 26 29 33 34 35 36 37 38 39 40 41 42
13 15 16 20 25 26 29 30 32 34 35 36 37 38 39 41 42
14 16 17 18 19 21 24 25 27 28 29 30 34 35 36 37 38 39 40 41 42
15 17 19 20 21 22 23 24 27 29 31 32 33 35 36 37 39 40 42
16 16 20 22 23 24 30 32 35 36 37 38 39 40 42
17 19 20 23 25 26 28 29 31 32 33 34 35 36 37 38 39 40 41
18 19 20 21 22 23 25 26 28 29 30 33 37 38 39 40 41 42
19 19 21 22 26 29 30 32 34 35 36 37 38 39 40 42
20 22 24 26 28 29 30 31 32 33 34 35 38 40 41 42
21 21 22 23 25 28 31 32 34 36 38 40 41
22 23 24 25 28 29 30 35 36 37 40 41 42
23 25 26 31 32 33 34 35 36 37 39 40 42
24 25 27 29 33 34 35 36 37 39 41 42
25 26 27 30 31 32 34 35 36 37 38 39 40 41 42
26 28 29 30 31 33 34 35 37 38 39 41
27 28 29 30 31 32 33 34 35 38 39 41
28 31 32 33 34 35 36 37 39 40 42
29 31 32 33 34 35 36 37 38 40 41
30 31 33 34 35 36 39 41 42
31 33 34 35 37 38 39 40 41 42
32 32 33 34 37 38 40 41
33 35 36 37 38 41 42
34 37 38 42
35 36 38 39
36 39 41
37 42
38 39 40 41 42
39 40 41 42
40 41 42
41
42 42
