#kunkel.py
# GMT Fri Apr 19 01:39:44 2019
# 
0 4 7 9 10 13 15 16 19 21 23 24 25 27 28 29 31 32 33 34 35 36 38 40
1 2 4 5 7 9 12 13 16 17 19 20 21 22 24 26 27 28 35 36 37 38 41
2 6 7 9 10 14 15 18 19 21 22 24 25 27 28 29 31 32 33 34 36 37 39 40
3 3 5 9 10 12 13 14 17 18 20 21 24 26 27 28 29 30 32 33 34 35 39 40 42
4 5 6 9 10 12 13 14 17 18 19 21 23 24 25 27 29 30 31 32 34 36 37 39
5 5 8 9 11 12 14 15 16 19 23 27 28 29 31 32 33 34 36 40 41 42
6 32 33 34 37 38 8 9 11 12 13 15 17 19 20 21 23 24 27 28
7 8 10 11 12 15 17 18 20 21 22 23 24 26 27 28 30 32 33 34 35 36 39 40
8 32 34 36 40 41 11 12 14 20 21 22 23 24 25 26 28 39 37
9 11 14 15 18 19 22 26 29 32 34 35 37 38 39 40 41
10 11 13 15 19 20 23 26 27 29 30 34 36 37 38 39 41 42
11 12 13 14 18 19 21 24 25 26 27 30 31 32 33 35 37 42
12 13 14 15 19 22 25 26 28 29 30 31 34 35 37 38 40 41
13 14 16 17 18 20 25 29 30 32 36 38 40 41 42
14 17 18 19 20 21 23 27 29 30 33 35 36 39 41
15 17 20 22 23 26 28 29 30 31 33 34 37 38 40 41 42
16 17 18 19 21 22 23 24 25 28 33 34 35 36 37 38 39 40 41 42
17 32 33 41 42 39 19 21 25 26 27 37 36
18 19 21 22 23 25 28 30 31 32 34 35 40 42
19 20 22 25 27 32 33 34 36 38 42
20 24 25 26 27 28 31 33 34 35 36 37 40 42
21 33 42 32 24 38 28 37 31
22 23 24 26 27 30 31 32 33 35 37 38 41 42
23 26 28 29 32 34 35 37 38 39 42
24 42 40 35 25 27 36 29 31
25 26 27 30 31 32 37 39 40 41
26 28 29 30 31 32 35 36 38 39 42
27 28 29 30 31 33 35 41 42
28 32 36 37 38 40 42
29 32 33 40 42 30 37
30 34 35 36 38 39 40 41
31 33 36 37 39 40 41 42
32 38 42
33 34 36 38 39 40
34 34 35 38 39 41 42
35 37 39 41 42
36 38 41
37 38 39 40 42
38 39 40 41
39 41 42
40 40 42
41 42
42
