#kunkel.py
# GMT Fri Apr 19 01:39:45 2019
# 
0 1 2 7 9 10 11 12 14 15 19 21 22 23 24 27 28 29 30 31 32 36 37 38 41 42
1 2 3 4 6 7 8 9 11 12 14 15 17 20 25 28 29 35 37 39 40 41
2 3 7 8 9 12 14 16 17 18 19 20 21 26 29 30 31 34 36 38 40 41 42
3 8 9 11 13 16 19 22 23 25 26 28 30 31 33 34 35 37 38 39 40 41
4 32 33 38 7 8 41 10 12 16 17 18 20 21 22 23 40 28 37 30 31
5 5 6 7 9 10 12 14 15 17 19 20 21 22 24 25 27 29 30 31 34 36 37 38 39 40
6 6 7 11 12 13 14 15 16 18 22 23 25 26 27 28 30 31 32 35 37 40 41 42
7 8 9 13 16 17 19 22 23 25 28 29 32 34 35 36 37 40 41
8 11 12 13 14 15 21 22 23 24 26 27 29 30 31 33 34 36 37 38 42
9 9 10 14 15 18 19 24 27 28 29 31 32 34 35 36 39 40 42
10 32 34 35 40 42 13 14 15 17 18 20 24 25 26 27 29 30
11 14 17 18 21 24 25 31 32 33 34 35 36 37 38 39 40 41 42
12 13 14 16 17 21 25 26 28 30 31 33 34 39 40 41 42
13 14 19 20 21 24 25 26 28 33 34 35 36 37 38 41 42
14 14 15 16 17 22 24 25 28 33 34 37 38 40
15 16 22 25 27 29 30 31 32 33 37 38 39 40 41
16 17 18 21 24 27 30 33 35 36 38 39 40 41 42
17 19 20 23 24 25 26 27 29 31 33 37 38 39 42
18 21 22 23 24 25 27 29 30 31 33 34 37 38 39 40
19 33 36 38 40 39 34 35 22 41 25 26 27 31
20 21 23 24 25 26 27 30 31 32 33 35 36 37 39 42
21 25 26 27 28 29 30 32 33 34 37 38
22 23 26 27 28 30 32 33 34 35 36 39
23 24 25 26 27 28 29 30 31 32 34 37 40 42
24 30 31 32 33 34 35 36 38 39 40 42
25 30 31 33 34 35 36 38 39 41
26 28 29 32 33 35 38 39 40 42
27 31 34 35 36 37 40 41 42
28 29 30 33 35 36 37 39 40 41 42
29 31 32 33 35 36 39 41 42
30 32 34 39 41
31 32 35 37 38
32 33 34 36 38 40 41 42
33 36 40 41
34 41 42
35 36 40 42
36 37 39 41
37 42
38 42
39 40 41 42
40
41
42
