#kunkel.py
# GMT Fri Apr 19 01:41:57 2019
# 
0 2 3 6 7 9 11 14 15 17 18 19 21 22 23 24 25 26 27 30 31 32 37 39 41
1 2 3 4 6 7 8 9 10 11 12 14 17 20 22 23 25 26 27 28 29 31 32 33 35 37 41
2 5 6 7 8 9 19 20 21 23 25 26 29 30 32 33 34 36 37 38 39 40 41 42
3 5 6 7 14 15 16 18 19 20 21 22 23 26 27 28 31 32 33 34 36 37 38 40 41 42
4 5 7 8 11 15 18 21 22 23 24 25 28 29 32 33 36 37 38 39 40 42
5 33 40 8 41 10 11 13 15 34 17 20 21 22 23 24 36 30 31
6 7 8 10 13 20 21 22 23 24 25 27 28 30 33 34 36 37 38 40 41 42
7 11 12 13 16 17 18 21 22 23 24 28 30 31 32 33 35 36 38 39 41
8 9 11 12 13 14 16 17 21 22 23 27 28 29 30 31 32 33 34 35 36 37 38 39 42
9 9 10 11 12 14 17 18 21 22 24 26 27 28 29 30 33 34 35 39 40 41
10 10 11 13 15 16 17 18 19 20 21 22 23 25 27 28 30 32 35 36 37 38 40 41
11 13 15 16 19 21 22 24 26 27 30 31 34 36 37 38 39 40 41 42
12 13 15 20 22 23 25 26 27 31 32 34 35 36 37 38 39 41 42
13 16 17 19 20 22 23 25 26 28 29 31 32 33 34 35 36 37 39 42
14 15 16 17 18 19 20 21 22 26 27 31 33 34 36 37 40 41 42
15 17 19 21 22 23 25 27 31 34 35 36 37 38 41 42
16 16 18 19 20 21 22 23 24 25 29 31 32 33 34 36 37 39 40 42
17 18 20 21 22 23 24 26 28 29 32 35 36 37 39 40 41
18 20 21 22 23 25 30 32 33 34 35 36 37 41 42
19 20 21 22 24 27 28 29 30 33 36 39 41 42
20 21 22 26 27 29 35 36 37 38 39 40 41 42
21 21 23 24 25 26 27 28 29 31 32 33 34 36 37 39 40 41 42
22 23 25 26 27 28 31 32 34 37 38 39 40 42
23 24 25 26 27 28 31 32 33 34 35 38 39 40 41 42
24 25 27 28 29 31 33 36 37 39 41 42
25 26 29 32 33 35 36 37 39 40 41
26 30 31 34 35 36 37 38 39 40 41 42
27 29 30 32 33 34 35 36 38 39 41
28 29 30 32 35 37 38 41 42
29 31 32 34 36 37 38 39 41 42
30 30 31 33 35 36 37 38 39 40 42
31 33 36 37 38 40 41 42
32 35 37 39 40 41 42
33 35 37 41
34 35 37 38 40 41 42
35 37 38 39 40 41
36 37 38 39 40 42
37 38
38 39 40 41
39 40 41 42
40 42
41 42
42
