#kunkel.py
# GMT Fri Apr 19 01:42:04 2019
# 
0 1 3 4 8 11 13 14 16 17 18 20 21 22 24 25 26 28 29 31 33 34 37 38 39 41 42
1 3 4 5 8 9 10 11 14 15 16 17 18 23 24 28 30 31 32 33 34 35 36 37 38 39 41 42
2 3 5 6 7 9 11 13 14 15 16 17 18 19 20 21 22 23 26 29 30 31 32 33 34 39 40 41 42
3 7 8 10 12 13 15 16 18 19 20 21 22 23 25 26 27 28 31 32 33 34 35 36 38 39 40 41 42
4 10 11 14 15 16 17 18 19 20 21 22 23 24 25 27 28 29 30 33 34 35 36 38 39 41 42
5 6 7 8 9 10 14 16 17 20 21 22 23 24 25 26 27 28 29 30 31 32 34 35 36 37 40 41 42
6 7 8 10 12 13 14 16 17 18 19 21 24 25 26 27 29 30 33 34 36 37 38 39 40 41 42
7 10 11 13 14 15 16 17 19 20 22 24 25 27 28 29 30 31 32 35 36 37 38 39 41 42
8 12 13 14 15 17 18 19 20 21 22 24 25 27 28 29 30 31 34 35 36 37 39 41 42
9 10 12 13 14 15 17 18 19 22 23 24 25 26 27 29 30 31 33 34 35 36 37 39 40 41 42
10 13 15 16 17 18 19 21 22 24 25 29 30 31 33 34 36 37 38 39 40 42
11 13 14 15 16 17 18 19 23 24 25 26 28 29 30 31 35 36 37 39 40 42
12 13 14 15 16 18 19 20 22 23 24 25 26 27 28 29 32 33 34 37 39 40 41
13 15 16 17 20 21 22 23 24 25 29 30 31 32 33 34 38 40 42
14 15 19 20 22 25 26 27 30 32 33 36 37 38 39 40 42
15 16 17 21 22 24 26 27 29 30 31 34 35 37 38 41
16 17 18 20 21 24 25 31 32 34 36 37 38 39 40 41
17 18 19 20 21 23 26 27 28 32 33 34 36 38 40 42
18 19 21 22 23 24 26 28 31 32 33 35 37 39 40 41
19 22 23 25 26 27 30 31 32 34 35 36 38 41 42
20 20 22 24 25 26 27 29 32 33 35 36 37 38 39 40 41 42
21 23 24 27 28 30 31 32 35 36 38 39 40
22 23 24 25 26 27 32 35 36 38 39 40
23 24 28 29 31 32 33 34 37 38 39 40 41 42
24 24 28 29 30 32 33 34 36 37 38 40 42
25 29 32 33 34 35 36 38 40 41 42
26 28 29 31 32 33 34 38 40 41
27 28 32 33 35 37 38 40 41
28 29 30 31 32 33 34 38 39 40
29 31 32 37 38 39 40
30 32 33 35 36 38 39 40 41 42
31 32 33 35 36 37 38 40 41
32 32 35 36 37 38 40 41 42
33 35 36 37 38 39 41 42
34 35 36 38 39 40
35 36 37 38 39 40 41 42
36 38 39 40 42
37 38 39
38 41 42
39 40 41
40 42
41 42
42
