#kunkel.py
# GMT Fri Apr 19 01:39:46 2019
# 
0 0 2 3 4 7 8 11 12 14 16 18 21 22 25 27 28 29 30 31 33 36 37 38
1 6 7 8 9 11 12 17 21 23 24 25 26 27 28 29 30 31 33 34 36 37 40 41
2 3 4 8 9 11 12 14 16 17 19 20 23 24 25 27 28 29 30 31 32 33 36 37 40 41
3 5 6 7 10 13 14 17 19 21 22 23 24 26 27 28 29 30 33 34 36 39
4 5 6 7 10 16 18 19 20 21 22 25 26 27 29 30 31 34 35 37 38 39 41 42
5 9 10 11 14 15 16 17 18 19 20 22 23 24 27 28 31 32 36 37 38 39 41
6 8 10 12 14 15 16 18 20 22 23 24 27 31 33 34 35 37 38 42
7 11 12 13 14 20 23 24 25 26 27 28 29 31 32 33 34 35 37 42
8 10 11 14 15 16 17 19 22 26 27 28 32 33 34 36 38 40 42
9 42 35 33 10 39 12 34 14 15 16 17 19 20 22 24 26 29 31
10 32 33 13 37 18 19 41 22 23 25 26 27 28 29 35
11 14 15 18 19 21 22 24 26 28 29 30 35 37 39 40 42
12 13 15 16 17 18 20 21 24 25 27 30 31 34 35 36 38 41 42
13 32 37 40 41 39 14 15 17 18 35 20 21 25 27 42 30 31
14 32 38 34 18 41 39 33 27 28 29 30
15 16 18 21 22 23 24 25 26 27 28 29 31 35 39 40
16 20 23 25 26 27 30 31 32 36 38 39 40 42
17 18 19 20 21 23 25 26 27 29 32 33 35 37 38 39 41 42
18 19 20 23 24 26 30 33 36 38 39 40 41
19 20 21 25 27 29 30 31 34 35 36 40 42
20 22 26 27 28 32 34 35 36 40 41 42
21 23 26 28 30 31 32 33 36 37 38 39 42
22 23 24 25 26 28 29 30 32 33 37 38 39 40
23 25 26 27 29 30 32 33 35 36 40 42
24 25 26 29 31 32 33 34 38 39 40 41
25 26 30 32 34 36 37 41 42
26 27 31 34 35 38 41
27 27 28 32 40
28 28 31 32 34 35 36 37 38 39 40
29 32 34 35 36 38 40
30 31 32 37 38 39 40 41
31 32 33 37 38 40 42
32 34 35 36 37 39 40 42
33 34 35 38 39 40 41 42
34 35 36 39 40 42
35 38 39 41
36 37 38 39 41 42
37 41 42
38 42
39 41
40 40 41 42
41
42
