#kunkel.py
# GMT Fri Apr 19 01:42:19 2019
# 
35 6 27 36 16 18 1 25 28 3 22 30 10 33 9 37 39 24 23 5 40 7 41
38 6 27 17 36 20 18 32 1 0 25 28 30 16 12 19 37 39 24 23 31 7 42 8 4
6 36 20 16 11 18 13 22 30 10 12 19 37 39 34 31 26 7 14 15 8 41 5
27 36 20 26 21 25 28 3 22 30 10 12 39 24 11 40 7 14 15 4 13 2
17 30 16 13 19 9 37 31 26 40 11 7 1 33 41 15 10 4 3 12 2
26 14 10 12 9 29 34 23 20 16 40 5 32 1 19 15 28 13 33
20 36 0 25 32 13 22 33 29 39 24 23 31 11 21 41 3 34 2
36 5 32 13 30 16 12 19 9 29 24 11 37 14 15 8 4 34
11 28 1 0 32 13 30 33 19 39 24 31 5 40 14 42 8 4
16 28 0 32 41 13 10 12 9 39 24 23 7 14 15 4 3
18 18 1 42 25 32 12 13 10 33 19 9 39 24 23 31 5 14 0 41 4 3 34
32 1 21 32 3 22 10 33 29 24 23 40 7 37 42 4 13 5
1 5 28 21 13 22 30 10 19 9 29 24 40 14 15 8 2
42 5 0 4 3 30 10 12 37 39 24 23 40 29 14 15 8 41 13
25 22 19 39 34 23 40 14 12 15 8 28 21 13 33 24 3
28 0 12 13 30 10 33 19 9 29 39 34 31 40 21 8 5
21 21 3 22 30 12 19 9 29 31 7 37 14 15 41 13 2
4 5 22 30 33 19 9 29 34 23 31 7 8 2
3 33 30 10 12 37 34 23 5 7 14 15 8 2
22 12 9 29 31 34 5 40 24 15 2 41 33
30 5 0 12 10 33 9 29 34 23 7 15
10 9 37 24 31 40 7 14 8 41 2
33 0 13 19 37 39 24 40 7 8 34 2
15 5 0 19 9 37 24 31 40 13 34 2
19 5 12 29 24 23 31 7 14 0 41
9 12 37 24 31 23 8 2
37 0 12 13 29 39 34 31 40 7 8 41
39 5 13 34 23 29 14 0 41 2
24 12 34 31 40 7 14 0 41 5
23 41 13 29 34 31 40 7
31 41 34 7 29 14
5 5 41 13 12 8 2
40 34 14 0 8 2
7 13 29 0 8 2
29 12 14 0 8 41 2
14 0 13 34 2
0 8 41 34 2
12 8
8 41 2
41 13
13 2
34 2
2 2
