#kunkel.py
# GMT Fri Apr 19 01:42:20 2019
# 
35 6 27 17 16 18 1 33 0 25 21 4 13 30 10 12 19 9 31 26 40 7 14 42 15 41
39 6 27 17 26 18 32 33 25 28 3 22 10 12 19 9 29 24 5 7 14 15 41 13
38 6 17 16 18 1 21 28 4 3 30 10 9 29 31 40 37 14 42 15 8 41 2
6 6 26 36 5 28 33 32 13 22 16 12 19 9 37 34 31 11 21 15 3
27 16 36 9 29 34 23 20 5 10 7 42 0 41 15 28 21 2 24 13
17 17 36 26 1 33 25 13 22 30 10 12 19 24 23 31 11 7 14 15 2
36 20 26 1 42 25 28 21 13 30 16 33 9 23 31 11 14 0 15 8 4
20 22 30 19 9 29 24 31 11 40 26 7 37 21 32 28 5 41 42 3
16 5 18 25 3 22 30 12 37 24 23 11 40 29 14 4 13 34
18 32 21 28 4 22 10 12 37 34 23 11 40 7 14 0 15 8 41 2
32 0 28 33 22 30 12 19 9 37 24 26 40 7 14 21 8 34 2
1 42 25 28 13 22 10 33 19 9 29 34 31 5 40 7 37 4 2
33 26 21 25 28 3 22 10 12 37 23 5 7 29 14 0 2
0 21 25 28 13 22 10 9 29 24 31 11 40 37 14 8 2
25 42 25 4 22 12 9 29 24 11 40 37 21 15 8 41 3 2
28 4 12 13 19 29 23 11 7 37 8 41 3
21 3 22 10 19 29 23 31 26 40 7 42 8 13
4 5 42 3 22 19 9 29 24 23 31 11 40 15 8 34
13 42 3 22 30 24 23 5 15 8 34 2
22 10 12 34 31 26 42 15 41
30 5 3 10 12 19 29 23 31 11 40 15 8 41 2
10 42 9 37 24 23 11 40 14 8 34
12 42 3 9 29 34 31 11 37 41 2
19 26 5 3 9 37 34 23 11 8 41 24
9 37 24 23 7 29 14 8 41 34
29 5 11 3 34 26 7 14 15 8 2
11 3 11 23 31 26 40 37 42 41 2
34 42 23 31 26 40 14 15 41 3 2
23 37 24 31 14 15 5
31 5 42 3 37 7 14 15 2
26 5 42 3 24 40 37 14 15 8 41 2
40 3 37 24 7 15 41
7 42 3 24 5 37 15 8 41
37 42 24 15 5 2
14 42 15 41 8
42 8 41 24
15 41 2
8 2 5
41 5 2
3 5
5 24 2
24 2
2 2
