#kunkel.py
# GMT Fri Apr 19 01:42:20 2019
# 
35 27 20 5 18 1 32 4 13 22 30 33 9 29 11 23 31 26 7 14 41 3 2
38 22 16 23 6 17 9 29 39 36 20 11 18 28 1 42 0 8 32 21 5 4
6 27 17 36 20 16 1 42 25 32 4 13 30 10 12 9 37 39 31 5 7 8 41 3
27 36 5 28 0 32 13 22 16 12 39 34 23 31 11 14 15 8 4 3 2
17 36 26 21 25 13 22 10 33 9 29 23 31 5 40 7 14 42 8 4 3 2
24 36 20 18 21 13 22 30 10 12 19 9 37 39 24 23 11 40 7 29 14 15 8 3 2
36 20 16 26 1 21 32 22 10 12 19 29 39 23 31 11 14 15 4 5 34
20 26 32 0 28 18 33 22 10 12 9 37 11 40 7 14 42 15 13 34 2
10 30 16 33 3 37 39 26 11 7 42 0 25 28 18 5 13
37 5 1 0 25 28 3 22 30 12 9 29 39 23 31 26 7 8 4
18 16 5 1 21 25 32 3 22 19 39 31 11 15 8 41 13 2
28 16 21 32 12 13 22 30 33 9 39 34 23 5 40 42 41 3 2
1 21 25 32 13 22 30 33 39 23 31 40 7 29 14 42 15
26 30 12 19 31 34 5 14 21 0 15 39 41 8 25 13
0 5 42 25 13 16 33 9 39 34 23 31 40 7 29 14 21 41 2
25 32 4 13 22 30 19 9 34 23 31 40 29 14 41
32 42 12 3 22 16 33 34 11 7 14 8 13 2
21 42 13 22 30 16 9 31 11 7 14 15 4 34 2
4 33 3 30 12 19 39 34 40 7 14 15 8 2
3 5 19 9 34 31 11 40 29 14 15 41
22 22 30 16 33 19 23 5 7 8 41 2
30 42 13 33 39 23 31 14 15 41 34 2
16 33 19 29 39 34 23 31 11 40 14 41
33 11 13 29 31 5 40 7 14 15 8 41
19 5 42 41 12 19 29 31 40 7 15 8 13 34 2
9 31 5 42 11 29 14 15 41 34
29 39 23 11 42 7 41 34
11 42 12 23 40 8 41 34
34 42 12 39 7 15 2
23 42 13 12 39 40 7 15 8 41 2
31 42 12 40 7 15 8 2
5 12 40 7 15 8 41
40 42 12 7 14 8 13
7 12 7 15 2
12 42 39 41 2
14 39 15 8 41 2
42 39 15 8
15 8 41 13
39 2
41 8
13 8
8 2
2
