#kunkel.py
# GMT Fri Apr 19 01:42:21 2019
# 
35 6 36 5 28 1 21 25 32 18 13 22 10 12 19 9 39 23 11 40 7 14 41
38 6 18 28 1 21 32 4 3 30 12 19 37 39 24 23 31 26 40 7 29 0 15 8 41 2
6 17 20 5 11 28 21 32 12 3 22 30 16 33 19 29 39 26 40 42 15 8 41
27 17 36 26 0 25 28 4 13 22 30 16 12 9 29 39 24 5 40 7 42 15 41 2
17 16 18 1 33 25 4 3 22 10 12 9 37 39 24 23 26 7 14 21 41 5 34 2
26 10 9 29 39 8 20 5 42 37 14 21 0 15 25 1 13 2
36 18 28 1 33 25 32 4 42 13 30 10 12 19 37 39 34 5 40 29 21 8 41 3 2
20 5 1 42 28 41 3 22 30 10 12 37 24 23 31 7 21 15 8 4 34 2
16 18 12 28 3 30 10 33 19 9 39 24 5 40 7 14 15 41 34 2
5 30 39 34 40 11 7 1 19 0 8 10 41 13
28 10 18 1 12 30 33 9 37 34 11 40 14 15 41 2
1 18 42 21 3 22 33 9 29 39 24 23 40 14 0 4 13
21 25 32 3 22 30 10 12 19 29 34 23 11 15 13
25 4 18 25 32 12 13 22 30 33 37 34 31 7 14 0 15 41 3
32 18 42 0 22 10 33 19 9 29 39 24 23 11 37 14 34 2
18 10 0 3 30 12 9 34 31 11 7 14 8 2
33 10 0 22 30 19 29 24 23 31 7 37 8 4 2
4 3 30 10 12 19 29 39 24 31 11 40 14 15 8
42 13 30 10 12 29 24 23 31 40 7 37 14 15 34 2
13 19 9 29 39 24 31 40 15 41 2 8 3
22 10 29 39 24 23 40 7 15 41 8 3
30 37 39 24 23 31 11 7 14 8 34
10 0 12 9 39 24 40 15 34
12 41 3 9 39 23 31 11
19 41 3 29 39 34 7 37 14 0 24 2
9 11 0 37 39 23 31 40 29 15 41 3
37 3 39 24 23 31 11 7 14 0 15 41
39 0 31 8
24 3 34 11 40 14 8 2
23 31 14 29 0 8 41 2
31 3 34 31 11 40 7 29 41 15
11 41 3 29 14 0 15 8 2
40 41 7 14 0 34
7 34 29 0 15 2
29 34 14 8
14 41 0 15 8 2
0 3 34 8 41
15 8 2
8 41 3 34
41 34
3 3 34 2
34 34 2
2
