#kunkel.py
# GMT Fri Apr 19 01:42:22 2019
# 
35 34 38 6 27 24 23 20 11 18 7 1 33 0 15 32 4 13 5 41 36 2
38 6 27 36 5 11 21 25 28 18 3 22 30 10 33 9 24 31 26 40 42 8 4 34
6 17 18 32 1 0 25 28 22 10 12 9 37 39 24 31 5 7 21 15 41 34 2
27 10 5 1 42 25 12 3 30 16 33 19 9 39 24 31 26 7 15 4 2
17 26 36 20 11 42 32 21 3 22 30 10 29 39 23 5 7 14 0 15 41 13 2
16 36 20 18 1 0 25 28 3 22 10 33 37 24 31 5 40 7 14 42 15 41 13 2
26 21 25 28 12 13 22 33 19 37 39 34 23 31 5 40 42 8 41 2
36 18 1 0 32 3 30 12 19 9 29 24 23 31 11 14 15 41 34 2
20 20 10 18 32 0 28 12 3 33 9 29 39 34 31 40 7 37 21 15 41 13
5 10 32 1 0 28 30 33 19 9 29 39 23 31 11 37 42 8 41
18 4 29 39 14 32 1 21 0 15 8 28 41 2 12 3
28 30 19 37 34 23 31 40 7 1 21 15 32 11 2
1 10 21 3 30 12 19 29 24 40 7 14 15 41 13
0 42 25 4 13 30 12 19 39 34 23 11 14 8 41
25 42 32 12 13 22 30 33 9 29 24 23 11 40 7 15 3
32 42 3 22 33 19 9 39 24 23 11 40 14 13 34 2
41 22 33 19 30 31 24 40 7 8 10
42 10 13 22 30 33 9 29 23 31 40 37 14 8
13 11 3 12 19 9 29 39 31 7 37 15 8 4 2
22 33 30 12 29 39 24 37 21 15 8 4 34 2
30 12 9 29 39 24 31 40 7 37 34 2
10 10 4 3 12 19 9 29 39 34 23 11 7 14 21 15
33 4 3 12 19 29 24 11 7 37 14 21 15 34
19 4 21 12 19 9 29 39 24 11 40 8 34
9 3 12 29 24 23 15 8 4 34
37 29 31 24 12 7 14 8 21 3 34
39 3 12 31 40 7 14 15 4
34 11 3 31 29 14 15 8
23 21 3 12 29 40 7 14 15 8 2
31 11 4 12 24 14 21 15
11 12 3 40 7 14 15 8 4 2
40 3 7 21 15 8 4 2
14 21 12 24 29 15 8
7 4 29 8 2
12 24 29 21 2
29 29 8 4 2
21 24 4 2
15 8 4
8 4 24 2
4 3 4 2
3 24
24
2
