#kunkel.py
# GMT Fri Apr 19 01:42:22 2019
# 
35 17 36 20 1 0 25 41 3 16 33 19 9 29 34 31 11 7 37 14 15 4 13
38 27 17 36 20 18 0 13 30 10 12 19 9 29 39 24 23 5 40 7 15 41 34 2
6 27 36 5 32 1 0 28 13 22 30 16 12 19 9 29 24 23 31 11 7 14 21 4 34
27 17 28 1 0 25 32 3 30 10 33 19 9 24 23 26 40 7 21 15 34 2
17 36 16 18 28 21 25 32 33 22 10 12 9 29 34 23 31 40 37 4 13 2
26 20 16 18 28 1 42 32 41 3 22 10 29 39 34 31 5 7 14 8 4 13
12 22 16 9 29 39 11 40 18 7 21 15 25 32 4 3 41 42 13
36 36 20 16 18 1 42 28 21 3 10 33 19 29 39 11 40 37 0 8 4 5
20 20 16 0 3 22 10 19 9 39 24 31 40 7 14 8 4 13 34 2
10 5 42 25 18 3 30 33 19 29 23 11 14 0 15 8 4
18 11 1 0 25 32 41 3 30 9 39 24 31 15 8 4 34 2
32 16 9 29 11 34 40 1 0 15 8 14 41 5 24 33
1 21 25 13 30 33 9 37 39 24 31 5 40 42 8 4
0 21 25 13 30 19 37 39 24 23 11 7 14 42
25 5 42 3 22 30 29 39 24 23 11 7 37 14 13 34 2
28 30 16 9 37 24 31 11 7 29 21 15 3 41 13 34 2
41 5 33 3 22 19 9 29 34 23 40 7 37 14 42 24
42 16 5 33 22 30 37 23 31 40 7 29 8 4 2
3 33 3 30 19 29 39 24 31 40 7 14 21 8
22 33 13 30 16 19 37 39 34 40 7 14 15 8 2
30 21 33 9 37 39 31 15 8 4 13 2
16 11 19 37 39 24 23 7 14 21 15 8 2
33 19 9 39 24 23 31 11 40 14 21 15 8 13 34
19 21 9 29 24 23 5 15 4 13 2
9 5 29 39 11 40 14 15 4
29 5 37 39 24 31 21 15 8 2
39 24 23 31 7 37 14 4 2
34 5 37 24 23 40 15 8 4
23 23 31 5 7 14 15 8 4 24
31 11 5 13 37 14 15 2
11 37 24 40 7 14 8 4 13 2
40 37 24 7 21 13
7 5 21 15 4
37 5 14 15 8 4
14 21 8 4 5 2
21 15 8 4 13 2
15 5 8
8 8 13 5 24
4 13 24 2
13 2
5 24
24 2
2
