#kunkel.py
# GMT Fri Apr 19 01:42:23 2019
# 
35 38 27 36 20 16 18 28 1 42 25 32 30 10 12 19 29 34 23 31 11 21 15 5 24
38 36 42 0 25 4 13 16 19 29 39 34 23 31 26 7 37 14 21 15 8 41 3 2
26 36 20 10 5 1 25 28 13 30 16 12 19 9 37 39 34 11 7 14 8 4
27 16 12 6 17 37 39 36 20 11 40 18 14 21 0 8 28 1 41 25 2
17 6 20 18 28 33 25 32 4 22 30 10 12 19 29 39 34 23 31 11 40 41 24
36 6 18 28 1 0 25 32 12 13 10 33 39 23 40 14 15 4 3
20 6 18 1 42 25 13 22 16 33 19 9 39 34 23 7 0 15 8 41 24 2
16 11 42 25 32 12 13 22 30 16 33 19 9 39 24 40 7 4 3 2
18 42 28 3 22 30 10 19 9 29 23 11 40 7 37 14 15 8 41 2
32 6 5 1 0 25 28 13 30 19 9 37 23 31 11 7 15 41 3 2
1 5 13 22 12 19 37 39 34 23 31 40 7 29 14 15 3
42 4 6 21 28 12 3 22 10 33 37 39 31 5 7 14 15 41
0 21 28 33 22 30 10 12 9 29 34 31 5 7 37 14 8 41 24 2
25 5 4 3 22 12 37 11 24 23 31 7 29 14 15 41
28 5 21 3 33 9 37 23 31 40 7 4 13 2
6 12 3 30 10 33 19 9 29 34 11 7 14 15 8 41 13 2
33 41 3 22 30 19 37 39 34 23 31 29 14 4 24 2
4 4 12 13 22 10 19 37 24 23 31 40 7 14 41
13 11 21 3 22 10 19 29 24 14 15 8 13 5 34 2
22 5 21 22 19 9 37 34 31 11 40 14 15 3 2
30 3 10 19 9 29 24 23 31 40 8 41 5 2
10 9 37 39 34 11 40 29 15 8 3 24
12 21 9 37 39 34 31 40 29 14 2
19 21 3 29 34 31 11 37
9 39 24 23 7 14 15 21 41 2
29 37 39 34 31 7 29 14 3 24
39 11 3 24 40 15 8 41 34
34 5 24 7 15 8 41
23 37 11 24 14 7 21 2
31 21 24 11 15 8 2
11 21 37 24 7 8 41 5
40 24 21 15 8 41 2 5 3
7 5 21 3 15 8
37 5 21 24 15 41 2
14 21 24 15 8 2
21 24 15 8 41 3
15 5
8 5 8 41 3 24
41 3 5
3 24 5 2
5 24 2
24
2
