#kunkel.py
# GMT Fri Apr 19 01:42:24 2019
# 
35 17 36 20 0 25 32 13 22 10 19 9 29 24 23 31 11 40 7 37 14 21 8
38 22 30 16 12 6 17 9 39 34 23 20 10 42 11 0 36 15 8 41 18 25
6 13 36 20 28 21 32 33 22 10 12 9 29 24 23 31 11 40 7 37 14 15 4 3
27 27 16 11 28 0 25 32 41 3 30 10 9 37 39 24 23 31 26 7 14 42 4 13 2
17 36 16 26 42 25 32 41 3 22 10 33 19 9 29 24 31 11 40 7 14 15 4
16 36 5 18 1 21 28 13 22 16 19 37 24 23 31 11 40 7 14 42 34 2
33 22 30 10 19 9 37 24 23 14 42 11 7 1 21 15 8 41 5 25
20 36 5 1 21 32 41 3 30 10 12 19 9 24 23 26 42 7 14 0 4 13
5 30 10 12 19 9 29 39 34 14 7 1 42 36 15 23 28 4 13
11 1 28 3 22 12 39 34 31 7 14 0 15 8 4 13
32 36 1 21 25 22 30 19 39 24 31 26 14 15 8 4 34 2
1 28 26 25 3 22 10 9 29 39 24 40 7 37 42 15 2
42 0 25 28 22 12 29 39 34 23 31 26 40 14 21 15 8 13
25 30 3 29 34 36 31 26 18 7 28 41 13 2
28 36 10 0 4 3 22 30 19 37 24 31 26 41 34
21 13 30 12 19 37 39 34 23 31 26 40 14 8 41 2
18 36 0 41 3 22 10 12 19 9 29 34 23 37 14 15 8 4 13 2
41 22 10 29 39 24 36 7 37 15 4 34 2
3 0 13 22 10 12 19 29 23 26 40 7 14 2
22 36 30 12 29 24 7 37 14 8 2
30 36 0 13 9 29 39 24 23 40 37 14 15 2
10 9 37 23 40 7 15 8 2
12 0 19 9 37 39 24 26 40 7 15 8 34 2
19 39 23 31 7 14 0 15 8 4 2
9 13 31 36 40 29 0 2 24
29 26 4 39 24 40 7 15 13 34
39 36 23 31 26 40 7 0 8 4 2
24 0 34 23 31 26 40 37 2
23 36 7 15 8 13 2
31 37 26 7 15 2 13
26 36 0 34 14 8 4 13
40 36 37 15 4 13 34 2
7 8 2
37 36 14 8 4 13
14 34 14 0 8 4 2
0 34 15 4 2
36 34 8
15 8 4 13 2
8 34 4 13
4 34 2
13 13 2
34 2
2
