#kunkel.py
# GMT Fri Apr 19 01:42:26 2019
# 
35 38 6 17 26 20 18 42 32 4 13 22 10 12 19 29 24 31 11 37 8 41 34 2
38 6 17 36 20 18 28 0 25 32 3 22 30 16 12 29 40 7 37 42 4 13
6 22 16 27 19 9 37 31 36 20 26 7 29 14 0 15 28 21 41 13
27 20 11 1 0 28 33 22 30 16 12 9 29 24 23 31 5 40 7 21 15 8
17 10 5 28 1 21 32 33 30 16 12 19 29 23 31 26 37 14 42 15 8
26 1 42 25 32 21 30 16 33 37 39 24 31 5 40 14 0 15 4 2
33 22 16 12 37 39 24 31 40 10 28 29 21 15 25 32 11 41 13
20 36 18 1 42 0 25 28 10 12 9 29 34 23 11 40 7 21 8 2
16 36 18 42 25 32 12 3 10 37 34 23 31 14 0 41 2
18 1 0 25 32 3 30 12 19 37 39 34 11 40 7 14 21 15 8 41 2
28 36 11 32 13 30 12 19 9 37 39 34 31 5 14 21 15 41 2
1 11 36 5 21 25 3 22 30 12 19 29 39 24 23 31 7 37 14 15
42 10 11 30 12 19 37 39 24 23 40 7 14 8 41 34 2
0 10 0 25 32 3 19 9 37 39 24 23 40 14 15 8 4 5
25 22 10 12 19 29 39 34 23 31 11 7 21 15 8 13
32 10 11 21 41 3 30 9 34 23 40 7 8 4 13 2
41 10 3 22 30 19 9 29 39 5 7 14 15 4 13 2
13 36 21 4 10 19 39 24 23 11 40 7 14 15 8 34
22 36 21 4 30 19 9 37 39 24 23 31 40 7 8 34 2
30 5 11 30 10 29 34 23 31 40 14 15 8
10 36 10 12 3 19 9 29 23 31 40 37 15 2
12 36 19 9 24 40 21 15 8 4 34
19 5 4 3 19 9 37 24 23 11 40 34
9 36 11 37 39 24 5 40 7 29 14 34
29 21 4 37 39 23 31 5 40 14 2
39 34 36 8 37 14 21 24 2
24 3 36 31 40 14 15 21 2
23 5 3 34 11 40 37 8
31 3 40 15 8 4 34 2
11 36 3 5 14 15 8 4
40 36 5 21 15 4 2
7 3 37 34 36 5 15 2 8
37 21 15 8 4 5
14 4 3 34 8 2
21 3 5 4 34
36 5 8 4 3 34 2
15 5 8 3 34
8 4 2
4 5 3 34
3 3 5 34 2
5 34 2
34
2
