#kunkel.py
# GMT Fri Apr 19 01:42:28 2019
# 
35 38 6 27 16 18 32 1 21 25 28 3 22 10 12 9 29 39 23 14 42 41 13
38 22 6 27 30 29 31 24 36 20 26 40 5 28 0 9 39 32 21 13 2
6 17 36 18 1 21 32 4 3 22 30 10 12 9 37 34 31 11 40 14 42 15 8 41 13 2
27 17 18 1 25 28 4 3 30 10 33 9 29 34 23 31 26 7 37 8 41
17 20 16 18 1 0 25 32 22 30 10 12 19 29 23 31 5 40 42 15 4 2
11 33 20 10 18 1 42 25 13 16 12 19 37 39 34 23 31 40 7 0 8 3 2
36 22 10 29 31 24 23 20 5 40 18 14 42 33 28 4 13 12 26 3
20 16 12 29 34 23 40 42 7 37 0 15 25 32 28 13 4 3
16 16 42 18 41 3 30 10 33 9 29 24 23 31 26 7 37 14 8 4 5 2
18 5 1 0 25 32 12 13 30 33 9 39 23 15 8 41
32 5 42 12 3 22 30 10 33 19 29 24 23 26 37 8 41 34
1 5 42 25 28 12 19 9 24 23 31 40 14 15 41 34 2
21 26 33 0 3 10 12 19 37 39 24 23 31 5 7 42 15 8 4 2
0 5 42 25 28 13 22 30 12 19 9 39 24 23 26 15 8 41 3 34
25 4 5 42 12 3 30 33 29 39 31 40 7 14 41 13
28 26 42 4 3 10 9 29 39 31 5 7 37 14 15 8 41 2
33 41 3 22 30 10 9 29 24 40 14 15 8 4 5
4 22 23 37 31 24 5 40 19 8 42 2
3 26 10 29 24 31 7 15 41 5 2
22 41 22 30 10 12 9 37 39 24 31 26 7 14 15 34 2
30 30 19 9 37 39 23 26 40 7 42 15 8 2
10 5 9 37 39 24 23 26 15 8 13 34
12 19 9 29 39 34 31 26 7 14 8
19 14 37 24 23 31 42 26 29 15 5 41 13
9 37 39 24 31 42 7 15
29 13 37 39 24 23 40 15 8 2
39 13 24 23 26 14 41 34 2
24 13 34 7 14 15 2
23 41 34 31 37 14 2
31 5 26 7 15 2
26 42 37 40 14 8 13 2
40 14 34 42 37 15 13 41 2
7 5 42 13 37 14 15 41 34 2
37 34 8 5
14 13 42 8 41 34
42 5 34 8
15 8 41 13
8 13 2
41 34 5 41 13 2
13 34
5
34 2
2
