#kunkel.py
# GMT Fri Apr 19 01:42:28 2019
# 
35 12 6 37 39 34 36 20 26 40 7 1 21 15 8 28 41 2 33 24 42 13
38 6 36 20 18 1 21 12 3 30 10 33 19 37 39 34 5 40 7 14 0 15 8 4
6 27 36 5 32 1 42 25 28 18 4 3 30 19 9 24 31 11 0 8 41 2
27 16 12 3 17 9 39 24 23 20 26 40 5 0 36 25 32 4 2 18 13
3 17 36 16 18 1 42 13 22 30 10 9 37 34 23 31 7 21 4 2
16 22 10 12 17 9 39 24 23 31 14 19 7 28 1 21 20 4 18 41
11 17 36 28 1 33 32 4 13 22 10 12 19 9 39 34 31 26 7 15 41 2
36 17 5 26 0 25 18 22 10 12 37 24 29 14 15 41 34
20 17 1 21 25 32 4 13 30 33 9 23 31 26 40 14 42 15 8 41
5 30 9 29 31 14 7 1 42 0 15 8 28 41 33 12 25 2
18 10 1 42 32 22 12 9 29 39 24 23 26 37 15 13 34
32 17 26 42 21 13 30 33 9 37 39 24 23 31 29 14 0 15 8
1 17 10 26 25 13 12 29 34 23 14 21 15 8 2
21 17 10 42 4 9 37 34 40 7 29 0 15 8 41 24
0 17 29 39 34 26 7 37 15 8 28 33 41 25 19
25 22 30 10 33 17 9 24 40 26 7 19 23 34 42
28 17 26 42 13 22 33 9 29 39 23 31 40 14 15 4 2
4 10 42 22 30 33 19 9 37 39 26 29 14 8
33 19 17 9 31 24 23 42 7 40 8 13
22 17 42 13 30 19 9 29 24 23 31 26 40 15 8 41 2
30 17 26 41 12 19 9 37 24 31 40 14 15 13 2
10 17 42 41 12 19 37 39 31 40 15 8 2
12 42 13 9 29 39 24 23 26 40 7 37 15 8 41
17 29 39 34 23 7 37 15 8 41 13 2
19 41 13 37 39 24 23 31 40 15 34 2
9 37 34 26 40 7 14 41
37 42 29 34 23 31 40 37 14 41 2
39 42 41 39 23 31 26 7 14 8 2
34 42 24 23 31 26 7 29 14
23 29 23 26 14 8 41 24 2
31 26 42 31 40 7 14 15 8 24
26 13 7 2
40 13 7 8 14 2
7 29 14 15 8 13 2
29 14 42 15 24 2
14 41 13 15 24
42 15 8 13 2
15
8 41 2
41 13 24 41
13 24
24 2
2
