#kunkel.py
# GMT Fri Apr 19 01:42:28 2019
# 
35 38 36 20 10 11 32 21 28 22 30 16 33 19 29 39 24 23 26 7 15 8 4 5
38 6 36 20 0 25 28 41 13 30 33 9 29 24 23 5 7 14 8 4 3 34
6 6 27 17 36 5 42 25 13 30 16 12 19 9 11 24 26 15 8 4 3 34 2
27 27 26 20 5 1 0 18 4 13 22 30 12 9 37 39 24 23 11 7 15 41 34 2
17 18 1 42 25 28 21 13 16 12 9 29 39 23 5 40 7 0 15 8 4 3 2
36 0 25 28 13 22 30 10 33 9 29 24 31 11 40 37 14 15 4 34 2
20 16 18 1 21 25 32 33 30 10 12 9 29 39 23 11 40 0 8 4 3 2
10 5 26 0 25 18 3 22 30 16 12 19 9 24 31 11 14 42 15 41 2
37 28 1 0 25 32 3 22 30 16 19 9 29 39 24 23 5 14 15 41 13
11 32 42 28 3 30 16 19 9 29 39 26 7 15 8 41 13
32 5 1 42 18 41 3 33 19 34 23 31 26 14 21 15 4 24 2
1 28 42 25 13 22 16 12 34 23 31 5 40 29 14 8 41 2
21 12 28 13 30 33 9 39 24 31 26 40 7 14 42 15 8 34 2
40 28 4 13 30 16 33 19 9 29 24 26 7 12 14 8 41 2
25 22 30 19 39 26 18 29 33 2 23 4 13 3
28 18 42 13 22 12 9 39 24 23 31 26 0 8 41
18 42 16 12 19 29 24 23 31 26 7 0 15 8 4 34 2
41 5 26 12 3 30 33 29 24 23 31 7 42 15 8 4 13 2
3 22 16 19 24 23 26 29 14 0 5 34
22 9 39 34 23 26 14 7 29 42 15 8 2
30 4 16 12 19 24 31 26 7 14 42 34
16 12 33 9 23 31 14 0 15 4 13 2
33 5 12 19 9 39 24 23 26 7 0 15 34
19 42 12 9 34 23 29 14 0 15 8 4 13 2
9 5 34 7 14 0 4
29 5 0 12 39 31 26 42 15 8
39 42 0 12 13 24 31 26 7 14 15 4 34 2
24 12 34 23 31 15 8 24 2
23 12 4 26 14 42
31 14 42 7 0 8 5 34 2
26 34 14 4
42 5 4 13 7 14 0
7 5 13 34 0 8 2
12 13 15 34
14 0 15 8 13 2
0 5 4
15 4 13 15 5
8 5 34 2
4 34 2
13 2
5 2
34
2
