#kunkel.py
# GMT Fri Apr 19 01:42:29 2019
# 
35 27 20 11 1 42 25 28 4 13 22 10 12 29 24 26 40 7 37 15 41 3 2
38 6 17 36 20 26 1 42 25 32 18 4 13 16 33 19 9 34 31 11 40 15 8 41 2
6 22 30 10 19 9 37 34 23 20 26 40 11 7 14 12 15 25 8 42 33
27 17 36 5 11 1 0 28 18 33 30 16 12 19 9 24 23 26 40 42 15 4 2
17 16 18 1 21 25 32 22 10 33 24 23 31 11 40 7 14 42 15 5 34
36 18 1 21 25 28 13 22 30 10 33 29 34 11 40 7 37 42 8 41 3 24 2
20 30 10 19 29 39 24 31 5 7 14 33 0 15 8 32 21 34 2
16 11 18 42 28 13 30 10 12 19 37 39 24 23 31 5 29 21 41 2
11 30 9 37 24 26 40 18 19 21 0 8 10 4 13
32 18 42 25 28 21 13 22 10 12 19 9 37 24 5 40 7 29 0 8 41 3
1 21 25 4 3 10 12 19 29 39 23 31 5 37 0 15 41 2
42 10 28 0 25 13 30 12 9 29 39 34 31 5 14 4
25 25 13 30 10 12 19 37 39 24 23 31 26 40 0 3 2
28 18 21 4 22 30 33 19 9 29 23 31 26 7 37 8 41 2
21 0 22 30 12 9 29 39 34 23 31 37 14 15 2
18 9 29 31 26 40 7 12 15 10 4 2 37 3
33 5 13 30 10 19 29 39 24 31 26 37 14 15 8 3 2
4 13 22 30 10 12 9 29 39 34 23 31 7 15 8 41 2
3 5 13 19 9 37 39 24 23 31 26 40 7 14 15 41
22 5 13 10 12 9 37 39 24 23 26 40 14 8 41
30 12 13 19 39 24 40 7 0 15 2
10 13 19 29 24 0 8 2
12 19 9 31 14 39 0 41 8
19 5 0 13 9 29 34 23 40 7 14 15
9 5 0 29 34 37 14 8 24
29 13 37 39 24 23 40 14 0 41
39 5 0 41 39 24 31 26 7 14 34
24 34 31 40 7 15 8 41
23 13 23 31 40 7 37 14 0 15 8 2
31 5 0 26 40 7 14 8 13
26 37 34 5 40 7 14 15 8 41 2
40 5 0 15 8
7 0 37 14 15 41 34 2
37 13 34 0
14 13 34 8 41 2
0 5 0 34 41 2
15 5 13 41 34
8 2 5
41 5 34
13 34 5
5 34 2
34 2
2
