#kunkel.py
# GMT Fri Apr 19 01:42:29 2019
# 
35 38 6 27 17 26 36 18 28 1 0 25 32 12 13 16 33 19 9 29 23 31 11 7 15 8 2
38 38 6 17 18 1 21 25 28 12 13 22 33 19 9 29 34 31 5 40 14 0 15 8 4
6 6 10 18 1 4 13 22 16 33 19 9 37 39 24 23 26 40 8 41 5 34 2
27 17 36 16 5 1 21 13 22 30 10 12 19 9 24 26 40 14 0 15 4 34
17 30 16 9 37 39 24 20 26 10 14 42 0 8 28 1 5 41 2
26 20 18 42 25 28 4 22 30 16 33 39 24 31 11 40 7 21 8 41 2
36 20 11 42 28 21 4 3 22 30 33 19 9 37 39 5 40 29 14 0 15 41
20 18 1 42 25 28 21 13 22 30 16 19 9 37 34 40 7 29 0 15 4 3
5 18 25 28 3 30 16 33 19 37 39 23 11 29 14 15 41 2
18 1 0 13 22 12 19 37 24 23 40 7 14 21 15 41 34
32 28 21 25 32 3 22 16 19 29 39 24 23 31 11 40 14 42 15 4 13 34 2
1 30 10 37 31 24 33 16 42 15 11 41 2 3
0 28 4 13 22 30 10 12 19 9 37 39 24 11 7 8 41
25 16 28 21 4 22 10 12 29 39 34 31 7 14 41 24 2
28 42 33 13 30 10 12 23 14 15 4 3 2
21 10 33 23 29 39 34 7 37 15 41 3 12 13
12 42 3 22 16 33 39 24 23 31 11 40 7 8 4 34
13 30 9 37 34 33 42 14 40 3 4 2
22 11 42 30 19 9 37 39 31 29 14 41
30 33 29 39 24 40 7 15 23 41 8
16 4 33 19 9 37 23 11 40 7 15 41 3
33 10 42 3 29 24 23 31 14 15 8 4
19 42 3 19 29 24 23 40 7 14 15 8 2
9 10 4 29 34 31 11 7 14 8 41 2
29 10 37 39 24 23 31 40 7 41 34 2
39 42 3 34 23 11 40 7 37 8 2
34 3 10 34 23 31 11 40 14 15 4
23 10 11 40 7 37 8 41
31 10 14 11 42 7 37 40 15 2
11 10 42 40 7 15 41 24 2
40 10 42 14 8 4 24
10 42 3 7 37 15 8 41 24
7 24 37 14 8 2
37 15 8 4 3
14 3 15 41 24
42 8 41 2 3
41 3 15 8 4
15 4 8
8 3 24 2
4 24 2
3 24 2
24
2
