#kunkel.py
# GMT Fri Apr 19 01:42:29 2019
# 
35 6 36 16 18 1 33 32 3 22 10 12 19 39 24 23 31 11 40 7 14 41 13
38 5 11 28 1 33 25 32 21 18 3 30 10 12 9 29 39 24 23 26 40 37 0 15 41 2
6 30 16 33 27 17 9 34 36 20 10 40 11 7 1 0 8 32 21 3 13
27 17 26 28 32 18 3 30 10 33 39 24 31 11 40 7 14 15 8 4 34 2
17 18 28 1 33 25 32 3 22 12 19 37 39 34 23 31 26 40 7 14 21 8 4 2
26 36 20 10 18 1 0 25 28 13 22 16 12 19 9 37 39 34 31 26 40 5 2
36 1 42 25 32 18 4 13 30 10 12 19 9 37 39 34 11 7 29 8 41 3 24 2
20 5 32 1 21 25 28 12 22 30 33 9 37 39 24 23 40 7 42 15 34 2
16 32 0 25 28 18 30 12 9 29 39 24 31 5 40 37 14 15 41 2
18 5 1 0 30 33 19 9 39 24 31 7 14 41 34 2
28 11 1 42 25 4 13 22 30 10 9 37 34 7 14 8 41 2
1 42 25 21 13 22 12 29 24 23 31 11 14 0 4 3
12 21 13 22 30 10 19 29 39 34 23 40 7 15 41
25 5 3 30 10 19 9 29 39 11 7 14 15 8 4
32 5 0 13 22 10 19 9 37 39 24 23 31 11 40 14 8 34
21 19 9 29 31 14 42 7 37 0 40 15 8 3 2 13
4 0 22 30 10 33 19 9 29 24 23 5 40 7 37 41 2
42 5 13 30 33 37 39 34 23 11 40 7 29 14 15 8 41 2
3 13 22 30 10 9 37 39 31 5 40 7 0 8 41
22 19 9 29 23 40 11 7 33 15 8 41
30 33 13 19 9 37 24 23 5 40 14 8 34
10 0 41 33 37 34 40 29 14 13 2
33 5 19 37 34 11 29 0 15 8 2
19 5 41 13 19 37 39 34 14 0 15 8
9 13 29 34 23 40 14 0 15
29 41 31 14 40 23 13 5 34
39 5 24 23 31 40 7 8
24 37 34 31 11 40 7 14 15 8 2
23 5 14 37 0 31 41 2
31 5 13 11 7 37 0 15 8 41
11 13 5 40 7 14 0 8 34
40 41 15
7 0 41 15 34
37 5 0 41 14 15
14 0 15 41 2
0 41 34 8
15 13 5 8 2
8 13 2
41 34 2
13 5 2
5 5 34
34 34 2
2
