#kunkel.py
# GMT Fri Apr 19 01:42:31 2019
# 
35 6 27 17 36 20 16 26 1 21 25 32 18 22 10 12 9 29 11 7 37 14 15 41
38 38 6 27 17 36 20 16 11 32 21 28 3 22 10 12 9 29 24 23 26 37 14 42 34 2
6 20 5 1 0 18 13 22 10 33 9 37 39 23 26 40 29 21 8 4 3
27 16 3 19 9 36 31 26 40 18 7 42 8 32 4 2 33 12 25 13
17 20 5 1 21 12 13 22 30 16 33 9 29 11 23 31 26 40 7 14 0 15 3
36 20 1 21 28 4 3 30 19 9 29 39 23 31 11 40 7 37 42 8 41 2
20 16 18 28 1 0 25 32 13 30 10 39 23 31 26 15 4 5
16 1 42 32 21 3 22 30 10 33 24 31 11 40 14 0 8 4 34
26 32 0 28 3 30 10 12 9 37 39 24 5 40 7 8 41 34 2
28 5 1 42 18 4 13 22 10 19 29 39 31 11 40 7 14 15 41
1 18 33 25 13 30 10 12 19 9 29 39 24 23 40 7 37 15 3 34 2
21 30 10 9 39 24 31 40 22 42 12 8 41 4 25 2
0 42 25 32 22 10 12 9 37 39 24 23 31 11 7 29 4 2
25 30 19 37 24 23 31 14 40 11 15 8 32 5 34 13
32 33 5 18 4 13 22 12 19 9 29 34 31 40 14 41
18 5 42 4 3 30 9 29 39 24 23 11 40 7 15 8 41
33 42 13 22 30 10 33 19 9 37 39 24 23 31 29 14 15 8 41
4 42 13 22 10 19 9 37 39 24 5 8 3 2
3 42 41 13 22 12 19 29 39 24 5 7 8 34
22 30 10 19 37 23 40 29 14 15 2
30 5 42 12 29 34 11 14 8 41 24 2
10 42 13 10 19 39 34 31 5 7 15 8 41
12 42 19 37 23 31 11 7 29 15 41 2
19 9 37 39 34 11 40 7 2 13
9 41 37 39 24 15 8 34 2
29 13 37 34 31 11 8 2
39 41 34 23 31 7 14 24
24 42 41 34 23 31 11 40 15 2
23 37 14 42 8 15 31 5
31 5 42 11 40 8 34 2
11 13 5 40 37 15 8 41 34
40 14 15 2 13
7 14 34 42 15 8 13 5
37 5 42 34 37 41 15 8
14 42 13 34 5 15 8 41 2
42 15 13 34
15 5 15 8 34 2
8 41 13 5
41 2 13
13 5
5 34
34 2
2
