#kunkel.py
# GMT Fri Apr 19 01:42:31 2019
# 
35 38 17 36 26 28 25 32 18 3 12 19 9 24 31 11 40 7 14 15 8 4 34
38 6 26 5 33 28 21 18 13 22 30 12 19 9 37 39 24 23 11 29 14 0 8 4
6 27 36 16 26 42 25 12 13 22 30 10 33 9 37 39 24 5 7 0 15 8 3
27 36 20 10 18 32 1 0 28 22 30 16 33 29 24 23 26 40 14 21 15 41 5
17 17 36 20 10 5 21 25 41 3 22 30 16 12 39 24 31 11 14 42 15 4 13 2
16 18 28 1 42 25 32 12 3 22 30 16 33 19 29 23 31 11 37 14 21 8 2
36 20 18 1 21 28 13 30 10 12 19 37 39 23 26 40 7 29 14 42 3
20 5 42 0 25 28 33 22 30 12 19 9 39 34 23 31 26 7 14 21 13 2
5 28 1 21 25 32 30 10 19 29 24 31 40 7 37 14 42 2
26 1 42 3 22 30 10 12 19 37 39 34 11 14 8 4 2
28 1 42 25 22 10 12 9 29 31 11 37 14 0 15 8
1 0 25 13 22 33 19 29 39 23 31 7 14 21 15 41 3
0 18 42 3 22 30 10 12 19 9 37 39 31 11 40 7 14 4 13 2
25 32 18 41 3 22 30 10 12 19 9 37 23 11 40 14 15 8 4
32 42 18 3 10 33 19 9 29 39 24 23 11 14 21 8 4 13 34 2
18 10 12 19 29 24 23 31 40 42 15 8 41 34 2
33 10 13 22 30 12 19 39 24 23 31 11 40 7 8 4 2
41 42 13 30 10 12 19 9 29 39 24 23 31 21 15 8 4 34
42 13 22 12 9 34 31 40 7 14 8 3
3 22 30 19 29 34 23 31 40 14 21 4 2
22 11 22 10 29 24 40 21 15 4 34 2
30 10 19 9 29 11 23 31 7 8 2
10 21 4 9 37 39 40 2
12 4 19 29 24 7 21 15 8 34 2
19 19 29 39 34 40 4
9 4 13 29 34 40 14 21 15 8 24 2
37 13 24 23 31 11 40 7 14 15 4 34 2
39 11 13 29 24 23 31 15 34 2
24 31 40 7 14 21 11
23 4 31 40 7 14 15 13 2
31 29 21 8 2
11 21 13 40 7 14 15 4
40 7 21 15 8 13 34
7 14 21 34 4 2
29 21 34 8 4
14 34
21 8 4 13 34
15 34 13 8 2
8 13
4 34 2
13 34
34 2
2 2
