#kunkel.py
# GMT Fri Apr 19 01:42:32 2019
# 
35 38 6 20 18 32 1 21 25 28 13 30 33 9 39 34 31 11 7 14 15 4 2
38 27 17 36 16 21 25 32 3 10 12 19 9 29 5 7 37 0 15 8 4 13
6 27 17 36 20 10 11 0 32 18 12 13 22 30 16 33 19 24 23 31 26 14 42
27 16 26 1 21 25 28 12 3 22 10 33 19 29 39 24 31 11 40 7 37 8 34 2
17 20 18 1 42 28 4 3 22 10 12 19 9 29 39 34 11 7 37 0 41
26 22 12 9 29 36 31 11 40 18 7 14 33 0 25 1 5 4 42 3
36 20 5 18 1 21 13 22 30 16 19 29 34 23 31 7 14 8 4 2
20 0 25 12 22 30 16 33 37 39 24 23 11 40 7 42 8 34 2
16 18 1 42 28 13 22 10 33 9 29 24 23 31 5 7 37 15 4 2
18 42 25 32 12 10 33 19 9 37 39 24 11 7 21 15 41 34 2
32 1 0 25 28 12 13 22 30 33 19 9 37 39 5 7 14 42 8 2
1 0 25 13 22 30 10 12 19 9 37 39 34 23 31 40 14 15 41
21 42 28 12 13 30 10 33 19 9 29 39 24 31 5 14 0 41 15 8 4 34
40 11 5 28 41 3 30 12 29 39 24 23 31 37 14 15 8 4 13 2
25 5 0 28 41 33 12 29 24 23 37 14 42 4 3 34 2
28 3 22 30 10 19 29 39 24 11 7 37 14 42 8
12 5 3 9 24 23 11 7 42 15 13 34 2
13 0 3 22 33 19 37 34 31 11 7 14 8 41 13 2
22 30 33 9 29 39 34 14 15 4 5
30 3 10 19 9 29 24 23 31 5 37 42 15 41
10 37 39 23 19 29 14 2 15 8 33 3
33 41 3 19 9 23 7 15 8 4 2
19 41 3 19 37 11 24 5 42 0 4 34
9 5 3 37 24 11 14 0 4 34
29 5 34 31 14 15 8 41 24 2
39 42 3 37 24 23 31 0 15 8 34
34 5 34 23 31 11 8 41 3
23 14 7 0 15 4 8 42 3
31 11 7 37 42 15 41 24 2
11 42 4 37 11 7 15 8 41 2
42 5 14 0 8 4
7 5 0 41 24 14 15 3 4
37 0 24 15 41
14 41 24 15 8 4 3
0 5 24 8 41 2
41 5 3 24 2
15 3 8 5
8 4
4 2 5
3 5 2
5 2
24 2
2
