#kunkel.py
# GMT Fri Apr 19 01:42:34 2019
# 
35 6 27 17 36 1 42 32 33 16 12 19 9 34 23 31 7 14 0 8 3 24 2
4 6 36 5 11 1 21 0 32 3 22 10 33 19 9 37 24 31 26 14 42 8 41
38 6 27 17 20 0 25 28 33 12 19 9 29 39 34 23 31 26 7 14 21 41 2
6 17 20 16 18 1 21 28 13 22 30 10 12 9 29 39 23 26 40 14 0 8 41
27 30 16 19 22 34 23 20 11 5 7 14 42 0 15 10 2 12 36 33
17 26 36 5 21 25 32 3 22 30 16 33 19 9 29 39 31 11 7 42 15
11 1 21 28 13 22 30 12 9 29 39 24 23 31 26 40 0 8 41 2
36 20 1 33 32 3 30 10 12 19 9 37 24 23 26 14 15 13 34
20 16 42 0 32 12 13 22 30 10 33 19 9 39 24 21 15 8 34 2
10 22 16 33 37 24 31 26 42 5 12 0 41 15 28 21 3
18 22 30 16 12 39 24 23 31 26 5 28 21 2 15 25 32 41 3 8 13
28 22 9 39 24 25 31 7 14 0 16 8 32 41 3 34 33
1 5 26 0 25 21 13 30 16 19 24 23 31 40 7 42 34 2
42 25 32 3 12 19 9 39 34 5 40 7 15 41 13 24 2
25 32 21 22 30 16 12 19 9 37 39 34 26 14 0 15 8
32 22 16 29 39 23 5 37 14 0 15 41 2
21 5 3 30 12 37 39 34 23 31 29 14 15 8 24
12 16 22 29 39 24 23 31 40 7 37 14
3 16 13 30 33 39 34 31 26 7 14 0 8 5
22 5 0 30 33 9 29 34 23 31 40 7
30 5 19 9 37 34 31 40 7 14 0 8 41
16 33 9 29 24 31 5 40 15 41 34 2
33 34 23 29 24 26 37 8 41 2
19 13 29 24 23 31 26 40 7 14 0 15 8
9 5 13 37 34 31 29 15 8
29 5 13 37 34 26 40 7 29 0 15 8 41 24
39 26 0 37 34 31 40 7 41 24 2
24 13 23 40 15 8 2
23 5 13 37 31 7 0 15 8 34 2
31 26 37 40 15 2
26 34 5 40 7 14 15
40 13 37 34 7 14 15 8 2
7 5 37 34 7 14 15 8 41
37 34 37 14 15 8 41 13 2
14 5 15 8 2
0 5 15 41 13 2
15 13 41
8 5 8 13
41 13 34 5 2
13 5 34 2
5
34 2
2
