#kunkel.py
# GMT Fri Apr 19 01:42:34 2019
# 
35 4 27 17 20 16 1 42 28 12 3 10 33 37 23 31 26 7 29 0 15 8 41 13
4 16 12 6 9 37 39 34 36 20 26 42 14 8 1 38 24 23 32 21 41
38 17 36 20 5 1 21 25 28 18 13 33 9 39 24 26 40 7 42 8 41 34 2
6 22 30 10 33 17 29 39 34 23 26 40 18 7 37 42 36 15 25 32 41
27 27 17 36 16 26 21 25 28 3 22 10 33 9 37 39 34 11 40 7 14 42 8 41 2
17 17 36 33 28 13 22 30 10 12 19 29 39 34 23 31 11 14 15 8 2
11 16 18 28 1 42 25 32 21 13 22 10 9 29 39 34 26 14 0 5 2
36 16 37 39 24 23 31 26 40 19 14 12 25 20 5 42 3
20 22 10 19 9 29 24 31 26 40 5 1 21 25 2 41 42 13
16 18 0 25 32 3 22 30 10 12 9 29 34 23 40 15 24 2
5 32 1 0 25 28 18 22 19 37 39 31 26 40 7 29 14 15 41
32 33 42 21 18 13 22 12 19 9 23 31 26 40 14 0 15 8 3 2
1 18 0 25 28 12 3 30 10 33 19 9 37 39 23 7 21 2
42 33 25 13 22 30 10 12 34 31 7 21 15 41 3
25 26 28 18 13 30 10 33 19 37 24 23 31 40 14 0 8
28 0 22 33 9 37 39 34 23 31 14 15 41 24 2
21 18 22 30 10 19 29 39 34 31 26 40 14 15 8 24
18 3 22 30 10 37 39 34 23 40 7 14 15 8 41
12 22 33 29 39 24 23 7 37 14 0 8 41 34 2
3 13 22 30 10 33 19 9 34 23 26 40 7 8 24 2
22 13 33 37 39 31 0 8 41
30 0 13 33 9 29 26 40 7 14 15 8 41 2
10 0 13 10 19 9 29 23 31 40 37 14 2
33 19 9 34 26 40 14 13 24
19 26 0 29 39 34 23 31 7 41 24 2
9 26 29 39 24 31 7 37 14 15 8 41 2
37 26 13 34 40 7 14 15 41
39 0 24 31 26 15 8 2
24 0 13 29 23 31 7 14 2
23 13 29 26 15 8 41
31 40 7 14 0 15 8 41 34 2
26 0 34 7 15
40 34 29 8 41 2
7 29 15 14 41
29 13 34 14 8 2
14 13 14 8
0 13 8 41 34 2
15 34 8 13
8 34 13
41 13 34 2
13 34 2
34
2
