#kunkel.py
# GMT Fri Apr 19 01:39:49 2019
# 
0 0 2 3 6 7 9 12 14 15 18 20 22 25 26 27 30 31 32 33 34 35 36 37 39 41
1 2 6 8 10 11 13 14 15 16 17 18 20 21 22 23 24 28 29 31 33 37 40 41 42
2 2 3 4 7 8 9 11 12 15 16 17 18 19 22 24 26 27 28 30 31 35 36 37
3 4 7 9 10 11 14 17 18 19 21 22 25 30 31 32 34 36 37 40 41
4 5 7 8 10 11 12 13 14 15 16 17 20 25 26 28 29 34 36 39 40 42
5 6 7 8 12 14 16 19 20 21 22 24 26 27 28 29 30 32 35 37 39 40 41
6 7 8 10 11 15 16 19 21 25 28 30 31 32 33 34 35 38 39 40 41
7 33 8 42 36 12 13 17 18 19 25 26 38 35 30 31
8 9 12 14 18 20 21 23 25 27 29 30 31 32 34 35 37 38 40 41 42
9 10 11 12 13 14 15 16 17 21 22 23 25 27 28 29 33 35 37 41
10 12 14 20 23 24 26 27 28 29 30 31 32 35 37 38 39 40 41 42
11 15 17 18 19 20 21 23 26 27 28 30 32 34 35 36 38 39
12 15 16 17 19 21 23 24 27 28 30 32 36 37 40
13 14 16 17 18 20 21 22 23 25 26 27 31 32 33 34 35 39 42
14 16 19 24 25 26 27 29 30 32 34 36 37 38 40
15 16 18 19 21 22 24 25 29 30 33 35 36 39 41 42
16 17 18 21 23 24 26 27 32 38 39 40 41 42
17 18 22 24 25 27 29 33 34 35 37 41 42
18 19 22 23 24 26 27 28 29 30 31 34 35 38 39 40 42
19 20 23 28 29 31 32 33 34 35 37 38 40 41
20 42 33 35 32 22 36 26 38 28 29 30 37
21 22 23 24 27 28 29 30 31 33 34 38 39
22 36 33 41 42 23 27 28 37 31
23 25 26 29 30 32 33 35 36 38 39 41 42
24 25 26 27 28 29 30 33 34 36 38 39
25 28 32 33 35 36 37 38 40 42
26 26 28 29 30 31 33 34 35 36 39 41
27 28 31 33 34 36 38 40 41
28 31 32 36 37 39 42
29 31 32 33 34 35 36 37
30 33 34 37 41
31 32 33 35 39 40 41
32 33 38 39 42
33 34 36 37 39 40
34 34 37 39 40 41 42
35 36 37 40
36 37 38 39 40 42
37 38 39 40
38 41 40 39
39 42
40 41 42
41 42
42
