#kunkel.py
# GMT Fri Apr 19 01:42:35 2019
# 
35 38 27 17 26 32 1 12 25 28 18 13 22 30 33 9 29 34 31 11 41 24 2
38 38 27 17 5 42 25 28 18 3 10 33 19 9 29 39 24 23 31 26 0 15 41 34 2
6 17 20 11 21 25 28 4 22 30 10 12 19 29 39 23 26 40 7 14 0 15 8 41
27 10 11 0 18 13 16 12 19 37 24 23 26 40 7 14 42 15 8 3 5 2
17 36 20 18 1 21 32 22 10 33 9 29 39 34 23 11 40 7 15 8
16 20 18 32 1 42 25 28 21 13 30 12 19 29 39 34 23 31 14 0 15 8 41 2
36 20 0 25 28 12 3 30 33 9 29 39 24 23 31 11 40 7 37 42 8 41 34 2
20 26 42 28 18 3 30 12 19 9 37 39 24 23 11 14 0 15 2
5 18 1 42 0 28 22 30 10 33 19 9 29 39 24 23 31 11 40 37 14 21 15 4 34 2
26 32 1 21 28 33 10 12 9 29 23 31 11 7 37 14 15 4 2
32 11 32 42 28 21 3 12 19 9 29 39 34 23 40 7 37 14 0 15 8 2
1 10 11 0 25 28 13 33 37 39 24 40 7 42 41 3 34 2
12 10 42 41 13 22 33 19 37 24 31 11 0 8 4
0 10 22 30 9 29 24 23 11 40 14 41 2
25 10 18 21 3 22 33 19 9 37 24 23 11 40 7 14 15 8 41 13
28 19 37 39 34 40 7 42 8 4 31 13
21 10 11 42 18 4 13 22 30 37 39 34 40 14 8 41 2
18 22 30 29 4 34 23 40 10 41 8 42 2
4 22 30 19 24 23 31 40 29 15 8 3 34 42 33
13 22 19 30 29 39 23 10 40 7 15 33 42 3
22 33 41 3 29 24 23 31 37 14 8 2
30 10 33 19 9 29 39 34 23 40 7 14
10 3 19 9 37 39 31 29 14 8 41
33 11 33 19 9 37 39 23 14 15 8 2
19 39 34 40 7 14 15 8 2
9 39 24 40 14 15 41 2 42
29 41 3 37 23 31 40
39 3 24 31 11 7 34
34 41 3 37 24 23 11 15
23 41 11 23 7 14
31 24 11 40 7 14 8 2 3
11 3 7 8 2
40 3 7 37 15 8
7 14 24 42 2
37 3 14 42 15 2
14 15 41
42 2 15 8 3
15 41 15 3 24
8 24
41 3 24 2
3 24 2
24
2
