#kunkel.py
# GMT Fri Apr 19 01:42:35 2019
# 
35 22 30 38 6 9 29 4 24 31 11 18 1 21 0 15 28 41 5 34 26 3
38 38 27 36 18 1 42 25 32 21 33 29 39 24 31 26 40 7 37 14 0 8 41 34
6 22 10 12 3 27 19 30 39 36 20 11 40 18 33 25 32 21 31 41 13
27 17 10 11 12 28 18 4 3 16 33 29 39 24 23 31 26 40 7 37 14 42 15 41 5 34
17 22 10 29 39 34 13 11 40 26 32 21 0 15 8 28 4 2 5 42 3
16 11 36 20 5 1 42 28 4 13 22 19 29 39 34 23 26 7 37 14 41 2
26 36 20 10 5 0 25 13 22 30 19 29 39 34 26 40 37 14 8 4 2
12 22 30 23 9 37 39 36 32 11 40 18 29 1 21 25 14 28 5 42
36 33 10 1 42 32 18 13 30 9 34 23 11 7 14 0 8 3 5 2
20 10 11 1 21 25 32 18 3 22 30 33 9 37 24 31 7 14 42 15 8 5
5 11 21 25 28 33 22 19 9 29 39 34 40 8 2
18 28 13 22 30 10 19 9 39 34 23 31 7 14 15 8 41
32 22 19 29 23 31 11 40 0 14 15 8 28 1 4 3
1 28 21 25 3 22 33 19 29 23 31 40 14 4 13 2
21 42 25 4 10 29 39 34 23 7 14 0 8 41 2
40 10 9 29 11 24 23 31 19 15 25 34 3
25 28 4 33 30 19 37 39 24 7 14 42 15 41 13
28 0 4 33 19 9 37 39 34 31 7 15 8 41 2
41 10 42 0 3 22 30 33 9 23 11 14 8 2
3 22 33 9 39 24 7 30 42 15 4 13
22 10 42 37 24 31 0 15 4 13 34 2
30 19 23 37 11 34 14 42 0 4 31 8
10 33 9 39 34 23 31 14 15 8 24 2
33 11 42 9 29 24 37 0 15 4 13
19 13 29 24 31 11 37 14 0 15 8 34 2
9 11 0 13 29 39 24 23 14 42 4 2
29 42 37 23 0 15 8 2
39 42 0 39 24 23 31 7 8 4 2
24 0 37 24 23 31 11 7 8 4 13 2
23 7 0 4 13 2
31 42 13 37 11 0 4 34
11 7 0 15 8 4 34
42 13 7 14 15 4 2
7 37 8 0 2 13 34
37 0 13 15 4 34 2
14 0 13 15 8 4
0 15 2
15 34 8 2
8 13
4
13 34
34
2
