#kunkel.py
# GMT Fri Apr 19 01:42:36 2019
# 
35 22 30 16 38 19 37 4 24 23 11 18 7 32 26 15 8 28 21 5 41 3
38 6 17 36 10 1 0 3 22 30 16 12 19 9 29 39 34 23 31 11 40 37 15 13
6 6 27 36 5 26 1 42 28 18 41 33 10 12 37 34 31 11 7 29 0 8 4 13 2
27 36 5 11 1 42 25 32 41 33 22 12 19 29 39 24 31 26 37 14 4 2
17 22 9 37 39 23 20 5 11 21 1 42 0 15 8 32 4 31 18 12 3
36 36 20 18 42 25 32 13 22 30 10 33 19 9 29 23 31 7 21 8 4 3
20 16 18 42 0 25 28 33 22 30 10 12 29 39 34 23 31 5 7 21 41 13
5 18 28 1 25 32 3 30 10 33 19 37 23 26 40 7 14 15 4
26 28 1 21 25 32 3 30 16 12 9 29 39 24 23 31 11 7 0 41 34
28 30 12 3 29 24 31 40 11 14 0 8 4 18 34 42 13
1 42 18 4 22 30 10 12 29 34 23 11 40 14 21 41 2
21 10 33 13 30 16 12 19 9 37 31 40 7 14 0 15 4
33 10 18 22 30 16 19 37 39 24 23 11 14 8 41 34 2
32 11 0 25 32 18 41 13 22 12 19 31 40 7 15 8 4 2
25 11 0 18 4 3 30 16 9 29 23 31 40 7 37 14 8 41 2
18 18 0 12 13 22 30 16 9 39 34 31 14 15 4
4 16 42 0 22 30 10 19 9 29 39 24 40 14 8 34
42 13 30 12 19 39 24 23 31 7 15 8 3 34 2
3 10 13 39 24 23 16 40 14 41 31 8 2
22 30 9 14 31 11 40 29 12 41 13
30 10 12 19 37 11 24 15 39 41
16 39 19 9 37 11 40 7 8 0 2 41
12 0 24 23 31 14 15 34 2
19 11 0 41 34 23 31 40 14 15 24
9 10 11 41 13 29 39 24 7 37 14 0 15 2
37 29 39 13 31 40 10 7 41 2
39 34 40 14 15 23 10 8
24 10 29 31 40 7 14 0 41 8 13 2
23 11 10 7 14 8 41 2
31 10 40 7 14 15 2
11 10 13 29 15 2
40 41 7 29 15 8 13 34 2
10 41 0 15 13 2
7 29 14 15 34
29 0 14 8 34 2
14 15 13 34 2
0 41 13 15 8
15 34 8 41
8 2 34
41 13 34
13 34 2
34 2
2
