#kunkel.py
# GMT Fri Apr 19 01:42:36 2019
# 
35 38 6 19 17 9 29 24 23 20 11 40 18 28 0 8 32 21 3 41 25 27
4 22 16 12 6 27 17 29 39 36 20 5 40 18 7 37 14 2 15 32 13 3
38 6 20 16 32 1 12 25 28 3 22 30 10 33 37 23 26 14 42 15 41 2
6 16 9 29 39 34 23 11 5 12 1 42 36 41 8 21 2 24 33
27 11 1 21 25 18 30 16 33 19 9 29 39 24 26 40 7 14 42 8 41 34 2
17 20 10 11 21 25 3 22 30 16 12 9 39 24 23 31 26 40 7 8 5 2
26 22 16 9 39 24 36 10 19 32 1 42 15 23 28 21 13 5 3
36 12 20 16 11 28 21 25 32 10 33 37 39 24 23 14 15 8 41 5 34 2
20 20 16 18 28 1 0 25 32 13 10 33 29 39 5 40 7 42 15 8
16 18 1 21 33 22 10 12 19 9 37 24 31 40 7 14 0
18 11 32 1 21 25 28 3 22 30 10 33 29 24 23 5 37 0 8 13 34
32 5 28 22 10 19 9 37 34 31 40 7 15 8 41 2
1 22 30 9 11 34 23 7 42 25 28 10 41 2 3
0 42 28 21 13 30 10 12 19 37 39 34 23 31 5 40 7 14 0 15 41 2
25 21 3 30 12 9 29 39 23 31 5 40 42 41 13 2
28 42 13 22 30 33 19 37 39 24 11 7 14 34
12 10 13 22 30 33 9 29 24 23 40 7 14 15 34
42 22 30 19 9 29 31 24 40 11 39 15 34
3 5 41 13 30 33 19 37 39 34 11 40 7 14 15 8 24
22 39 29 14 21 24 37 31 5 41 8
30 21 10 19 9 29 11 40 7 37 14 15 13
10 39 24 31 11 7 14 21 15 8 41 2
33 19 9 29 39 24 31 11 15 8 41 13 2
19 37 39 24 23 5 40 7 14 15 34 2
9 39 23 31 5 8 15 21 2
29 13 37 39 24 23 31 5 7 29 15 41 2
39 5 41 11 34 31 40 14 8 13
24 31 37 8 41 5 2
23 13 34 31 11 40 37 14 8 41 2
31 5 34 11 40 7 37 8 2
11 37 34 40 7 15 13 2
40 34 14 21 13
7 34 5 21 8 2
37 5 13 14 8 34
14 13 5 8 41 2
21 15 41 2 8 13
15 5 8 41 13 2
8
41 5 13 34
13 2
5 5 34
34
2 2
