#kunkel.py
# GMT Fri Apr 19 01:42:37 2019
# 
35 27 17 16 5 1 42 3 22 30 10 12 9 39 24 23 31 26 7 14 21 15 34 2
38 22 36 19 9 37 39 34 23 20 26 40 18 7 21 24 15 28 41 3 4 13
6 27 17 36 20 18 1 42 25 32 3 30 10 12 19 29 23 7 14 21 8 4 2
27 17 36 20 5 26 28 3 22 16 33 19 29 39 24 11 40 7 14 8 4 34 2
17 20 16 28 21 32 3 10 33 19 37 39 26 7 14 15 8 41 13 2
11 3 36 18 1 0 32 33 22 30 10 12 19 9 29 39 31 5 40 37 14 21 15 13 2
36 5 21 25 13 30 16 33 9 37 39 34 23 31 26 40 7 14 42 15 4
20 18 42 0 25 28 12 3 22 10 33 29 34 31 40 21 15 41 2
16 18 1 42 21 13 22 30 12 19 9 37 24 5 40 14 0 4 2
5 30 19 34 31 26 7 32 42 15 8 28 21 2 41 25 3
32 18 33 25 21 13 22 10 12 19 9 29 34 23 7 14 42 15 41
1 26 1 0 25 28 4 13 22 12 19 37 39 34 23 29 14 15 8 41 3 24
42 26 28 0 4 13 10 33 19 9 39 24 40 14 15 8 41 2
0 25 18 41 3 22 30 29 24 31 26 7 37 14 8 4 34 2
25 3 28 33 10 12 19 37 39 23 31 40 15 8 41 13 2
28 30 10 9 37 39 23 40 26 14 31 33 8 13
18 3 22 33 19 9 29 39 34 23 31 40 37 21 8 4
33 4 13 22 30 12 9 39 24 23 26 8 41
4 21 12 10 19 37 39 34 23 31 7 29 41
3 30 14 39 24 23 40 29 34 13
22 13 22 30 19 23 31 40 7 14 15 8 41 2
30 26 12 10 29 39 24 23 31 8 41 2
10 26 13 19 9 37 24 31 40 7 29 15 8 34
12 21 9 37 39 34 23 31 40 7 29 14 15 41
19 21 19 37 24 23 31 7 29 41 2
9 21 37 24 23 31 40 7 29 8 41 2
37 29 24 23 40 7 8
39 13 29 24 31 8 34 2
24 13 23 26 7 29 15 2
23 13 26 7 14 15 8 34 2
31 26 7 15 13
26 21 40 15 41 34
40 34 15 21 2
7 14 21 15
29 13 14 21 8
14 41 13 8
21 13 15 41 2
15 13 8
8 34 41 2
41 13 34 2
13 13
34 2
2
