#kunkel.py
# GMT Fri Apr 19 01:42:39 2019
# 
35 27 17 20 16 32 42 28 4 22 10 33 29 39 34 23 31 26 7 0 8 41 2
38 6 27 17 36 1 42 12 13 33 19 9 29 24 23 31 37 14 0 15 8 41 3
6 6 17 26 20 18 42 0 25 28 4 22 12 9 37 39 34 23 31 11 14 21 8 41 24
27 17 36 5 32 42 25 28 30 12 19 9 37 39 34 31 26 7 14 21 8
17 17 36 11 18 1 21 25 28 22 10 12 19 29 39 31 5 15 8 41 2
36 20 16 18 1 25 28 3 30 10 33 39 24 5 40 7 14 8 4 34
20 5 11 42 0 18 41 33 12 19 9 34 23 31 26 7 21 8 4 3
16 30 10 12 19 22 37 24 26 40 18 29 42 0 15 28 41 5 4 13
37 22 9 29 34 12 31 5 18 14 33 0 25 21 13 4 26 3
11 18 42 25 32 21 13 10 33 19 39 34 23 31 26 0 15 4 24 2
32 30 12 9 29 39 24 8 31 40 18 7 1 33 22 4 5 41 3
1 18 0 28 41 42 33 30 12 19 24 23 40 7 14 21 8 4 13 2
42 5 13 30 10 19 9 29 39 24 40 14 15 8 4 3 2
25 12 28 41 13 10 33 19 24 23 31 40 7 29 15 8 4 3 34 2
28 30 33 9 24 31 26 40 21 15 3 4 13 2
21 18 0 41 3 22 33 19 9 24 23 14 4 13 2
18 12 3 22 30 10 33 19 9 31 26 7 14 15 8 13 5 2
4 5 26 13 30 9 34 29 14 0 15 2
13 3 22 10 33 39 34 23 31 29 14 8 5
22 30 9 39 23 31 40 7 29 14 2 15 3
30 10 12 14 29 39 24 0 23 41 2 3
10 5 33 9 39 31 26 40 14 0 15 41 3
33 12 19 9 39 34 23 26 40 29 2
19 39 34 7 0 15 41 3 5 12
9 3 12 39 34 23 31 40 41
29 31 26 23 7 2 41 3 8
39 5 12 24 23 26 0 15 8
34 5 12 23 31 40 7 14 15 41
23 3 31 0 15 8 24 2
31 5 40 7
26 12 3 24 40 7 15 8 5 2
40 5 12 3 7 14 0 15 8 41
7 12 14 0 15 41 24
12 5 12 14 15 2
14 41 15 8 2
0 5 15 8 41 2
15 3 15 2
8 5 24 41
41 3 5 24
3 24 2
5 24 2
24 2
2
