#kunkel.py
# GMT Fri Apr 19 01:42:39 2019
# 
35 38 17 10 18 1 0 41 33 30 16 12 19 37 24 23 31 11 40 14 42 4 13 5 34
38 6 27 17 36 20 5 11 0 28 3 30 33 9 39 24 23 31 26 14 42 15 13
6 17 20 5 18 42 28 3 22 30 16 12 19 9 29 34 31 11 37 15 8 2
27 34 10 12 19 39 24 23 18 7 14 0 36 41 8 32 21 33 4 25 2
17 36 20 26 28 21 33 32 3 22 10 12 37 39 24 23 5 7 4 13 2
36 10 18 21 25 32 41 13 22 30 16 9 39 24 31 26 40 14 15 4 5 34
20 5 28 1 0 25 32 41 3 30 10 23 31 26 40 14 42 15 4 2
5 18 28 1 21 25 32 3 22 16 19 29 24 31 14 42 15 8 34 2
26 1 33 25 21 3 22 30 10 12 19 9 39 34 42 14 0 15 2
28 10 1 21 32 13 22 30 16 19 9 29 39 24 11 37 42 41
1 11 1 21 25 32 18 13 10 33 19 37 39 24 23 31 42 15 8 34
0 11 42 25 32 13 22 30 16 33 29 34 23 31 7 37 15 2
25 11 21 33 10 12 37 39 24 31 40 14 8 4 3 2
32 10 18 3 16 12 9 37 34 23 31 11 40 7 4
21 16 33 3 9 31 14 40 11 7 19 18 42 2
18 33 10 3 30 16 12 19 29 23 7 37 14 13 2
12 16 42 13 22 10 33 19 29 39 34 31 8 4 2
13 33 3 22 19 9 24 31 42 7 14 15 8 4 34
22 10 3 9 39 24 40 19 7 37 8 2 42
30 11 3 10 9 37 34 40 29 42 15 8 4 2
16 33 41 3 9 29 39 34 31 40 7 37 8 4
33 41 3 10 29 34 14 15 8 4 2
19 11 41 9 37 23 40 29 15 8 4
9 41 3 10 39 34 23 42 8 4 2
29 10 41 39 24 31 11 40 14 15 8 4 34
39 24 23 31 11 42 10 7 41
34 11 24 42 7 37 14 15 41
23 41 37 23 31 11 40 14 42 15 8 4
31 10 31 40 7 15 8 4 2
11 41 3 40 7 4 24 2
40 3 24 7 37 14 42 8 41 2
10 3 7 37 14 42 15 8 41
7 42 37 24 14 15 8 4 2
37 41 14 15 8 4 2
14 4 42 41
42 8 4 2
41 3 24 8 2
15 3 8 4
8 3 8
4 24 2
3 24
24 2
2
