#kunkel.py
# GMT Fri Apr 19 01:42:41 2019
# 
35 17 10 18 1 21 0 25 32 4 16 33 29 39 24 11 40 7 42 8 41 5 34 2
38 6 17 20 18 12 28 4 3 22 30 33 9 29 39 24 23 5 40 7 21 15 8 41
6 27 20 18 42 25 41 22 30 16 33 19 9 34 23 5 7 14 21 8 4 2
27 17 5 18 42 25 32 3 22 33 19 9 29 39 34 26 7 0 15 8 41 13
17 36 20 16 11 42 25 3 22 10 12 9 37 39 23 31 5 40 7 15 2
26 16 18 1 42 25 4 3 22 10 12 9 37 39 24 5 7 14 15 8 41 2
12 20 5 21 25 32 4 3 22 16 33 19 9 37 24 23 40 14 0 41 13
20 4 36 20 10 18 1 21 28 3 16 33 19 29 39 34 11 37 41 13 5 2
16 36 18 28 33 25 32 30 16 19 29 39 23 31 40 37 14 42 15 8
18 10 28 1 0 25 32 37 39 24 23 31 7 15 8 4 34
28 36 10 5 0 32 3 22 19 39 34 31 11 7 14 21 8 41 13
1 22 10 33 19 9 29 11 23 40 7 0 15 25 32 4 42 13
21 36 32 42 25 4 13 19 9 29 24 11 40 7 0 41 34 2
0 5 42 25 3 22 30 19 9 29 39 24 11 37 14 15 4 2
25 36 10 25 33 29 39 34 31 14 15 41 5 2
32 36 22 30 19 9 29 39 24 11 40 7 37 14 15 34
4 5 42 3 22 30 29 11 34 31 40 7 8
3 36 11 42 33 30 19 29 24 31 40 7 14 15 8 41
22 36 42 33 10 29 39 23 31 40 15 8
30 19 13 39 24 23 31 10 40 7 42 15 8 2 34
10 36 5 42 19 9 29 24 11 40 7 37 8 41 34
33 33 29 39 24 23 11 40 7 14 8 13 34 2
19 36 11 13 37 39 23 5 15 2
9 36 5 13 37 39 24 11 40 29 8 34 2
29 36 37 24 23 31 14 15 13 34
39 42 13 37 34 31 11 40 14 8 2
24 13 31 42 7 37 2 5
23 36 5 42 13 31 11 7 37 14 8
31 36 40 7 14 2 15 41 13
11 37 34 40 14 41 2
40 5 42 14 15 41
7 36 5 41 13 2
37 36 8 41 13 2
14 34 41 5 8 36
42 2 5 41
36 34 15 8 13
15 5 8 41 13 2
8 41 13 5
41 34
13 34 2
5 5 34
34
2
