#kunkel.py
# GMT Fri Apr 19 01:42:41 2019
# 
35 27 17 20 1 42 0 25 32 4 13 30 16 33 29 23 26 7 14 21 15 41 2
38 27 20 16 18 32 1 28 3 22 30 10 19 29 39 24 31 26 15 8 41 34 2
6 27 17 36 5 32 1 0 25 28 18 4 3 22 10 19 37 34 31 11 40 8 41 2
27 17 16 11 0 25 4 13 22 10 12 9 24 31 5 7 14 15 8 41 3 34
17 36 20 18 21 25 13 30 12 9 29 34 23 31 40 37 42 8 3 2
11 36 20 1 0 32 3 30 16 33 19 29 24 23 31 26 40 7 37 14 21 8 13 34
12 36 10 18 21 25 32 4 13 22 16 19 37 34 23 26 40 7 29 14 0 41 24
36 36 10 5 28 42 25 32 13 22 30 16 9 37 39 31 29 14 21 15 8 4
20 5 18 1 21 25 28 4 13 22 30 10 33 9 37 24 23 40 15 8 41
10 18 1 42 28 3 9 37 24 23 5 40 7 14 21 41 2
18 18 0 25 3 30 33 9 29 39 24 23 5 7 37 14 15 4 13 34
28 1 42 32 21 3 30 33 29 39 24 31 5 7 37 0 15 13 34
1 30 19 9 37 23 40 7 29 0 16 25 4 32 13
42 16 32 21 25 13 22 30 33 19 9 37 34 23 31 5 40 14 0 15 4 3 2
0 26 3 22 30 9 37 24 23 40 7 14 21 15 4 2
25 32 22 30 16 9 34 23 31 26 40 7 14 41
32 26 33 22 30 24 23 40 14 21 15 8 4 3
4 21 3 22 19 29 39 26 15 8 13 2
13 33 16 19 39 34 26 7 21 15 8 41 13 2
22 33 19 9 29 39 24 31 5 7 34 2
30 5 16 33 9 37 24 26 7 41 2
16 33 3 16 19 29 39 24 5 40 37 14 34 2
33 19 37 39 23 26 7 14 15 8 41 3
19 5 3 29 24 23 31 26 21 15 8 2
9 3 29 39 24 26 40 7 15 41 2
29 5 21 39 34 31 40 14 8
39 5 3 34 23 26 40 7 37 14 41 2
24 26 31 23 21 34 2
23 5 21 3 26 8 34 2
31 40 7 37 14 15 41 8 2
26 41 37 7 15 8 34 2
40 5 3 34 7 15 8
7 34 5
37 3 37 14 8 41 2
14 15 41 5 8
21 5 8 41 2
15 5 34 8 41
8 5
41 3 34 5
3 5
5 34
34
2
