#kunkel.py
# GMT Fri Apr 19 01:42:42 2019
# 
35 20 16 11 0 25 32 18 3 22 10 12 19 29 39 24 31 26 40 7 14 15 41 34
38 6 27 17 10 18 28 1 42 0 32 3 22 30 16 9 29 39 34 23 11 7 37 21 2
6 27 17 36 20 16 18 32 41 30 10 12 19 29 24 23 31 26 40 4 5 2
27 20 5 26 32 42 0 25 28 33 19 37 34 23 11 40 29 21 15 4 24
17 36 20 26 1 42 32 18 3 30 16 9 39 34 23 11 14 21 15 41 13
33 36 16 26 1 42 25 3 22 30 10 33 19 9 37 34 23 11 7 14 21 4 13 5 2
20 36 10 11 1 21 13 22 30 16 12 29 39 34 31 5 37 14 15 8
16 9 29 31 34 8 5 42 18 14 21 25 28 24 13 12
11 36 32 42 25 28 3 22 12 19 9 39 23 31 21 8 41 2
28 12 39 34 36 31 26 7 21 1 0 15 23 32 41 5 8 3
1 5 32 12 25 3 22 30 10 37 39 24 31 26 40 7 14 21 15 41 2
0 36 18 42 25 3 30 12 9 29 39 24 31 5 7 37 14 21 8 41 13
25 36 5 32 18 13 22 19 9 37 39 24 23 40 14 21 15 8 34 2
32 5 26 42 41 3 22 30 12 29 34 7 8 4 2
21 36 26 18 41 22 12 29 24 31 8 4
18 5 42 13 22 12 19 37 39 34 26 40 7 15 8 2
4 5 3 22 10 12 9 37 39 34 23 31 26 40 7 14 8 2
3 12 13 22 19 9 29 40 37 14 8 41 2
22 36 42 10 12 39 24 23 14 8 13
30 10 12 19 9 37 39 34 23 31 5 40 15 8 41
10 42 13 10 19 9 37 34 23 40 7 14 15 8 41
12 36 26 42 9 29 34 37 15 13
19 36 42 9 29 39 31 5 7 37 14 15 8 41
9 26 13 39 34 23 31 7 15 2
29 24 36 5 40 7 14 41 23 2
39 36 41 37 24 31 14 15 2
24 23 36 26 40 14 37 13 41 42 2
23 8 40 5 7 42 13
31 36 42 13 37 5 40 7 8 2
26 41 13 37 5 15 8 34 2
40 42 41 34 7 37 14 15 2
7 36 41 13 14 42 15 8 2
37 41 14 42
14 5 34
42 13 8 5 34
36 13 5 15 41 34 2
15 5 13 41 2
8 34 2
41 13
13 13 5 2
5 34
34 2
2 2
