#kunkel.py
# GMT Fri Apr 19 01:42:43 2019
# 
35 36 32 1 42 28 12 3 16 33 19 29 39 34 23 5 21 15 8 4 13 24 2
38 30 10 19 17 13 39 23 20 26 40 7 28 21 27 15 25 32 4 2 41 3
6 27 17 36 16 18 1 12 25 28 13 30 10 33 19 39 34 31 11 40 14 42 5 2
27 27 26 20 11 1 12 3 22 16 33 19 29 24 31 5 7 37 14 15 8 4 13 34
17 20 5 11 21 25 32 18 4 3 30 12 19 39 24 31 26 7 14 42 15 8 41 13 34 2
11 20 5 32 1 21 25 28 13 22 12 29 24 23 31 26 7 37 15 4
36 20 5 21 25 4 13 22 10 9 29 34 26 40 7 37 14 42 15 8 41 2
20 20 16 26 1 42 0 33 22 30 10 12 29 34 23 31 7 21 4 3
10 18 32 1 25 28 13 22 30 10 33 9 39 23 26 40 14 15 8 41
26 16 18 1 42 25 32 13 30 12 19 9 29 39 40 37 5 2
32 22 19 30 29 34 9 40 7 37 14 0 16 23 4 5
1 16 42 25 21 3 30 33 9 37 34 31 40 0 15 8 41 5 2
42 18 21 28 3 22 33 29 39 24 23 31 7 37 14 34
0 18 12 25 28 4 13 22 30 16 33 19 29 39 24 31 5 40 7 14 41 2
25 16 33 29 39 24 23 31 40 7 14 15 8 4 2
28 16 18 12 3 22 30 33 19 29 23 40 7 37 21 15 8
18 5 12 13 22 33 29 39 24 31 37 15 8 41 3 34
12 3 30 16 19 9 24 23 31 40 7 8 41 34 2
3 22 14 9 37 34 5 19 40 15 4 33
22 30 37 39 24 23 31 7 14 8 41 2
30 16 9 29 39 24 31 40 14 21 4 34
16 9 39 14 7 15 41 5 21 13
33 41 37 24 31 5 7 15 4 13 34 2
19 9 37 24 23 31 40 14 15 8 13 34
9 23 29 39 24 31 7 37 14 8 5 41
29 41 13 24 23 31 40 7 14 8 4
39 21 4 13 37 31 14 41 2
24 5 21 34 23 7 37 15 8 2
23 5 13 34 31 21 8 41
31 21 15 41
5 7 14 21 8 4
40 37 40 7 21 15 8 2
7 37 34 2
37 41 14 21 8 4 13
14 21 34 8 4
21 34 21 15 8 41
41 34 15 8 4 13 2
15 13 2
8 4
4 34 2
13 34 2
34 34 2
2
