#kunkel.py
# GMT Fri Apr 19 01:42:44 2019
# 
35 22 30 16 12 6 27 9 29 20 34 8 31 11 18 7 14 21 15 25 32 10
38 6 17 20 16 5 28 1 42 25 32 18 22 10 29 34 11 14 0 15 8 4 24 2
6 17 36 26 28 42 25 32 33 10 12 19 9 37 24 31 5 7 21 15 13
27 30 16 17 39 34 36 31 26 18 14 42 0 8 20 10 1 3 24 25 13
17 36 20 18 1 12 32 4 13 22 30 10 33 19 29 39 24 31 7 37 21 41
26 36 5 1 0 25 13 22 30 16 19 9 29 39 34 23 26 7 8 4 24 2
36 16 1 42 28 21 33 30 10 12 19 29 34 31 11 40 14 0 8 4 2
20 5 0 28 18 12 3 22 16 33 19 9 29 34 23 31 11 14 21 41 2
10 22 29 39 34 31 5 18 1 42 23 28 11 41 2 33
18 16 1 21 25 30 12 29 39 24 23 11 40 7 37 14 15 8 4 34 2
28 16 1 21 32 4 13 22 30 19 37 34 23 31 11 40 29 8 41 3
1 5 32 42 25 13 22 12 19 37 39 34 23 21 15 41 2
21 0 4 33 9 29 39 24 31 11 40 14 42 15 8 41
0 5 25 4 13 22 30 33 9 29 39 34 23 31 7 37 15 41 24 2
25 12 13 22 30 16 33 19 9 34 31 7 15 4 3
32 32 42 4 13 30 16 12 9 29 39 34 23 11 37 15 41 2
3 42 13 30 16 9 29 39 34 23 31 5 40 37 15 8 41 24 2
41 30 33 9 37 11 40 14 7 4 2 5 12
33 16 13 22 30 29 24 23 11 40 14 15 34 2
22 16 5 12 29 39 24 40 7 37 42 8 2
30 5 42 4 16 19 9 37 39 14 15 8
16 5 12 19 9 39 24 14 13
12 5 4 13 37 39 24 31 11 40 7
19 5 11 42 9 37 39 24 23 7 14 4 2
9 11 42 4 29 34 31 40 37 14 24
29 42 29 39 23 7 15 8 4
39 13 39 24 23 11 40 7 15 8
34 37 24 31 40 14 8 4
23 5 42 13 24 40 7 14 15 4
31 37 11 5 7 15 24
11 42 5 40 8 13 2
40 5 42 37 7 14 15 8 24 2
7 13 5 8 42 2
37 13 5 42 15 8 2
14 4 13 5 42 15 8 24
42 5 4
15 13 5 15 4 2
8 5 13 2
4 24
13 2
5
24 2
2
