#kunkel.py
# GMT Fri Apr 19 01:42:45 2019
# 
35 27 36 20 11 1 21 25 32 18 22 30 16 9 29 23 26 7 14 42 15 4 2
38 6 27 36 28 1 0 25 32 13 22 30 10 12 19 9 29 24 23 31 40 4 3 2
6 6 17 36 20 5 28 42 33 32 18 13 16 12 9 39 34 23 26 40 21 15 4
27 17 20 16 11 32 0 28 3 22 10 37 24 23 5 40 7 29 42 15 8 41
17 36 20 18 0 25 32 13 22 30 33 19 29 24 23 31 11 40 7 37 42
36 4 5 18 42 25 12 3 22 16 33 19 29 23 31 11 37 14 15 8 41
20 16 33 29 39 13 5 40 11 14 21 15 8 1 18 4 42 2
10 5 11 28 1 0 32 18 33 30 12 9 37 34 23 31 26 40 29 15 8 41
11 30 9 34 19 7 14 0 15 22 28 41 13 24 25 3
28 26 1 21 25 32 41 13 22 30 33 9 39 34 7 8 4 24 2
1 30 19 29 39 34 26 40 7 37 12 41 25 21 4 42 2
21 18 32 0 25 41 3 22 33 19 37 23 31 14 15 8 4 2
0 5 42 32 18 4 13 30 19 37 39 34 23 26 7 14 41
25 5 18 3 22 16 9 37 39 34 31 26 7 14 8
32 16 5 42 12 13 33 9 29 24 31 26 14 41 2
18 16 5 3 22 12 37 24 26 40 7 14 4 13
33 16 5 3 22 30 9 34 23 26 7 14 15 8 4
41 16 3 30 9 29 39 23 40 7 37 14 8 13 2
13 5 42 4 22 30 16 12 9 37 39 34 23 31 15 2
22 3 29 34 40 37 14 42 15 8 24 2
30 5 12 3 29 39 24 31 26 7 14 42 15 2
16 26 12 16 19 29 39 34 5 40 7 37 14 42 24
12 19 14 24 40 8 29 26 23 4 2 34
19 29 39 31 42 14 7 15 23 2 5 8 3
9 5 4 3 37 39 34 23 31 29 14 8
29 5 4 37 39 34 31 26 40 7 14
39 3 39 24 23 31 5 40 37 14 42 8
24 5 3 37 34 26 40 15 8 4 2
23 34 26 40 7 14 8 3 2
31 26 40 7 37 14 42 15 8 4 3
26 42 3 15 4 34
40 42 3 7 15 34
7 3 15 8 2
37 4 5 37 15 34 2
14 34 42 2
42 15 8 4 3
15 5 8 34 2
8 5 34
4 34 2
3 5 34 2
5
34
2
