#kunkel.py
# GMT Fri Apr 19 01:42:45 2019
# 
35 38 6 17 36 20 26 21 25 28 13 16 33 9 29 39 31 5 40 7 14 42 41 2
4 22 30 10 33 27 19 9 37 31 24 36 20 26 23 7 21 39 2 25 13 3
38 6 27 11 36 20 18 0 25 32 3 22 12 37 39 23 31 5 29 21 15 8 41 2
6 17 20 16 1 42 32 13 30 10 19 37 39 24 23 11 7 0 8 41 34 2
27 36 20 16 18 0 25 28 13 22 30 10 33 19 9 29 24 23 26 40 7 37 42 41 34
17 30 10 33 19 9 37 39 24 36 26 18 28 14 0 25 32 21 5 22
11 36 5 18 21 25 13 22 33 19 9 29 39 34 23 31 26 40 14 42 8 41 24 2
36 36 26 1 42 32 12 13 16 33 9 37 34 23 40 14 21 8 3 2
20 16 18 21 28 13 10 19 39 24 31 26 40 14 15 41 5 2
10 1 21 25 32 13 22 37 39 24 31 40 7 29 42 8 41 3
26 5 42 0 32 3 22 30 33 19 29 24 31 7 21 15 8 34
32 16 1 42 25 28 21 13 22 33 37 34 31 5 40 7 14 0 15 3
1 16 28 0 25 3 22 29 39 24 23 40 7 14 21 15 41 13 34
21 16 42 28 18 13 12 9 24 23 0 15 41
0 18 28 42 13 19 9 37 23 5 29 14 8 41 2
25 16 5 3 30 12 9 29 24 23 40 7 37 14 15 8 2
28 18 42 3 22 30 16 33 29 39 24 31 40 7 8 34
18 5 33 13 22 30 16 12 19 37 34 23 14 15 8 3
12 13 30 33 19 9 29 39 34 40 7 14 42 15 8 41 3 2
13 16 5 29 39 34 23 31 15
22 42 41 3 30 9 23 31 40 7 14 8 2
30 33 3 29 24 23 5 40 7 37 14 15 34
16 16 33 19 9 29 24 23 7 37 8 41 34 2
33 5 41 19 37 39 23 31 40 14
19 9 31 23 42 14 2 15 3 5
9 5 41 39 34 31 7 14 42 15 8
29 3 39 24 40 14 15 41 34
39 42 3 23 31 37 14 15 2
24 42 3 7 14 15 8 2
23 42 7 14 15 8
31 37 7 14 15 8 3
5 3 8 40 15 41 2
40 3 34 37 14 42 2
7 14 41 8
37 41 37 34 42 15 8 2
14 41
42 15 41 2
15 8 41 34
8 3 34
41 34 2
3 34 2
34 2
2 2
