#kunkel.py
# GMT Fri Apr 19 01:42:46 2019
# 
35 35 38 20 16 11 21 13 22 30 10 12 19 9 29 39 23 31 26 40 14 15 8 41 5
38 22 10 33 19 29 34 23 5 40 18 7 37 12 0 8 32 4 41 25 3
6 36 20 21 25 28 4 13 22 16 33 37 39 34 11 12 14 0 15 8 41 3 24
27 22 16 33 17 29 39 24 36 31 11 40 5 28 1 21 25 32 10 4 8 13
17 36 20 5 26 1 33 25 32 18 41 3 22 10 12 9 34 23 11 14 4 13 24 2
33 36 18 1 42 25 3 22 30 19 37 34 23 31 5 21 15 8 24
20 20 32 42 28 3 22 30 12 37 34 23 31 11 7 29 14 0 15 24 2
16 5 32 1 42 25 28 41 3 30 10 37 34 23 11 40 7 14 21 4
11 36 5 18 32 42 28 22 30 37 23 31 26 40 7 29 14 0 15 41
28 36 1 42 25 13 22 30 10 12 19 24 23 26 8 41 5 2
1 36 12 25 4 13 22 30 19 9 29 39 23 40 7 14 42 15 41
21 36 18 42 32 3 22 30 10 19 24 23 31 26 40 0 15 8 5 2
25 26 18 12 30 10 19 9 29 39 5 40 15 8 2
32 36 4 13 30 12 19 9 37 39 34 31 29 0 15 8 41 2
18 22 30 10 0 37 39 40 5 7 29 36 41 13 42 3
4 26 42 30 12 19 9 29 34 31 5 40 7 14 0 41 2
42 3 19 29 34 23 31 26 40 7 14 0 15 13 2
13 36 12 9 29 39 34 5 7 37 14 0 15 41
22 9 37 23 19 2 15 14 3 12
30 12 3 10 9 39 34 31 40 7 0 24 2
10 9 39 24 23 26 7 14 19 0 15 3
12 36 0 19 39 23 26 40 7 15
19 36 26 0 37 34 31 5 40 7 14 15 41 24
9 36 0 3 29 24 23 31 26 40 14 8 2
29 36 5 37 34 31 40 7 8 3 2
39 36 26 3 24 23 31 5 40 7 14 8 34 2
34 26 23 5 37 0 15 8 2
23 36 26 37 15 5 24
31 26 41 40 7 37 14 8 2
26 5 41 3 37 7 8 24
40 5 3 24 15 41
7 36 24 37 0 8 5
37 0 3 41 24 2
14 5 41 24 15 8 2
0 24 15 5
36 24 8 41 3 2
15 24 15 8 41 2
8 3 41 24
41 41 24 3
3 2
5 2
24 2
2
