#kunkel.py
# GMT Fri Apr 19 01:42:46 2019
# 
35 6 27 36 18 1 42 25 28 22 30 10 12 19 37 39 31 11 29 0 8 4 2
38 6 27 20 16 26 33 0 32 21 13 10 12 19 29 39 24 23 31 11 40 42 5 2
6 17 36 5 0 25 32 18 12 3 30 10 33 9 34 26 40 7 14 15 41 13 2
27 20 26 28 1 42 0 25 32 4 30 16 33 9 24 31 5 40 7 14 21 15 8 41 2
17 36 10 18 42 28 21 13 22 16 12 19 9 37 39 24 26 0 15 8 4 34
26 28 1 42 32 3 10 12 39 24 23 31 40 7 14 15 41 13 34 2
36 36 20 18 42 25 32 3 22 30 33 19 29 39 31 5 7 14 21 8 41
20 18 1 42 13 22 10 12 19 9 37 24 31 11 7 14 21 41 3 2
16 5 18 33 25 32 3 22 12 19 29 39 24 23 11 37 14 0 15 13 34
18 1 42 25 12 13 33 19 39 31 40 7 14 21 15 8 2
32 5 21 25 28 4 33 22 30 12 19 29 31 11 40 41 2
1 5 33 28 4 3 30 10 12 19 29 39 34 23 11 40 0 15 41 2
42 11 5 0 3 30 10 33 29 39 34 31 7 15 4 2
25 10 28 3 30 12 19 37 39 24 23 31 11 7 15 8 13 2
28 30 9 37 39 24 8 40 5 29 21 0 41 34 2
21 22 29 31 34 19 0 15 23 41 13 33 8 3
33 10 3 22 9 37 24 23 11 40 29 14 4
41 41 3 10 12 9 37 39 24 31 11 7 29 15 4 13
13 11 4 13 30 19 9 37 39 40 7 29 14 2
22 10 12 3 30 37 24 31 11 40 14 0 15 8 2
30 9 34 31 11 14 15 2 5 8 3
10 5 3 9 29 24 23 40 15 8 2
12 5 4 9 37 34 23 11 40 7 29 14
19 9 29 24 23 11 40 14 0 4 3 34 2
9 29 31 34 23 5 40 14 15 4
37 39 24 23 31 5 40 7 14 0 15 4
39 5 3 34 23 11 40 7 8 2
24 11 4 3 34 31 7 14 8 24 2
23 11 40 7 0 15 14 2 3
31 3 31 11 40 29 14 0 15
11 34 5 8
40 0 34 4
7 5 0 15 8 4 3 2
29 4 0 3 14 15 8
14 5 0 15 8 4
0 34 15 8
15 4 34
8 5 3 4 34
4 3 5 2
3 5 34
5 34 2
34
2
