#kunkel.py
# GMT Fri Apr 19 01:42:46 2019
# 
35 16 38 6 27 29 24 23 20 10 40 18 7 21 0 2 8 32 41 3 34 13
39 27 36 20 5 26 42 25 41 13 22 10 9 29 34 31 11 40 15 8 4 3 24
38 17 36 18 0 25 28 4 3 22 30 10 12 19 9 29 11 24 23 31 5 7 42 41
6 3 17 36 20 18 1 21 32 33 22 30 10 12 19 9 37 11 40 7 41 13
27 36 20 11 1 33 25 18 13 22 30 16 12 19 37 31 26 14 4 3 2
17 20 16 18 28 1 26 32 33 10 12 19 37 34 31 11 40 15 5 24 2
26 36 11 5 21 25 32 4 13 16 19 9 29 23 26 7 37 14 42 15 41
36 36 20 11 1 21 25 28 18 22 10 12 9 29 24 40 7 37 15 4 2
20 0 28 13 22 16 33 19 9 29 24 23 31 40 14 42 41 3 2
10 1 42 25 3 22 16 33 19 37 34 23 31 11 7 21 15 8 41 13 2
18 21 25 32 41 13 30 33 9 37 34 23 5 0 15 8 4 2
28 22 19 29 24 23 5 14 12 2 15 8 32 41 13 33 34 3
1 42 25 32 21 12 13 30 33 9 29 24 31 5 40 7 14 0 8
21 16 21 25 32 12 13 22 33 19 29 24 23 31 40 42 15 34 2
25 16 32 3 30 33 9 24 31 40 15 4 34 2
32 3 16 19 9 29 24 23 40 37 14 42 15 8
33 42 4 3 22 30 12 19 9 37 34 5 15 41
4 0 3 19 37 24 23 31 5 40 7 14 8 41 13 34
42 16 0 30 12 19 37 34 23 5 7 29 14 8
3 41 13 22 30 34 23 31 5 7 15
22 16 19 9 29 24 5 7 14 0 15 34
30 5 12 16 19 37 24 23 31 11 40 14 0 15 13 2
16 5 12 9 29 31 11 40 37 15 8 41 2
12 9 29 24 23 11 40 7 37 8 34 2
19 9 11 7 0 2 5
9 5 0 13 37 23 31 11 14 41 2
29 5 0 13 37 34 31 11 14 2
11 24 23 14 15 8 41 34 2
24 13 37 34 5 40 0 15 8 41
23 34 31 40 7 8 13
31 34 40 37 14 8 13
5 37 2 13
40 13 14 8 41 34
7 2 14 8 0 41 15 13
37 13 14 0 41 15
14 34 0 15 8 2
0 34 15 8 41 2
15 15 8 13
8 41 13
41 34 2
13 2
34
2
