#kunkel.py
# GMT Fri Apr 19 01:42:48 2019
# 
35 35 6 27 36 20 18 33 25 32 13 30 12 37 39 34 5 40 7 29 14 42 15 8 41 24
38 6 36 28 1 21 25 32 13 30 10 12 19 9 29 24 23 31 40 0 8 4 3 2
6 6 27 17 20 18 21 32 12 13 22 16 33 9 39 34 23 5 40 42 8 4
27 17 20 18 1 25 28 3 22 10 12 37 24 5 40 7 14 15 8 4 13
17 20 28 1 21 25 32 4 3 30 16 33 37 23 31 26 14 0 15 41 2
26 36 20 10 42 25 33 3 30 16 12 9 39 24 23 31 5 7 21 8 41 34
36 20 16 11 28 1 42 32 3 22 10 29 24 23 40 7 37 14 21 41 5
20 22 16 33 37 39 40 11 29 0 15 4 2 5 42 13
16 5 42 18 3 30 10 33 19 37 34 31 11 40 7 14 8 13 24 2
18 10 28 1 42 25 32 21 33 12 19 37 34 23 31 29 0 4 24
28 5 42 25 3 30 33 19 9 39 34 23 31 11 40 7 8 41 24 2
1 5 42 32 4 13 22 30 10 19 39 34 23 11 7 14 15 41
33 10 32 21 3 22 19 9 34 23 7 15 8 4 5
0 30 10 19 29 39 34 40 7 37 14 12 41 25 21 4 42 2
25 5 11 3 22 9 37 39 34 31 7 14 21 15 8
32 42 22 10 12 9 29 24 31 5 37 21 15 41 13 2
21 41 13 10 19 9 39 34 11 7 4 3 24 2
4 42 13 12 9 37 34 31 29 14 8 24 2
13 5 42 3 22 12 19 9 39 34 23 31 11 14 41 2
22 42 30 19 29 24 23 31 11 40 7 14 8 3
30 29 39 23 31 42 11 7 15 8 5 12 2
10 5 12 19 9 29 34 23 31 11 40 14 41
12 19 29 34 23 40 15 8 24 2
19 42 37 39 24 31 11 7 29 15 41 5 2
9 11 5 41 37 39 34 23 31 29 14 15
37 42 3 29 23 11 7 15 8 2
39 5 42 29 39 24 23 31 40 14 15 41
34 29 24 23 11 40 14 15 3
23 40 7 15 8 41 2
31 42 29 40 7 14 15 8
5 29 24 14 8
40 42 3 29 7 41 24
7 11 29 41 2
29 41 3 14 15 8
14 41 14 8 3 24 2
42 15 8 3
15 11 8 41 3 2
8 41 11 3
11 24 41 3
41 2
3 24 2
24 2
2
