#kunkel.py
# GMT Fri Apr 19 01:42:48 2019
# 
35 38 6 27 17 26 20 18 1 42 28 21 30 10 19 9 37 39 34 5 7 29 0 15 41
4 27 17 20 5 1 42 18 30 33 9 29 24 23 31 11 40 7 14 21 15 8 2
38 27 17 36 1 21 32 13 22 30 16 33 9 37 39 24 23 11 40 42 15 34 2
6 27 17 20 42 28 21 12 13 16 33 19 37 39 34 23 31 5 40 7 0 2
27 22 10 19 17 30 29 34 23 26 40 1 0 15 25 3 33 13
17 36 20 16 1 42 25 28 3 22 10 19 9 24 31 11 8 41
26 30 16 23 3 19 9 29 24 36 20 14 42 0 15 8 32 41 2 13
36 20 42 12 13 16 33 19 9 29 39 34 5 40 7 14 15 8 41 2
20 21 25 32 22 30 16 37 39 24 31 5 40 14 15 8 2
16 18 0 3 30 12 29 39 24 31 7 14 21 41 13 34 2
18 10 1 42 28 41 3 12 19 29 39 34 23 31 5 40 7 8 24 2
32 1 21 25 28 3 22 33 19 37 34 11 40 29 14 15 8 41 13 2
1 28 1 21 13 12 19 9 29 24 23 31 5 40 14 15 34 2
42 11 0 28 3 22 12 29 39 24 7 14 15 8 34 2
25 5 28 33 13 22 10 12 19 9 29 39 34 23 11 40 7 0 15
28 13 30 10 12 19 9 29 24 23 31 11 40 0 15 8
21 22 29 39 24 33 11 10 7 0 15 23 2 13
12 10 3 9 37 24 23 11 7 14 0 8 41 13 5 2
13 9 29 39 31 5 0 41 8 3
22 5 30 10 19 9 37 24 31 11 7 29 14 34 2
30 10 5 3 33 19 37 39 34 23 31 40 7 29 15 2
10 37 39 24 9 11 40 14 41 5 8 33
33 41 9 37 39 24 23 31 11 7 14 0 8 34 2
19 11 0 3 39 24 23 40 7 8 41 2
9 0 3 29 39 24 40 7 14 8 34
37 5 0 3 29 39 24 23 31 11 40 7 14 41
39 11 29 0 15 5
34 3 29 24 23 31 5 40 8
23 5 41 11 7 14 8
31 5 0 41 31 11 29 14 15 8 24
5 3 40 15 41
40 0 41 3 11 7 14
7 15 8 41 2
29 11 41 15 8 3
14 11 41 3 0 15
0 24 3
15 11 41 24 15 2
8 3 11 41
11 3
41 24 2
3 24 2
24 2
2 2
