#kunkel.py
# GMT Fri Apr 19 01:42:48 2019
# 
35 27 20 1 42 25 28 4 3 22 30 10 12 19 37 31 26 7 14 0 15 8 41 13
38 27 17 36 20 1 42 25 4 13 33 19 9 39 24 23 31 5 40 7 8 41 34 2
6 17 36 20 32 21 25 28 41 3 22 10 37 39 24 31 40 7 29 14 42 4 34
27 20 5 11 1 21 22 30 16 9 37 39 24 23 31 26 14 0 41 34 2
17 16 5 1 21 32 3 22 10 33 37 39 24 11 40 7 29 14 15 8 41 34
11 10 5 32 1 42 25 28 21 13 16 33 9 39 24 31 26 0 15 34 2
36 22 30 16 19 37 39 24 23 31 26 40 5 12 15 25 4 18 42 3
20 18 1 21 25 32 3 16 12 9 29 24 23 31 26 40 42 13 34
16 16 26 32 33 28 13 30 10 12 9 37 24 23 31 7 29 8 4 5
5 18 32 1 21 25 28 30 19 37 39 24 40 7 14 0 41
32 18 33 0 25 21 13 22 30 12 9 40 14 42 15 8 4 3 2
1 18 33 3 22 10 12 19 9 37 39 24 7 29 0 4 2
42 26 21 41 13 30 10 33 19 29 24 7 12 14 4 3 34
25 0 18 3 22 33 19 9 37 39 24 26 7 29 14 4 34
28 10 18 33 13 22 12 19 9 29 34 23 31 40 7 15 8 2
21 26 33 0 13 30 12 19 37 39 31 15 8 41 3
18 0 3 22 30 10 33 19 39 24 23 31 7 41 34 2
33 10 30 19 29 39 34 23 26 40 14 8 4
4 22 19 9 37 39 34 23 8 15 41 12
3 13 22 10 9 29 34 23 26 40 7 15 8 2
22 13 10 12 24 23 31 14 15 8 41
30 10 0 19 9 39 24 23 31 40 7 14 8 41 34 2
10 26 10 13 19 9 37 24 31 40 0 15 2
12 0 37 39 34 23 31 7 15 8 41 2
19 2 9 24 23 40 41 13
9 26 29 39 23 7 37 14 15 8 41 2
37 13 24 26 40 7 14 41 34
39 23 31 26 14 0 8 2
24 26 13 23 40 29 0 15 8
23 0 13 7 15 2
31 13 29 34 31 26 14 8
26 26 40 7 15 8 41 34 2
40 29 15 8 41 34 2
7 14 29 41
29 13 14 0 15 8 41 2
14 34 15 8 13
0 13 34 15 8 41 2
15 34 2
8 13 34
41 13 34 2
13 34 2
34
2
