#kunkel.py
# GMT Fri Apr 19 01:42:49 2019
# 
35 6 36 16 32 1 42 25 28 4 3 22 10 33 9 37 24 23 31 26 7 21 41 2
38 4 6 36 20 11 1 21 32 12 13 22 30 33 24 23 31 26 40 7 0 15 8 41
6 6 11 36 20 26 25 32 4 13 22 30 37 39 31 5 40 7 14 41 3 2
27 30 16 33 19 9 37 39 24 23 31 26 18 28 14 42 0 15 20 10 4 36
17 36 20 16 11 32 1 42 25 28 22 30 10 12 19 9 29 24 5 7 37 4 2
29 36 11 42 25 32 33 3 10 12 19 9 39 24 23 31 26 7 14 0 41 13 2
36 20 1 0 28 3 30 10 19 39 34 23 31 11 40 7 42 8 2
20 18 25 32 22 16 33 9 37 39 24 31 5 40 7 15 41 34
16 18 1 0 32 13 30 37 24 23 31 40 7 14 15 8 4 3 34
11 22 30 10 9 24 31 40 12 41 15 25 28 21 3 34 13
32 21 32 3 22 30 12 9 39 24 23 31 5 7 14 0 15 2
1 18 21 28 33 22 10 12 37 39 24 31 26 40 14 42 41 34 2
21 5 0 25 28 18 33 30 10 12 9 37 24 31 26 40 7 15 8 34
0 4 10 19 24 40 7 14 42 41 15 25 28 34 13
25 26 33 28 13 22 10 12 19 39 23 40 14 8 41
28 22 39 23 31 26 7 14 19 41 5 4 2
18 18 42 3 22 30 33 19 37 39 24 31 5 7 8 4 13 34 2
4 42 12 3 10 33 19 9 24 23 31 14 15 41 13
3 26 42 13 30 19 9 24 23 5 40 8 41 2
22 42 33 10 12 19 24 23 31 15 8 34
30 26 13 33 19 9 37 39 24 23 14 15 8 41
10 13 9 24 23 5 40 37 14 15 8 41 2
33 41 12 19 9 39 34 23 14 15 2
19 12 9 24 31 26 40 7 37 8 41 2
9 5 42 12 13 23 26 37 14 8
37 13 39 23 40 14 42 15 8 41
39 42 12 39 24 23 31 5 40 15 8 34 2
24 42 34 13 5 2
23 42 12 34 31 5 40 14 2
31 5 26 40 8 41
26 13 12 34 5 7 15 8 2
40 42 12 34 7 14
7 13 34 14 42 8 41
12 5 13 34 42 15 41
14 34 2 13
42 13 5 15 8
15 41 13 5 2
8 13 34 41 5
41 5 2
13 13 2
5 34 2
34 2
2 2
