#kunkel.py
# GMT Fri Apr 19 01:42:49 2019
# 
35 38 6 20 32 1 12 25 28 3 30 16 33 19 39 24 23 31 11 40 15 8 34 2
38 6 27 17 36 20 1 25 28 4 13 22 10 12 9 24 23 5 14 15 41 34
6 27 20 18 42 25 3 22 30 10 12 29 11 34 23 31 5 37 21 8 4 13 2
27 16 18 1 0 3 10 33 9 37 24 31 11 7 29 14 15 8 41 13 5 34
17 22 30 10 13 31 34 20 16 40 11 7 12 15 8 32 4 18 24 42 33
26 26 36 20 11 32 21 25 28 4 3 22 30 16 12 19 9 37 39 23 31 5 15 8 41 13
36 36 20 1 42 25 28 18 12 13 16 33 9 29 39 34 31 11 40 14 0 15 2
20 16 18 21 3 10 33 9 37 24 23 40 14 0 15 4 13 5 34
10 1 21 25 28 12 30 16 33 19 29 39 23 31 11 7 37 15 8 2
5 5 32 25 28 42 3 19 37 39 24 23 11 40 14 21 41 13 2
32 22 19 9 29 39 23 31 40 37 14 0 25 28 4 13 42 2
1 21 25 4 13 30 19 9 37 34 11 40 7 14 42 15 8 41 2
12 0 25 18 4 13 30 9 37 24 31 11 7 29 41 34 2
0 22 30 19 9 37 34 7 29 14 21 15 8 2 24 25 3
25 18 28 25 13 16 19 9 37 24 7 15 8 4
28 18 13 16 9 39 34 23 31 11 40 7 15 8 41
18 42 41 13 30 19 39 34 31 7 14 21 8 4 2
4 3 22 33 19 9 29 39 23 11 7 15 8 41 2
42 13 30 16 33 19 9 37 39 23 31 11 7 15 8 41
3 16 9 37 39 34 8 7 29 14 21 11 41 13
22 11 21 30 33 19 9 29 39 31 40 7 14 15 41 2
30 9 29 39 24 23 31 40 7 37 15 8
16 21 33 29 39 24 31 40 7 37 14 41
33 13 19 9 29 39 24 23 31 11 40 37 15 2
19 13 37 31 11 40 7 14 21 8 41
9 11 21 37 34 31 7 14 8 41
29 13 24 40 7 14 8 41 2
39 37 34 11 14 21 15 13 2
24 21 34 23 31 7 14 15 41 13 2
23 11 40 7 14 21 41 34 2
31 37 34 40 41
11 40 14 15 8
40 21 13 34 7 37 8 2
7 21 34 13
37 34
14 13 21 2
21 34 15 41
15 2
8 2
41 13 34 2
13
34
2
