#kunkel.py
# GMT Fri Apr 19 01:39:51 2019
# 
0 0 1 2 3 5 6 8 9 10 11 14 15 19 21 23 24 25 27 28 30 31 33 36 38 39
1 3 4 5 7 8 9 11 12 15 17 21 22 25 26 30 31 33 36 37 38 40 41 42
2 4 7 8 9 10 12 14 15 16 17 20 22 23 24 26 28 29 30 36 37 38 42
3 4 6 7 10 11 18 19 21 23 25 28 29 31 32 33 34 36 37 39 40
4 5 8 9 10 13 14 16 21 22 24 26 27 29 30 33 35 37 39 41
5 11 12 13 14 16 19 22 26 28 29 30 31 34 35 36 37 39 40 42
6 7 8 9 12 13 14 16 17 18 20 22 25 26 27 28 30 31 34 37 38 39 40 41
7 10 13 16 18 20 21 23 26 28 29 31 32 33 34 36 37 40 41 42
8 11 12 14 15 19 20 22 23 26 27 28 31 32 33 34 40 41 42
9 11 13 16 17 18 20 23 24 27 28 29 32 33 34 35 36 37 38 42
10 12 16 17 18 19 22 23 25 26 27 28 30 34 38 39 40 42
11 13 14 17 18 20 21 25 26 27 28 33 34 35 36 37 39 41
12 14 17 20 21 23 24 25 26 28 31 33 34 36 37 38 41
13 15 16 17 21 27 28 29 30 31 36 37 38 39 40 41 42
14 32 35 15 17 18 40 22 23 25 27 36 30 31
15 34 36 37 35 32 17 18 19 21 22 40 24 25 26 28
16 16 17 18 19 21 23 24 26 27 28 29 31 32 34 35 39 40
17 34 33 42 20 21 22 24 39 26 29
18 32 33 34 37 40 35 22 24 26 38 28 42
19 20 21 22 25 28 29 31 32 34 36 37 39 40 41 42
20 33 35 37 34 38 40 24 25 27 28 29 39
21 24 25 26 27 30 32 35 38 39 41 42
22 23 24 26 29 30 31 33 34 35 38 39 41
23 24 25 26 27 29 31 32 36 37 39 41 42
24 25 30 32 33 34 36 37 41 42
25 26 29 30 31 35 38 40 42
26 35 36 38 39 42
27 27 30 31 32 33 34 36 37 38 41 42
28 29 30 31 35 36 41
29 30 32 34 36 37 38 39
30 31 33 34 36 38 42
31 35 37 39 40
32 33 34 36 38 35 39 40
33 35 36 37 41 42
34 36 41 42
35 37 38 40 41 42
36 38 39 40 41
37 37 39 42
38 38 39 40 41
39 39 40 42
40 41
41 42
42
