#kunkel.py
# GMT Fri Apr 19 01:42:51 2019
# 
35 10 38 19 17 37 39 34 23 20 26 42 11 1 12 27 15 4 13 5 24 3
38 30 17 19 9 29 24 34 25 20 5 26 7 37 42 0 8 28 21 4 2
6 27 17 36 20 18 1 42 22 30 16 12 29 24 23 31 5 7 37 21 15 8 4 34
27 20 10 5 1 26 32 3 16 12 19 9 39 24 11 7 15 41 13 34 2
17 36 18 28 1 42 32 41 3 30 19 37 24 23 31 11 40 14 15 8 4 13
16 36 1 42 25 21 3 22 30 12 19 39 24 23 31 11 40 7 14 0 2
36 36 10 18 1 0 41 3 22 12 19 9 29 24 26 7 37 14 8 4 13 34
20 18 28 42 32 41 3 22 30 33 9 37 24 31 11 14 0 8 4 13
5 18 21 25 32 41 3 22 30 10 12 19 9 37 11 42 8 4 2
11 22 33 30 39 23 40 26 19 0 15 8 10 21 18 2
32 26 1 21 25 28 3 22 30 10 9 39 24 31 7 14 0 15 8
1 18 21 25 13 22 30 33 29 39 34 23 26 40 14 42 4 2
42 26 21 28 41 3 22 33 19 9 29 39 34 37 8 4
0 10 18 0 25 33 30 12 9 37 34 23 29 14 21 8 4 13 24 2
25 26 28 25 41 3 22 30 12 19 9 29 39 24 40 7 37 15 8 4
28 12 3 22 30 33 19 29 26 40 7 14 15 8 41 13 2
18 30 10 33 19 9 29 39 24 31 7 37 21 15 41 34
33 41 3 10 12 29 39 23 31 26 40 7 14 15 8 4 13
41 30 26 23 37 31 24 40 13 34 12 2
13 12 21 3 22 19 37 24 23 26 40 7 29 8
22 3 12 9 37 24 26 40 7 14 8
30 4 3 19 9 26 15 8 2
10 19 9 37 24 31 40 7 29 14 15 8 2
12 4 21 12 19 37 39 31 14 15 8 2
19 3 29 34 23 8
9 21 3 29 31 26 37 14 15 2
37 3 39 31 26 40 14 15 2
39 3 24 31 40 7 29 21 15 8 4 2
34 14 21 24 31 26 40 7 15 23 8
23 29 31 40 26 7 2 15 8 3
31 4 26 40 29 21 8 2
26 7 29 21 24
40 4 21 15 3 24
7 21 14 15 4 3
29 15 8 4 2
14 4 15 8 21 2
21 15 8 24 2
15 4
8 24
4 3 2
3
24 2
2
