#kunkel.py
# GMT Fri Apr 19 01:42:52 2019
# 
35 10 38 13 16 37 39 24 33 20 26 7 28 1 42 2 12 25 32 31 34 3
38 22 27 17 13 34 14 40 11 7 1 21 0 15 8 4 18 5 41 42 3
6 6 27 17 20 16 18 0 25 28 12 42 13 10 33 9 24 11 40 7 14 21 4 34 2
27 17 16 18 1 21 4 22 10 33 19 9 29 39 34 23 0 15 41 24 2
17 30 16 37 39 34 36 31 26 29 1 12 0 23 20 21 13 32 3
36 20 26 1 42 28 3 10 33 19 29 24 23 31 5 7 37 14 21 15 8 41 34 2
20 5 26 32 42 28 21 3 30 33 37 39 24 11 14 0 8 4 34 2
16 5 42 32 18 13 30 10 12 19 37 39 23 11 40 7 29 14 8
11 10 11 1 42 25 18 4 3 22 30 33 19 34 23 31 26 40 14 15 8 41
32 1 0 28 3 22 19 9 29 39 24 23 26 40 7 37 14 15 4 13 34
1 22 26 30 13 19 12 42 0 25 21 18 33 4 2
42 5 26 28 13 22 30 12 37 39 24 40 7 29 8 4
0 22 10 29 39 23 14 26 8 19 25 28 21 31 4
25 5 26 33 21 18 3 10 12 19 9 37 39 40 7 29 14 2
28 18 13 30 10 19 29 39 24 23 5 40 15 8 4 2
18 26 21 12 3 33 19 37 24 23 40 7 8 41 34
12 10 3 22 33 29 39 34 5 7 37 21 15 8 4 13
3 21 33 22 30 10 9 24 23 31 14 15 4 2
22 5 13 30 33 19 9 37 24 31 7 14 8 41 34
30 21 4 19 9 29 39 24 23 40 7 15 41 34 2
10 10 41 19 37 39 24 23 26 15 8 4 13 5 34 2
33 5 41 9 29 23 31 40 7 37 15 4 13
19 41 13 9 37 39 24 23 15 4
9 26 21 29 34 31 5 7 37 14 8 4 13 2
37 29 31 26 40 37 14 21 15 8 2
39 5 21 29 34 26 14 15 41 2
24 29 31 34 26 7 14 21
23 29 34 31 8 4 5 41
31 40 26 7 29 14 21 5 4 13
26 5 13 7 8 4
40 34 14 15 4 2 5 41 13
7 41 34 15 8 4
29 4 34 8 41 2
14 5 41 34 14 8 4 2
21 5 15 41 13
41 13 34 15 8 2
15 5 4 13 2
8 4 13
4 2
13 5 34
5 2
34 2
2
