#kunkel.py
# GMT Fri Apr 19 01:42:53 2019
# 
35 38 26 21 32 41 3 22 10 19 9 29 39 24 31 11 37 14 0 15 4 13 2
38 30 10 3 19 9 29 25 31 11 40 7 1 42 15 8 28 21 2 41 13
6 17 36 26 28 0 25 32 41 10 33 9 29 24 23 31 11 40 37 42 15 4 2
27 36 20 10 5 1 42 25 28 41 22 30 16 12 29 34 23 11 40 7 15 4 2
17 36 20 21 25 28 3 30 10 33 19 29 24 40 7 37 14 42 15 8 4 13 2
12 22 30 16 19 29 24 36 31 11 40 10 14 0 41 8 28 1 34 25 13
36 20 26 42 25 3 22 16 19 37 39 24 23 31 5 40 14 15 41 13 2
20 26 1 28 41 16 33 19 29 39 24 31 11 40 7 37 14 15 8 4
16 28 21 32 33 30 10 19 9 29 39 24 23 31 26 14 8 13 2
26 10 18 1 0 32 3 22 30 9 37 34 23 11 7 15 4 13
28 10 18 42 4 3 22 19 37 39 31 5 14 0 41 13
1 30 19 9 37 31 24 23 5 7 0 33 25 4 2 18 13
21 10 5 0 25 32 41 13 22 33 9 37 39 24 23 31 11 40 29 15 4 34
25 22 10 9 24 5 19 7 0 23 32 4 8 33
32 5 42 18 4 3 30 19 29 39 24 11 7 0 8 41 13 34
18 0 4 3 22 30 10 33 37 39 24 23 5 40 42 15 41 34 2
41 42 33 30 10 39 23 31 11 14 15 3
42 5 13 22 30 10 33 29 24 11 40 7 4 34 2
13 10 11 9 29 34 23 31 7 14 8 2
22 5 0 3 19 29 39 24 31 7 37 14 8 34 2
30 5 11 33 0 3 9 29 39 24 23 31 7 37 14 8 2
10 3 33 19 37 23 40 7 14 2
33 5 33 19 9 29 39 34 31 11 37 14 15
19 3 9 34 5 7 15 8 4
9 37 39 24 7 14 0 15 4 3 34
29 34 23 40 14 15 3 2
39 3 37 24 31 5 40 7 8 4
24 0 34 23 14 4 2
23 3 31 5 40 7 0 8 4 34
31 5 34 31 11 8 4 2
11 11 3 37 5 7 14 0 15 8 2
40 5 7 37 14 8 4 34
7 14 15
37 3 37 34 0 8 4 2
14 3 5 0 15 8
0 15 8 2
15 34 8 2
8 5 3 34
4 3 5
3
5 34 2
34
2
