#kunkel.py
# GMT Fri Apr 19 01:42:54 2019
# 
35 38 17 20 10 18 0 25 28 4 3 22 16 33 29 34 23 5 40 7 42 41 13
38 27 18 32 1 42 25 28 12 13 30 16 33 9 29 39 11 7 0 15 4 2
6 17 36 20 18 32 21 28 12 13 10 33 29 39 24 23 31 11 7 37 8 4 34
27 27 17 20 16 18 32 1 42 28 12 3 30 10 33 19 29 34 31 40 7 14 21 41 13
17 20 18 0 25 32 3 22 30 10 33 19 29 39 31 26 40 14 15 4 13 2
11 30 16 9 37 39 36 31 10 40 5 7 29 1 12 8 32 21 18 3
12 36 20 26 32 0 25 28 18 33 3 22 10 12 19 9 24 23 21 15 34 2
20 26 36 18 33 25 21 19 9 37 24 5 7 14 0 15 41 2
10 18 1 42 28 3 30 10 9 37 24 23 14 0 15 8 4 13 34
18 5 1 42 0 32 4 30 16 19 9 39 24 31 40 7 14 21 41
32 5 21 25 28 33 22 19 9 39 34 26 40 8 41 13
1 36 5 26 1 25 28 3 30 33 19 29 24 23 40 7 14 4 34 2
0 36 42 28 3 22 19 29 39 34 31 26 37 15 8 13 2
25 21 33 30 16 19 9 37 39 24 23 31 26 40 42 8 34 2
28 36 26 42 21 13 22 39 5 14 15 8 41 2
21 36 5 33 4 13 9 29 23 31 15 41 3 2
4 3 16 19 29 39 34 26 40 37 15 41 5 24 2
26 36 3 30 16 9 29 24 40 7 37 14 42 15
3 36 13 22 16 19 37 39 24 31 14 2
22 36 30 16 19 9 24 23 31 5 40 7 42 15 34 2
30 36 42 16 19 9 37 24 23 8 41 5 34 2
16 5 23 31 40 42 36 15 2 8 13
33 36 13 29 39 24 7 37 14 15 41 34
19 29 24 23 5 40 7 37 8 41 13
9 36 5 42 13 39 24 23 14 15 41
29 5 42 34 23 31 40 7 15 41 2
39 36 5 41 24 23 40 42 8 34 2
34 36 13 24 23 5 7 14 15 8 41
23 42 5 37 40 41 13
31 24 8 42 7 37 15 41 13 5
5 36 14 15 8 2
40 14 37 15 8 2
7 14 42 37 15 8 13
37 36 41 13 15 8 2
14 13 42 15 41 2 24
42 36 15 41 2
36 8 41 24
15 8
8 41 2
41 24
13 2
24 2
2 2
