#kunkel.py
# GMT Fri Apr 19 01:42:55 2019
# 
35 22 30 10 33 17 39 34 23 20 11 18 7 21 38 0 15 8 4 5 24 2
38 6 27 36 20 10 1 21 25 28 30 16 12 19 37 34 23 31 5 7 15 4
6 27 11 1 21 41 3 22 16 33 19 9 37 39 23 31 26 40 14 42 15 4 13 2
27 17 36 20 42 32 3 22 16 19 9 29 39 24 23 5 40 7 4 13 34
17 36 1 42 21 12 13 22 16 33 19 9 37 24 5 0 15 8 41 34 2
16 36 18 1 42 21 12 3 10 33 29 39 23 31 26 7 14 0 15 13
26 20 18 1 42 25 28 21 3 30 19 9 37 24 5 40 7 14 0 4 13
36 20 10 18 1 0 25 33 22 30 12 19 39 31 11 40 14 42 8 4 13
20 18 1 42 25 32 21 4 22 30 19 9 37 24 23 0 15 41
5 10 9 29 31 40 19 7 1 21 15 8 14 4 3 12 13
18 10 0 25 28 12 30 33 9 29 24 23 31 7 14 8 4 34 2
32 30 12 3 29 24 25 31 11 7 37 0 39 15 8 4 2 33 34 13
1 10 11 0 30 12 9 29 39 24 31 40 7 14 15 41 34
21 0 25 28 12 3 22 30 33 19 39 34 11 40 41 8 4 13 24 2
25 28 33 3 22 10 12 19 9 29 24 40 7 15 41 13 2
28 4 42 3 33 9 29 39 24 23 31 40 37 14 0 8 41 2
12 13 33 19 37 39 24 31 40 14 42 15 34 2
42 10 11 42 33 30 37 34 23 31 40 7 0 15 8 41 2
3 10 11 0 22 30 19 37 23 31 7 15 8 41 2
22 30 10 33 9 37 24 11 19 29 14 0 4
30 10 33 29 24 31 40 15 8 41 13 34 2
10 29 39 34 11 7 37 4 2 33
33 41 9 29 24 23 11 37 4
19 11 0 19 9 29 39 34 23 40 15 8 2
9 0 13 37 40 7 29 15 8 4
37 11 29 24 7 14 0 8 13 34 2
39 41 13 29 39 24 23 40 7 0 8 4 2
34 14 23 31 11 2 41 13
23 31 40 7 14 0 8 41 13
31 29 11 0 2 24 13
11 40 7 14 15 8 41 13
40 14 24 29 8
7 41 14 4 2
29 0 41 13 15 8 4 2
14 0 24 15 8 41 2
0 0 24 4
41 15 8 4 13
15 4 8 13
8 8 2
4
13
24 2
2
