#kunkel.py
# GMT Fri Apr 19 01:42:57 2019
# 
35 35 38 36 10 32 25 28 13 22 30 16 33 19 9 37 39 24 5 40 7 15 41 34 2
4 38 6 27 17 5 11 21 28 18 22 30 10 12 19 9 39 34 26 7 14 0 15 41 2
38 17 36 18 32 0 25 28 3 16 12 19 9 29 24 23 31 40 7 42 8 34 2
6 17 20 18 32 1 21 25 28 12 3 22 30 16 33 39 24 23 11 40 7 42 41 13
27 11 20 18 42 25 28 12 3 22 30 16 33 29 39 34 5 40 7 37 21 13 2
17 1 21 25 32 13 16 12 19 9 37 39 34 23 26 40 7 14 42 15
11 36 21 32 3 22 16 19 29 24 23 31 26 7 37 14 15 8 41 13 2
36 20 16 26 21 28 18 3 22 30 10 12 29 24 40 7 42 15 5 34
20 0 25 28 22 30 16 12 19 9 29 24 23 31 40 7 37 14 42 15 34
10 5 1 21 25 12 3 16 33 19 9 29 23 31 26 40 7 15 13 2
18 13 19 29 34 23 26 42 5 0 15 25 32 2 33 8 3
32 5 1 21 25 3 22 30 16 33 19 29 31 26 40 37 14 15 8
1 22 30 9 37 39 24 23 31 7 14 42 0 8 28 21 13 2
0 21 25 3 30 16 12 29 39 34 23 31 5 7 37 14 15 8 41 13
25 42 28 12 3 22 33 37 39 24 31 7 8 34
28 21 33 13 22 12 19 37 39 24 31 26 14 15 41 3 34 2
21 5 26 3 30 19 9 37 24 15 34 2
12 3 30 16 29 24 31 40 14 15 8 2
26 30 16 33 13 29 24 31 37 41 8 5 2
13 22 16 19 9 29 31 40 7 37 14 15
22 5 41 3 16 9 34 23 31 14 15 8
30 16 19 39 24 42 14 40 23 5
16 33 19 29 39 34 7 42 41 2
33 9 29 34 23 40 7 37 14 15 8 41 2
19 42 9 37 23 31 40 15 8 5
9 42 41 3 34 23 5 15 8 24 2
37 42 39 23 31 40 7 8 2
39 42 41 24 23 31 5 7 15 8 34 2
24 14 42 41 31 5 3
23 5 3 34 31 40 14 15 41
31 29 40 41 2
5 42 29 7 14 8
40 42 3 8 41 2
7 41 3 14
29 42 29 34 15 41 3 2
14 15 8 2 41
42 3 8 41 34
15 8 2
8 34 41
41 41 34 2
3 2
34
2 2
