#refine.py
# GMT Mon Apr 29 01:09:35 2019
# 
26 35 0 25 16 36 40 20 4 14 37 33 42 15 21 2 5 30 24 23 3 19 31
10 32 35 27 0 25 34 29 7 17 13 42 33 12 24 28 2 20 30 15 19 39 31
35 33 12 0 25 8 20 42 23 7 1 39 31 6 16 4 22 24
17 33 9 8 21 41 40 34 16 5 24 39 29 6 19 27 25 36 12 37 42
2 18 25 34 16 29 27 20 4 22 39 9 41 28 8 11 30 15 3 6 24
0 9 41 18 1 37 34 16 42 23 29 6 19 36 32 5 31 22 39
18 3 33 9 15 25 36 40 34 11 38 42 6 19 4 28 7 20 22 39
25 40 38 29 7 1 13 20 4 22 39 37 33 41 8 5 30
34 19 9 12 21 41 20 30 42 23 29 7 1 3 37 22 24
16 29 16 7 1 27 13 5 14 3 33 41 28 11 42 6 19 36
38 14 32 33 9 41 8 36 20 30 42 7 39 21 13 3 28 5 31 24
9 30 29 12 41 40 8 23 3 19 31 6 5 4 39
29 14 6 15 8 7 27 21 13 3 5 31 22 33
7 14 12 41 15 11 42 23 36 30 31 3 4 22
1 32 33 12 41 30 8 23 19 27 21 13 11 5 4 22 39
27 14 8 15 21 31 40 42 36 28 13 11 20 4 22 39
13 14 32 33 28 36 40 20 23 6 19 21 3 39
11 14 37 3 39 12 8 21 36 40 30 15 6 24 22 19
42 14 33 41 40 20 15 23 32 8 39
4 32 28 15 37 40 30 23 36 3 5 31
22 37 14 33 12 5 21 40 20 30 24 6
39 36 5 39 14 8 23 19 31 24
14 30 32 12 5 15 37 23 6 20 31
32 33 12 15 19 41 40 5 24 23 6 30 28 37
37 36 5 8 28 41 40 30 20 23 6 19 24
33 30 8 40 6 21 5 24
12 20 36 5 41 28 8 40 24 23 3 31
41 20 8 28 21 5 30 15 36
28 30 8 36 24 6 31 3 20
21 36 20 15 8 40 24 23 6 19 31
8 31 23 24
36 40 24 31 6
40 15 20 19 3
20 23 3
5 15 24 3
15 30 23 24
23 24 6
24 3
3 19 31
30 31 19
6 6 19 31
31 19
19 19
