#refine.py
# GMT Tue Apr 30 15:40:24 2019
# 
3 37 16 22 11 42 34 26 4 1 30 12 20 21 19 33 9 18 6 23 8 2
16 17 14 2 34 26 4 32 35 39 5 38 41 30 21 19 24 6 10 13 25
22 37 11 2 42 17 0 15 4 5 40 28 26 27 9 21 19 33 29 6 23
41 37 31 36 25 34 17 15 23 32 1 40 39 13 27 30 28 26 18 6 19
14 12 34 42 7 15 4 32 20 5 39 38 13 21 24 28 26 36 23 2
2 25 34 7 0 15 42 32 5 39 17 29 19 33 28 8 20
42 37 11 20 13 0 8 32 5 23 40 38 27 30 28 36 10 25
17 6 34 7 8 20 5 35 40 26 27 29 21 24 36 10 25
4 11 20 13 15 10 1 31 5 37 35 27 12 21 18 24 28 26
1 37 31 25 26 38 21 24 6 7 11 20 0 15 35 9 19 33 36 8
40 11 34 15 10 32 31 23 38 24 30 21 19 33 28 6 8 25
5 37 11 23 7 33 27 9 21 19 24 18 36 10 13
38 12 29 25 0 15 23 32 35 27 9 21 18 24 28 6 19
13 31 25 33 12 26 11 0 15 23 32 35 39 27 9 36 8
30 31 34 7 0 10 39 35 37 24 27 9 26 18 33 28 23
21 6 12 34 39 35 9 28 31 36 23
28 37 26 11 15 39 35 29 31 36 12 8
24 37 11 25 7 6 15 12 35 27 29 33 36
18 26 31 6 34 20 15 32 37 19 29 23 36 10 8 25
6 29 23 8 32 39 33 27 12 31 36
25 31 11 36 15 7 27 29 19 9 20
12 7 11 34 20 32 39 27 9 29 37 8 19
7 31 34 26 9 10 37 27 29 19 33 23 8
11 11 20 34 0 35 29 19 33 31 10
34 20 0 9 10 32 26 33
20 0 15 39 27 19 23 36 10 8
0 26 9 10 32 35 39 27 29 33 36
15 37 23 32 35 9 33 31 8
23 10 35 39 27 19 33
32 9 8 35 37 19 10
35 26 39 27 29 19 10 8
39 31 36 9 29 19 33 8
37 29 9 36 10 8 19
26 31 8 27 29 19 33 36
27 19 9
9 36 33 29
19 29
33 29 31
29 10 31 36
31 10 8
36 8 36
10 8
8 8
