#kunkel.py
# GMT Wed Mar 27 21:44:35 2019
# 
8 18 4 22 28 35 40 13 42 16 30 5 1 19 39 6 14 3 33 11 10 20 24
18 28 13 38 30 1 19 36 37 29 6 34 3 23 2 42 15 27 26 0 20 25
4 9 12 41 35 38 24 32 21 36 39 1 6 34 3 23 2 31 11 27 26 25 33
32 16 29 1 15 14 23 40 33 13 38 31 11 10 26 24 12 27 17 6 7
22 31 34 42 33 38 35 2 21 16 41 27 26 12 0 10 17 1 25 39 37
15 16 14 41 3 36 9 5 2 31 42 10 7 24 0 27 17 19 25 37
28 41 40 9 38 16 19 24 10 1 39 37 17 29 34 14 3 33 31 27 0 2
38 35 13 17 5 12 1 37 29 6 34 3 23 42 31 10 26 27 24
35 29 34 3 16 2 5 42 25 30 24 12 6 1 7 27 37
40 9 6 7 14 23 42 21 16 30 26 39 41 2 36 20 25 33 37
9 9 2 17 30 24 19 36 39 6 34 3 42 25 31 10 41 27 33
5 7 41 14 23 2 13 16 11 25 30 26 12 27 17 21 20 36
42 31 10 34 20 17 30 12 0 27 19 39 37
16 13 12 1 36 6 3 7 31 11 10 41 27 20 25 24
30 41 19 13 12 1 7 37 14 3 33 31 10 27 20 25
41 21 17 13 12 36 37 6 34 14 23 2 7 31 0
13 12 36 29 21 11 7 24 39 10 26 19 25 33
12 33 17 36 2 34 3 23 31 10 25 24
1 7 2 17 29 34 14 3 33 31 11 26 20 25
19 21 17 24 36 39 29 6 3 23 7 10 26 0 27
36 2 17 21 39 29 34 33 11 10 0 24
39 6 23 33 31 11 26 24 27 21 20
37 0 7 29 33 31 26 24 23 25 2
17 21 24 6 34 14 33 27 0 11
29 3 34 14 23 2 11 21 24 27 20 25
6 7 2 14 3 23 33 31 11 10 26 0 20 25
34 21 7 2 23 10 0 25 33
14 21 24 23 11 10 26 0 27 20 25
21 7 3 23 31 10 0 27 20 25 24
3 10 20 33 11 25
23 33 31 11 24 20
33 24 27 26 20
7 20 2 26 0 25
31 24 11 10 0 20
11 2 10 26 0 20 24
10 24 2 0 20
26 0 25 27 2
27 2 0 20 25
0 20
2 20
20
25
24
