#kunkel.py
# GMT Fri Mar 29 05:28:47 2019
# 
0 42 1 35 5 38 33 9 10 12 13 14 15 17 18 19 20 21 22 41 24 29
1 1 2 3 8 9 10 13 15 17 18 20 23 24 25 26 27 30 31 32 34 35 36 37 38
2 33 36 5 6 7 40 11 12 13 16 18 19 20 22 23 26 27 35 37 31
3 3 4 5 9 11 12 13 14 15 17 19 21 22 23 27 30 31 32 33 34 35 38 39 41 42
4 42 33 37 38 7 8 9 10 13 14 15 16 19 20 22 23 25 26 29 30
5 6 7 9 10 11 13 14 15 17 18 22 24 27 29 31 34 35 36 39 42
6 32 35 38 39 41 10 11 34 16 17 18 19 21 22 26 37 29 30 31
7 12 13 14 15 18 22 23 24 27 28 29 31 32 33 36 37 38 40 41 42
8 8 11 13 14 15 18 19 20 22 25 26 27 28 30 32 33 36 37 40 41 42
9 13 15 17 19 21 25 26 28 29 31 32 33 34 35 36 37 39 41
10 13 14 16 17 18 21 26 27 28 29 30 31 32 34 36 38 41
11 32 41 13 15 34 17 18 19 20 23 24 25 40 27 28 37
12 14 17 19 21 22 24 25 26 27 28 30 32 33 34 39 40 41 42
13 19 20 23 25 29 30 36 37 39 41 42
14 16 18 20 21 22 23 24 30 31 32 35 36 39 40 42
15 38 16 18 35 20 32 22 25 33 27 28 37
16 32 42 35 40 41 18 19 20 21 23 36 26 29 30 31
17 34 33 40 18 35 21 23 26 28 29 30 42
18 20 21 22 23 25 26 28 37 39 40
19 20 22 24 25 26 28 30 33 38 41 42
20 22 24 26 27 29 30 32 34 35 36 41
21 23 24 26 27 30 31 33 34 36 37 39 40
22 24 25 26 27 28 29 32 39 40 42
23 32 33 40 42 36 29 31
24 34 35 38 40 39 27 28 37 30 31
25 25 27 28 29 30 31 34 35 36 38 40 41 42
26 35 37 33 30 31
27 29 31 33 34 35 39 41
28 29 30 31 32 36 37 38 39 40
29 31 34 35 38 39 41 42
30 33 35 36 37 38 39 40 42
31 40 33 41
32 34 35 36 38 39 41
33 34 35 37 38 39
34 35 36 39 40 41
35 36 38
36 39 40 41
37 42 40 39 38
38 39 40 41 42
39 41 42
40 42
41 41
42
