#kunkel.py
# GMT Fri Mar 29 05:28:40 2019
# 
0 32 1 37 38 7 8 9 41 39 14 15 16 17 21 22 23 24 27 28 42 31
1 3 5 6 7 9 11 13 20 23 26 27 28 30 31 34 35 36 37 39 41 42
2 32 35 34 3 5 6 8 9 10 13 14 17 18 19 41 25 38 42 37 30 31
3 5 7 8 10 12 13 14 15 16 18 20 21 22 24 25 26 28 32 35 38 41
4 6 8 11 12 13 14 16 17 19 20 22 23 25 26 28 30 33 34 36 37 38 39
5 6 9 10 11 17 18 23 24 26 27 28 30 32 34 35 36 38 39 40 41
6 32 35 40 41 10 11 12 13 15 16 17 22 25 27 36 29 31
7 10 11 13 15 20 23 24 25 27 29 30 34 35 36 37 38 39 40 42
8 33 35 39 41 42 12 14 15 16 18 19 21 22 24 36 29 30
9 9 10 13 14 15 18 19 20 22 23 24 26 28 29 31 35 36 40 41 42
10 13 14 15 16 18 21 22 24 25 27 28 30 31 32 33 37 39 42
11 17 18 19 20 22 23 24 25 26 28 29 32 33 34 35 39 41
12 13 15 17 18 19 21 23 26 28 30 31 33 35 36 37 38 40 42
13 14 16 17 19 21 23 24 25 28 30 31 33 37
14 16 17 19 20 21 22 23 24 25 26 34 35 38 42
15 32 34 36 37 40 18 35 22 24 27 28 29 42
16 32 35 40 19 23 24 25 26 27 28 29 30 31
17 32 33 40 19 22 23 24 36 38 29 39 37
18 42 33 36 35 34 38 19 41 25 27 37 31
19 20 24 25 27 29 30 31 33 34 35 37 39 40 41 42
20 21 23 24 25 27 29 30 32 34 36 38 40 41 42
21 32 34 38 33 41 39 40 22 26 27 28 29 31
22 24 25 27 29 30 32 33 34 38 39 42
23 27 28 29 30 32 36 37 39 40
24 26 30 31 35 36 42
25 26 27 30 32 34 37 38 40 42
26 32 34 38 33 37 28 29 39 36
27 28 29 31 33 34 40 41 42
28 32 42 29 30 37
29 29 33 35 36 37 38 40 41 42
30 32 35 36 37 39 41
31 33 34 35 36 37 39 41 42
32 36 37 39 40 41
33 42 34 39 40 36
34 38 40 39
35 37 39 40
36 37 40 41
37 37 38 40 41
38 41
39 40
40
41 42
42 42
