#kunkel.py
# GMT Fri Mar 29 05:28:51 2019
# 
0 32 1 34 4 37 6 7 38 11 12 13 15 17 40 23 24 25 27 29 30 36
1 2 3 5 13 15 16 18 19 21 22 23 24 25 28 32 34 35 36 37 39 41
2 34 3 36 37 38 33 9 42 39 13 15 17 18 19 21 23 24 27 28 30
3 5 7 15 16 17 21 22 26 29 31 33 34 35 36 37 38 39 40 41 42
4 33 35 36 5 38 8 9 10 11 13 15 16 40 18 19 20 22 24 30 37
5 6 8 9 11 13 14 16 17 19 23 26 31 32 33 34 38 39 40 41
6 6 7 8 10 12 13 14 15 17 20 22 24 26 27 30 31 34 36 38 40 41
7 42 34 8 41 10 11 12 14 15 16 40 19 20 23 24 27 28 29
8 9 10 12 15 16 20 21 22 25 26 30 31 34 36 38 39 40 41 42
9 12 14 15 16 21 23 24 25 28 29 31 33 34 37 38 39 41 42
10 11 12 13 14 15 17 18 20 21 22 25 27 28 31 32 33 36 37 41 42
11 12 13 17 18 19 22 24 25 26 27 29 31 33 35 36 40 41 42
12 33 36 38 14 16 17 21 22 23 24 28 29 30 31
13 14 16 17 18 19 25 27 29 30 34 35 36 39 41
14 14 17 18 20 22 23 26 27 29 30 34 35 36 38 39 40 42
15 37 34 16 18 35 20 23 24 36 38
16 34 35 42 19 20 41 36 26 27 37 31
17 18 20 23 25 29 30 31 32 34 35 36 42
18 20 21 22 24 25 26 27 28 31 32 34 39 41
19 35 38 40 41 42 24 36 27 28 30 31
20 21 23 24 25 26 27 28 29 30 34 37 40
21 36 38 33 40 42 41 23 24 25 26 27 29
22 32 38 33 35 39 24 25 26 28 42 30
23 23 24 26 28 31 32 33 35 38 39 40 42
24 28 29 32 34 35 39
25 34 35 33 38 32 41 39 29 30
26 28 29 30 31 32 35 37 39 40 42
27 32 34 33 40 41 28 29 42
28 29 30 31 32 33 34 35 38 39 40 41
29 31 32 34 37 38 42
30 33 37 39 36 40 31
31 32 37 38 39 41
32 33 34 36 37 39 40 41 42
33 35 36 37 39 40 41 42
34 37 38 40 41
35 37 38 41 42
36 37 38 41
37 42 39
38 38 39 40
39 42
40 40 42
41
42
