#kunkel.py
# GMT Fri Mar 29 05:28:52 2019
# 
0 2 3 5 7 9 12 14 16 17 19 20 21 23 24 25 30 31 32 35 36 37 38
1 5 7 8 9 10 11 13 14 16 18 20 21 22 23 24 25 27 28 32 33 34 37
2 33 34 3 36 5 6 39 8 10 12 17 18 35 20 23 25 29 42
3 32 35 5 7 8 11 14 16 17 37 20 22 24 39 33 27 29 30 31
4 4 6 9 10 11 12 14 16 17 21 22 24 26 29 33 34 36 37 38 39 41 42
5 7 9 15 17 19 20 21 22 26 27 30 31 32 33 34 38 39 40 41
6 7 9 11 12 14 15 16 17 20 24 27 28 31 33 34 35 37 40 41 42
7 9 10 11 13 15 16 18 19 22 23 26 27 29 30 35 37 40 42
8 10 11 12 13 16 20 22 23 24 25 27 29 32 33 34 37 39 40 42
9 14 16 17 18 19 23 28 30 31 32 33 34 35 36 40 41 42
10 12 16 20 21 22 24 25 26 28 29 30 31 32 33 36 38 39 42
11 12 13 14 15 18 19 20 22 29 31 32 33 35 37 40 42
12 38 39 41 34 14 15 16 20 22 23 25 26 30 36
13 34 36 37 38 41 42 14 15 16 40 20 22 25 27 29 30 31
14 17 19 22 24 25 26 27 31 32 35 37 38 39
15 32 34 35 36 40 42 19 20 21 22 24 25 38 28 30
16 37 17 20 24 25 26 27 28 42 36
17 32 39 38 35 20 21 22 24 27 28 29 37
18 19 20 21 22 23 24 25 26 27 28 29 35 36 38 39 40 41
19 20 21 23 24 25 26 27 31 32 34 35 38 39 40
20 22 23 27 28 29 30 34
21 23 26 27 29 30 31 33 34 36 37 39 40 42
22 24 26 28 29 30 31 32 35 38
23 24 29 30 32 36 37 38 39 40 41 42
24 25 28 29 32 36 37 38
25 35 33 38 32 40 26 28 30
26 33 34 40 41 39 27 42 30 37
27 28 31 32 35 36 37 41
28 32 35 36 38 39 41 30 31
29 30 31 34 35 37 38 39 41 42
30 31 33 34 35 40 41
31 33 36 38 41 42
32 32 34 36 37 40 41
33 42 40 35 41 36 37
34 35 39 42 36
35 36 37 40 41 42
36 36 37 38 40 41
37 38 39 41 42
38 39 40 41
39 42 41
40 41 42
41
42
