#kunkel.py
# GMT Fri Mar 29 05:28:54 2019
# 
0 32 1 2 35 4 5 38 9 11 12 13 14 18 20 23 24 36 28 29 30 37
1 4 7 10 11 13 14 17 18 20 21 22 23 26 29 30 33 35 36 38 39 42
2 35 3 4 5 6 39 38 41 10 12 13 16 40 19 20 24 25 27 29 36
3 32 33 35 4 37 6 8 9 10 11 34 17 18 42 20 40 25 29 30 36
4 4 6 7 9 11 13 15 16 19 22 23 24 26 28 30 33 34 36 37 38 41
5 36 38 6 8 41 12 13 14 17 18 19 22 23 26 27 28 29 30 31
6 7 8 10 11 12 14 15 17 19 20 22 23 25 27 28 30 36 38 39 40 41 42
7 10 11 13 14 16 17 20 21 22 25 26 28 29 30 32 33 38 40 41
8 9 12 13 14 16 18 19 20 21 23 27 28 30 35 36 38 39 41 42
9 32 41 42 11 12 13 15 17 18 21 22 24 25 27 36 30 31
10 12 13 17 18 20 21 23 24 25 27 31 32 33 36 37 39 41 42
11 12 13 14 15 16 17 19 23 28 30 31 32 33 36 39
12 13 15 16 19 23 25 26 29 33 34 36 37 38 42
13 15 19 20 21 23 25 28 31 32 33 34 41
14 14 16 17 19 21 22 24 25 26 27 30 31 34 39 40
15 15 19 20 22 23 24 25 26 27 31 32 33 35 39 40 42
16 32 35 37 41 42 34 40 18 19 24 39 26 29 30
17 18 22 23 24 25 26 27 29 30 32 34 38 40 42
18 19 20 23 24 27 28 29 30 31 32 37 38 39 40 42
19 34 39 42 22 24 25 38 30
20 22 24 28 29 31 34 35 36 38 40 42
21 22 23 28 29 30 31 33 34 35 36 37 38 39 41 42
22 24 25 31 32 33 34 36 37 39 41
23 25 26 27 32 33 34 35 36 37 41 42
24 25 26 28 29 30 32 35 38 39 40
25 26 33 34 37 39 40 42
26 34 35 40 41 27 29 31
27 32 36 42 40 41 38 28 29 31
28 28 31 33 34 35 36 37 38 40 41 42
29 31 32 34 36 37 40 41 42
30 31 33 35 37 38 41
31 32 33 34 36 37 39 41
32 33 34 35 37 39 41
33 35 37 39 40 42
34 37 39 40
35 35 37 38 39 40 41
36 36 39 40
37 38 42
38 40 41
39
40 42
41
42
