#kunkel.py
# GMT Fri Mar 29 05:28:54 2019
# 
0 33 3 5 6 7 38 9 11 12 13 15 18 35 22 41 39 27 28 29 30
1 33 3 36 38 6 7 8 41 42 17 18 19 40 22 23 24 25 26 28
2 2 3 5 9 10 12 15 21 22 23 24 25 26 27 30 31 32 33 34 35 36 37 38 40
3 3 4 5 7 11 13 15 16 17 18 19 21 22 27 29 32 34 35 36 37 38 40
4 34 36 37 38 9 10 11 12 13 14 15 16 18 35 41 24 25 28 42 30
5 6 11 12 13 15 16 18 19 20 25 26 27 28 29 30 31 33 36 37 39 40 41 42
6 34 33 38 7 40 10 11 12 13 15 17 22 24 25 26 28 42 39
7 36 38 32 8 9 39 12 13 14 15 40 41 22 23 26 29 30
8 9 10 14 16 17 22 24 25 26 29 30 31 32 33 34 36 37 38 40 41 42
9 12 13 14 16 17 19 20 24 25 26 27 30 31 32 33 34 38 39 42
10 11 12 13 17 19 20 21 22 23 24 27 30 32 35 36 37 39 40
11 14 17 18 21 22 24 28 31 32 33 36 37 38 39 40 42
12 13 16 19 23 25 27 30 31 33 35 36 37 39 41
13 15 16 17 21 23 24 27 32 33 34 36 38 40 42
14 15 16 18 19 20 21 22 23 24 25 32 34 35 36 38 39 40 42
15 16 17 18 19 21 24 34 35 37 39 40 41 42
16 32 42 37 20 21 22 23 26 28 29 30 31
17 19 20 21 23 27 30 31 34 35 37 39 40 42
18 35 39 41 19 21 23 24 25 26 38 28 30 31
19 19 20 21 22 23 25 28 30 32 33 34 35 36 37 41 42
20 21 24 25 28 29 30 31 32 35 36 37 38 39 40 41 42
21 23 24 26 28 30 32 35 39 40 41
22 32 41 35 24 39 26 28 42 31
23 32 34 36 38 39 26 27 29 31
24 25 31 32 33 35 36 37 39
25 33 42 36 26 27 29 30 37
26 27 28 29 30 31 37 38 40 42
27 27 29 31 32 33 34 36 38 40 41 42
28 29 30 32 35 38 39 40 41 42
29 33 34 36 38 41 39 35 37 31
30 31 32 41 42
31 34 35 37 38 40
32 41 34
33 34 36 42 37 41 35
34 37 38 41 35
35 36 40 41
36 40
37 39 41
38 39 42
39
40 42
41
42
