#kunkel.py
# GMT Fri Mar 29 05:28:55 2019
# 
0 1 4 5 6 7 9 11 13 14 15 17 19 22 24 26 29 32 33 34 35 36 38
1 2 3 4 6 9 10 11 13 15 16 21 23 26 28 30 31 33 36 38 39 40 41 42
2 4 5 7 13 15 16 17 18 19 20 21 23 24 26 29 30 31 32 35 37 38 40
3 32 34 4 5 38 7 40 10 11 12 13 14 18 21 22 39 27 28 42 37
4 6 9 10 11 12 14 16 18 19 21 23 26 27 29 32 37 40 41 42
5 6 7 8 9 12 13 14 19 20 21 22 24 30 31 35 36 38 39 41
6 7 10 12 16 19 21 22 24 26 27 30 31 33 34 36 38 40 42
7 7 8 9 10 13 14 16 17 23 25 28 29 32 37 38 39 42
8 9 11 12 13 14 15 16 17 18 19 20 22 23 25 26 27 28 30 33 36 38 39 41 42
9 10 11 14 15 16 17 21 23 25 31 32 33 36 37 38 41 42
10 13 15 17 20 21 22 25 26 27 30 31 32 33 34 38 39 42
11 12 15 20 23 25 26 28 29 30 31 35 36 39 40 41 42
12 15 16 19 20 24 25 27 28 31 32 33 35 36 37 39 40
13 35 39 34 15 17 19 20 21 25 27 28 29 37
14 15 17 18 21 22 24 25 26 29 30 32 33 35 38 42
15 18 19 21 23 24 25 26 27 29 35 36 40 41
16 32 33 39 38 17 18 19 23 24 36 27 28 30
17 18 19 20 21 22 25 26 29 31 35 37 39 40
18 18 21 22 23 24 27 28 29 30 31 32 33 34 36 38
19 19 22 23 26 27 28 29 30 31 36 41 42
20 20 21 22 23 24 25 26 31 32 34 35 36 39 42
21 23 24 31 34 35 36 37 40 41
22 22 24 27 30 31 32 33 35 36 37 38 39 40 41
23 32 33 42 36 27 28 30 31
24 25 26 27 28 29 30 31 35 36 37 39
25 27 31 32 35 36 37 39 40 41 42
26 27 28 30 33 34 37 41 42
27 33 34 39 41 42
28 29 30 31 33 34 36 38 39 41
29 30 31 33 34 35 36 37 38 40
30 30 33 34 35 37 40 42
31 41 38
32 37 34 42 36
33 34 38 39 40 42
34 34 35 36 38 40 41 42
35 36 38 40 41 42
36 36 37 40
37 40 42 39 41
38 39 40 41
39
40 41
41 42
42
