#kunkel.py
# GMT Fri Mar 29 05:28:55 2019
# 
0 7 8 9 13 14 15 17 19 21 22 23 24 25 26 31 32 33 34 35 36 39 42
1 5 6 9 11 14 15 17 18 20 23 24 25 26 28 29 30 32 33 35 37 38 40 42
2 4 6 7 8 10 11 12 13 14 16 17 19 23 25 26 27 29 32 34 36 38 41 42
3 6 7 8 11 12 13 17 18 19 21 22 23 25 27 30 32 33 35 36 38 39 41
4 5 9 10 13 14 15 17 18 21 23 25 28 29 33 34 35 36 37 38 40 41
5 35 33 38 7 9 10 12 14 15 16 19 20 22 36 26 27 37
6 38 35 33 40 10 11 14 15 17 19 20 21 22 23 39 27 42 30
7 8 9 10 11 13 14 16 17 19 20 21 22 24 26 27 29 31 34 36 38 41
8 10 13 15 19 20 21 22 23 24 25 27 28 30 32 37 39 40 42
9 14 16 17 18 21 22 24 27 28 29 32 33 35 36 37 39 40 41
10 12 13 15 17 18 20 21 22 25 27 28 29 32 35 38 40
11 32 36 37 38 41 35 40 19 20 23 24 25 27 28 29 31
12 13 16 17 18 22 23 24 25 26 27 28 29 30 31 32 34 35 37 41
13 16 17 18 20 25 28 30 31 32 34 35 36 37 40
14 16 17 18 19 21 26 30 31 32 33 34 37 39 42
15 35 33 41 42 16 37 19 20 24 38 28 29 30 31
16 33 35 38 42 39 18 19 23 25 37 29 30 31
17 19 21 22 23 24 29 30 31 34 36 39
18 21 23 26 27 29 30 31 32 34 36 37 38 42
19 21 26 27 31 32 34 35 40 41 42
20 23 24 25 26 28 29 30 31 33 34 36 39 40
21 22 23 25 26 27 28 30 33 37 38 39 40 41 42
22 32 33 35 40 24 25 26 27 29 37
23 24 25 26 33 35 36 39 40
24 25 27 28 29 30 31 32 33 35 36 39 40 42
25 25 27 31 33 34 38 40 41
26 32 38 41 42 34 33 29 30
27 35 40 28 42 37
28 31 32 34 36 37 38 39 40 41 42
29 30 31 32 34 35 39 41
30 30 34 36 37 41 42
31 34 35 38 40 39
32 38 39 41
33 34 35 37 39 40
34 36 38 39 41
35 36 39
36 37 38 40 41
37 42 41
38 38 39 40 41 42
39 41
40 40 42
41 42
42
