#kunkel.py
# GMT Fri Mar 29 05:28:56 2019
# 
0 1 2 4 5 6 7 9 10 11 12 16 18 20 21 22 23 24 32 33 35 36 37 42
1 32 34 3 4 5 7 8 9 10 13 14 33 18 19 20 23 36 26 27 31
2 32 35 4 7 40 9 41 11 14 15 17 19 20 21 23 24 36 27 28 42
3 5 6 8 9 10 11 13 15 16 18 23 24 25 27 29 30 31 32 35 40 41 42
4 4 8 9 10 13 15 16 18 20 21 22 25 26 27 28 34 35 37 38 39 40 41
5 6 7 8 10 11 14 16 17 21 22 25 28 34 36 37 38 39 41 42
6 8 11 12 13 14 15 19 21 23 25 26 28 30 31 32 33 34 38 39 40
7 35 36 38 32 40 9 39 13 15 16 17 21 22 23 26 30 37
8 13 15 16 17 18 19 20 21 26 27 28 29 30 32 33 37 38 41
9 33 38 41 42 12 15 19 24 36 26 28 29 31
10 12 13 15 18 19 20 23 24 25 28 29 30 32 33 34 38 40 41
11 12 14 16 17 18 20 22 23 26 29 31 32 35 36 37 38 39 40 42
12 14 18 22 24 26 27 28 29 31 32 33 34 35 36 38 39 41 42
13 14 16 19 23 26 27 28 30 32 33 35 36 38 39 40
14 16 17 18 19 20 26 30 31 33 34 36 38 39 40 42
15 16 17 18 21 22 26 28 29 30 31 32 34 35 42
16 16 17 22 25 27 28 29 30 31 34 36 37 40 41
17 18 19 20 22 23 24 25 26 29 30 31 34 35 39
18 33 35 32 19 39 25 27 37 30 31
19 20 21 22 25 26 27 29 33 34 37 40 41 42
20 35 33 41 34 21 22 23 24 27 29
21 33 42 39 34 37 22 23 25 36 29 31
22 22 28 29 30 31 34 35 36 37 38 40
23 32 33 38 41 34 24 25 27 30
24 33 36 37 38 34 35 41 27 28 29 30 31
25 26 27 29 30 31 34 36 37 38 39 42
26 26 27 29 30 31 32 33 34 37 38 40 41
27 28 32 34 35 37 38 39
28 30 32 33 34 35 36 38 42
29 35 34 37 42 31
30 35 38 40 41 42
31 32 34 36 42
32 37 39 40 41 42
33 34 36 39 40 41
34 35 36 39
35 37 38 39 40
36 39 41 42
37 38 42 40
38 42
39 40 41 42
40 41 42
41 42
42
