#kunkel.py
# GMT Fri Mar 29 05:28:57 2019
# 
0 3 4 9 10 11 12 14 15 17 19 22 23 24 26 28 30 31 32 33 36 38 39 41
1 2 34 36 38 7 9 11 12 13 15 16 17 18 19 20 21 41 39 26 29 30
2 3 4 5 38 33 8 9 11 13 14 15 16 40 18 19 22 41 27 29 37
3 7 8 9 10 11 12 13 17 22 24 25 26 27 30 33 35 37 38 39 42
4 5 6 7 9 10 12 14 16 18 20 22 24 26 28 29 31 32 33 34 35 36 37 38 39
5 35 40 38 7 8 42 12 13 14 15 17 19 20 22 23 24 36 29 31
6 6 7 8 10 11 12 13 16 19 21 25 26 27 28 31 34 35 36 37 38 40 41 42
7 7 8 10 17 18 19 21 22 23 24 25 26 29 32 34 37 38 39 41 42
8 12 13 14 15 20 21 22 24 26 27 32 33 36 38 39 40 42
9 38 39 40 41 36 14 16 17 19 22 25 26 27 28 29 31
10 10 11 13 16 18 19 20 21 25 26 27 28 29 31 34 35 36 39
11 12 15 16 19 21 23 24 25 28 29 30 31 32 33 35 36 39 40
12 14 16 20 21 23 24 27 29 30 31 32 33 35 36
13 32 36 39 34 15 16 17 18 19 21 24 25 27 35
14 17 18 19 20 21 22 23 24 26 29 32 33 36 41 42
15 19 21 22 23 24 25 26 30 31 32 33 34 38 40 41 42
16 20 23 24 27 28 29 31 32 34 35 37 39 42
17 34 36 40 19 20 41 24 26 28 30 31
18 32 34 33 35 36 37 19 20 42 25 28 29 30 31
19 22 23 25 29 30 33 35 36 39
20 21 23 24 25 28 29 30 33 37 38 41 42
21 32 33 41 40 22 39 24 25 27 30
22 23 26 27 28 29 34 35 37 40 41
23 32 34 38 40 42 25 27 37 39 31
24 25 27 28 31 33 34 37 38 41 42
25 35 37 39 38 28 42 30
26 27 30 33 34 35 36 38 39 42
27 30 33 34 37 39 40 41 42
28 34 37 39 40 42 29 30 31
29 38 41 39 42
30 31 32 34 35 36 37 40 41
31 33 34 40 36 37
32 33 35 37 38 41 39 36
33 34 35 37 40 42
34 34 39 40 42
35 36 37 40 41 42
36 37 41
37 38 40
38 39 40 42
39 40
40 41 42
41 42
42 42
