#kunkel.py
# GMT Fri Mar 29 05:29:03 2019
# 
1 11 3 8 0 31 41 15 35 27 22 18 29 13 5 21 17 7 16 26 23 10
32 30 3 2 12 25 15 29 27 23 18 28 5 21 26 6 35 16 33 20 17 37
10 19 2 36 24 35 28 4 21 7 23 11 31 25 42 20 12 13 5 15 29 26
2 19 31 25 41 8 35 42 18 13 9 30 26 29 16 22 20 17 37
19 3 39 25 41 8 7 35 24 38 13 9 30 40 6 42 16 33 26 17
36 8 12 24 35 14 4 21 16 33 23 39 0 25 42 34 18 13 5 6 29 37
41 35 22 14 28 21 7 16 33 23 39 31 25 42 34 18 38 13 6 30 37
8 27 22 14 28 4 16 33 23 17 11 31 0 38 34 20 12 40 26
24 35 22 14 28 4 7 33 23 3 0 25 34 20 18 38 13 6 29 37
27 3 16 31 12 25 23 14 28 5 30 38 7 15 37 33 20 17 6
35 4 21 16 23 17 3 39 0 25 20 13 40 15 11 37
14 22 4 30 7 16 5 23 11 3 0 42 34 20 12 40 15 29 26
28 28 4 21 5 16 20 17 3 39 0 34 38 13 9 40 15 29 37
4 12 22 7 11 39 31 0 42 18 38 13 40 15 29 26
21 39 25 34 12 13 5 30 40 7 16 29 33 26 37
5 12 33 20 17 11 0 42 34 18 38 13 15 30 26
16 7 33 23 17 11 38 42 34 12 40 15 37
22 12 30 29 23 11 31 25 42 20 18 38 9 40 6 26
33 23 6 11 3 0 7 34 38 9 40 15 30 26
23 7 20 11 38 25 18 12 9 6 37
17 12 20 3 39 0 25 42 34 29 11 26 37
6 3 39 31 12 25 38 13 9 15 26
11 39 9 34 38 13 30 40 7 20
3 12 30 7 20 39 0 18 13 15 29 37
39 31 0 12 34 42 38 40 7 30 37
31 12 29 18 38 13 34 7 42 15 20 26
0 25 42 18 12 9 40 15 29 37
38 30 20 25 34 9 37
25 18 9 42 15 20
7 12 42 18 9 40 15 29
42 30 20 42 18 9 15
34 20 29 18 9 15 30 37
20 12 30 18 13 26 37
18 13 9 40 15
12 13 9 40 29 26
13 13 9 40 29 30 37
9 15 40 29 26
40 15 26 37
15 29
29 30 26
30 26 37
26 37
37 37
