#kunkel.py
# GMT Fri Mar 29 05:29:04 2019
# 
32 1 3 9 0 12 41 8 29 34 22 18 14 28 5 42 7 2 11 33 23 26
1 36 41 8 24 14 28 4 30 7 5 20 17 6 3 31 0 34 13 9 40 15 2
8 2 15 24 27 42 14 28 4 21 7 16 23 31 29 34 20 18 5 40 6 30 26 37
9 12 10 27 22 4 30 33 20 17 19 3 31 38 42 18 36 13 15 26 37
12 41 24 27 22 14 28 21 16 11 3 39 31 0 42 34 13 40 6 2 30
41 11 10 31 25 15 35 34 22 39 28 5 17 40 7 42 26 37
15 19 36 10 24 27 35 5 23 11 39 0 25 42 18 40 6 26 37
10 36 24 22 28 30 5 16 33 23 17 25 42 20 18 13 40 6 21 37
24 36 27 14 4 30 16 11 3 39 31 0 38 25 18 13 6 26
27 19 5 28 4 30 7 33 23 17 11 3 0 38 42 20 36 40
22 35 28 4 21 2 33 20 17 11 39 36 0 25 34 18 38 29 37
14 28 4 30 7 16 33 19 3 25 34 18 36 13 5 2 11 26
28 35 28 30 7 16 20 17 19 31 0 25 42 36 13 6 29
4 11 4 21 5 16 23 17 19 3 42 34 13 6 2 30 26 37
21 2 30 7 33 23 19 39 31 0 25 42 34 38 13 40 29 26 37
7 36 35 20 19 3 39 0 25 42 13 5 2 30 11
35 11 16 31 39 38 25 6 33 18 29 13 5 26 2 17 37
16 19 3 31 38 36 25 34 18 5 2 20 26 37
33 36 23 17 19 39 31 42 34 18 38 13 29 26 37
23 3 39 0 36 42 38 40 6 2 29 26 17 37
17 11 42 19 5 34 18 38 40 6 20
19 2 31 0 38 25 42 34 18 26 37
3 36 11 39 31 0 38 25 29 40 6 2 37
39 11 31 25 34 20 13 40 42 29 30
31 36 34 29 5 38 2 11
0 25 6 34 5 2 20 26 37
38 29 5 20 13 40 6 2 30 26 37
25 20 6 42 18 13 40 30 37
29 34 18 13 5 40 6 30
34 11 42 13 5 26
20 36 2 18 5 40 30 37
18 11 2 36 30 6
36 36 6 42 13 40 26 37
13 2 42 6 30
5 42 40 26
40 42 6 37
6 2 42
42 11 26
2 11 37
30 11 26 37
11 37
26 37
37
