#kunkel.py
# GMT Fri Mar 29 05:29:04 2019
# 
32 1 8 2 36 10 24 4 21 7 33 20 3 39 0 25 42 18 38 13 40 15 29 26
1 3 31 23 19 12 25 35 24 42 14 28 5 38 7 2 29 11 33 20 37
8 12 41 10 24 27 22 21 5 35 17 11 3 39 38 25 7 18 36 13 9 6 30 37
2 19 10 14 28 21 5 16 20 17 11 31 25 7 42 18 13 9 15 29 37
19 12 10 24 27 35 14 29 16 33 23 17 11 25 34 20 13 5 40 26 37
36 39 0 38 12 41 27 20 18 14 4 21 34 40 6 29 22 33 23 37
41 12 24 14 28 4 30 29 23 17 6 3 0 25 18 38 5 40 15 21 37
10 35 27 14 4 7 16 5 23 17 3 0 25 34 38 13 9 15 29 37
12 31 23 25 35 34 42 18 14 5 30 40 6 29 20 26
24 31 0 38 15 35 27 22 18 14 4 42 7 29 5 20 17
27 35 5 16 33 23 17 11 39 7 42 20 18 38 9 40 6 26 37
35 11 22 28 21 7 33 20 3 39 31 25 34 18 40 6 30
14 22 4 30 33 23 39 42 34 13 5 6 29 26 37
28 3 0 25 7 33 22 18 13 9 21 34 6 30 11 15 17 37
4 22 21 20 17 11 3 39 31 25 42 34 23 38 9 15 37
30 11 39 31 0 25 34 18 13 5 42 40 7 16 33 26
40 11 38 25 20 18 9 42 15 16 22 33 23 26
7 22 16 20 17 39 0 25 42 38 13 29 26 37
16 21 15 33 23 11 3 39 31 0 42 20 18 9 6 29
22 3 39 31 9 42 34 18 13 21 29 37 6
33 11 31 0 39 9 38 26 37
20 23 3 31 0 25 13 9 15 26
17 11 3 39 31 34 42 18 13 5 23 26
6 21 23 6 11 3 31 0 38 34 18 13 9 15
11 21 23 3 39 34 38 5 26
3 21 5 23 39 34 9 29 26
39 5 0 34 38 13 9 15 26
31 21 23 31 0 42 34 18 13 9 29 26 37
9 5 29 15 25 42 18 37
0 34 23 18 38 15 29 21 37
25 23 25 42 34 15 26
42 21 23 29 18 37
34 38 29 23
23 21 38 18 5 37
18 13 15
38 21 5 37
13 5 21 26 37 15
5 21 15 37
26 15 21 29 37
15 21 29 37
29 21 37
21 21
37
