#kunkel.py
# GMT Fri Mar 29 05:29:04 2019
# 
1 36 15 24 27 35 14 4 7 33 23 0 25 29 34 20 18 13 9 6 2 26 37
32 3 39 42 0 25 41 15 29 34 22 28 40 21 17 7 16 33 26 6
10 12 8 24 27 35 14 4 21 7 16 33 23 17 11 3 39 25 34 20 13 5 40 30 37
36 36 41 35 22 14 30 7 33 23 17 19 3 39 31 38 25 34 20 12 5 2 37
41 19 12 41 24 14 28 4 21 5 16 33 11 31 0 38 34 18 13 9 6 2 26 37
8 12 14 28 21 5 16 33 23 17 0 25 7 20 18 38 13 9 40 6 2 15 26
24 19 12 35 14 4 21 7 16 5 11 39 0 34 38 13 9 40 6 29 15
27 11 35 22 14 28 21 5 33 20 17 19 3 25 42 34 13 9 40 30 37
35 19 22 14 4 21 33 23 17 11 39 0 18 5 15 29 30 37
5 19 3 31 38 25 14 13 9 30 40 15 42 20 26
14 16 0 12 22 18 38 28 40 7 42 2 17
28 19 22 28 30 7 16 33 23 17 11 3 42 18 38 9 15 2
4 11 12 22 30 16 17 19 3 39 31 0 34 13 40 6 15 37
21 11 3 0 25 22 16 38 13 31 6 15 29 23 26
40 29 16 33 20 17 19 3 39 25 42 34 38 6 2 26
7 30 2 23 17 39 0 25 20 18 38 13 9 29 26 37
15 12 16 33 23 3 31 0 34 13 9 15 30 37
22 19 12 33 20 11 39 31 25 42 18 38 13 9 26
33 12 20 17 19 39 0 42 34 18 38 13 9 26
20 30 16 23 17 19 31 0 42 34 18 13 9 6
17 3 39 31 0 19 25 29 37
19 30 2 11 3 39 31 0 42 23 38 6 29 37
3 16 6 31 25 42 9 29 30 26 37
39 11 31 0 12 25 18 29 2 37
31 11 23 0 12 25 42 18 16 30
0 6 25 18 2 37
38 23 11 34 18 12 9 6 29 37
25 12 16 34 13 6 30 26
29 12 16 23 29 34 42 6 2 11 26
34 12 30 2 23 18 9 6
23 11 2 42 9 16 26
18 12 30 11 42 9 6 26 37
12 13 30 16 37
13 9 26 42 2 37
9 42 6 2 37
30 16 6 2 26 37
6 2 42 37
42 16 11 2 26
2 16 11 26
16 11 37
11 26
26 37
37 37
