#kunkel.py
# GMT Fri Mar 29 05:29:05 2019
# 
1 32 16 9 0 38 36 25 41 8 7 42 34 18 14 5 30 40 6 15 23 37
32 3 36 9 0 19 12 28 23 18 38 13 4 21 40 7 29 30 11 20 26
8 11 8 10 24 27 35 14 4 30 5 16 20 17 19 3 39 31 25 34 9 40 15 29 37
9 36 41 14 4 21 7 33 20 17 19 3 39 38 25 34 12 29 11 26
12 11 3 0 19 36 25 6 29 34 23 14 13 4 21 40 7 35 16 20
41 36 10 24 27 14 21 7 33 20 19 3 39 31 25 34 18 13 40 2 26
6 11 10 35 27 4 21 7 16 5 17 19 3 31 42 34 18 40 29 30 26
24 10 24 22 14 21 29 16 33 23 19 3 39 0 25 34 18 13 5 40 2 26
27 19 3 38 36 25 10 42 23 18 14 31 21 26 16 33 20 17 37
35 11 19 31 25 7 42 34 18 14 13 4 30 15 2 5 23 17
14 10 22 4 30 39 31 0 38 42 36 13 40 15 2
28 19 10 22 4 21 33 23 17 11 39 31 0 42 20 18 13 40 15 29 30 37
4 19 22 30 7 5 20 11 3 39 0 25 42 18 13 40 2 26 37
21 36 22 16 23 17 11 39 31 0 18 38 40 15 29 37
7 22 33 23 17 19 3 25 34 20 18 13 40 2 37
17 11 39 31 33 25 18 38 13 5 2 29 15 23
16 3 23 19 25 34 22 38 13 5 40 15 11 33 20
22 19 36 33 23 11 39 31 34 20 18 40 15 30 26 37
33 11 3 2 19 25 10 29 30 38 15 20 37
23 20 19 3 0 38 25 18 36 15 2 26 37
10 36 30 20 3 39 25 42 34 18 38 5 2 26 37
19 11 39 0 25 20 15
3 5 30 31 0 42 34 18 38 40 29 26
39 5 20 0 25 42 34 38 13 29 26
31 34 0 38 36 13 42 2 29 20 37
36 2 5 30 25 34 20 38 13 40 29 26
0 25 42 18 38 13 5 15 29 26 37
2 11 38 13 30 40 5 42 15 26
25 5 13 15 37
42 30 29 15 11 34 18 13 26 37
34 30 5 20 11 38 26
20 5 20 18 40 15
18 30 26 37
38 5 30 15 26 37
13 15 29 5
5 30 40 37
40 11 40 26 37
15 29 11 30 26
29 30
30
11 26 37
26 37
37
