#kunkel.py
# GMT Fri Mar 29 05:29:06 2019
# 
1 32 11 39 10 31 0 38 25 8 7 28 22 14 13 9 21 42 6 16 20 37
19 11 3 32 8 0 31 12 41 10 42 34 24 28 40 21 29 30 33 23 17 37
8 32 8 12 5 10 24 22 14 4 7 35 33 17 3 0 38 25 29 36 9 42 15 2
36 30 3 39 23 9 25 28 24 22 14 13 5 21 40 2 16 29 15 20 37
41 2 12 10 24 22 28 4 7 35 33 23 17 11 3 31 18 38 13 40 29 26
10 35 27 14 28 4 7 16 33 20 17 39 0 25 34 9 6 26 37
12 11 32 39 27 42 24 22 18 14 13 5 21 40 29 30 20 17 37
39 32 35 27 28 21 5 16 23 17 11 3 25 42 34 20 18 38 9
24 35 27 14 4 21 7 20 3 25 18 38 13 9 40 6 2 30
22 2 35 14 4 21 7 15 20 17 30 3 31 0 40 6 29 26 37
5 11 25 7 42 27 35 18 29 28 4 21 40 6 16 37
14 25 34 18 13 9 21 42 6 15 33 23 26 37
28 3 0 32 25 7 42 13 4 30 26 29 33 20 17
4 27 4 35 33 23 11 3 31 0 34 20 18 38 13 15 29
30 32 2 27 7 35 16 11 3 31 0 25 42 34 13 40 15 29
27 32 35 21 2 16 33 23 11 31 25 34 18 9 6 29 15
2 32 0 25 15 34 38 40 21 7 16 33 23 26 37
35 21 7 33 20 17 11 3 31 42 18 9 15
16 11 9 31 6 26 34 18 38 40 7 29 23 17
33 32 7 15 3 0 25 42 34 18 9 40 6 26
20 32 23 17 11 31 0 25 34 38 9 40 26
17 7 23 17 6 3 0 25 34 38 9 40 15 26
6 11 0 7 34 18 38 9 40 29 26 37
11 32 7 23 0 25 42 34 38 40 37
3 32 21 23 31 13 40 15 29 37
32 31 23 38 9 21 34 15 26
31 21 7 23 25 34 38 13 9 40 29 37
0 25 29 34 18 38 15 37
25 21 42 34 18 13
7 29 42 9 40 26
42 15 34 18 13 23 26 37
34 23 13 40 29 26
23 21 9 29 26 37
18 9 15 13 21 40 26
38 38 13 9 40 29 15 26 37
13 9 21 40 15 26
9 21 15 29 26 37
40 15
15 15 29 37
29 21 26 37
26 37
21 37
37
