#kunkel.py
# GMT Fri Mar 29 05:29:08 2019
# 
1 1 19 8 41 10 35 27 22 14 28 21 5 16 33 20 17 11 42 34 38 13 9 15 29
19 32 36 8 24 35 29 16 5 23 17 11 39 31 25 7 42 33 38 9 40 6 2 37
10 32 39 31 9 38 36 25 8 35 34 30 14 4 21 40 7 16 29 26 17
21 8 36 27 4 30 7 16 33 23 3 39 31 42 34 20 13 5 15 2 37
36 32 12 41 24 27 22 14 28 35 16 33 23 11 31 0 42 34 20 36 9 15 30 26
32 41 8 24 27 35 14 28 30 7 23 17 11 3 25 34 20 18 13 37
41 35 27 28 4 29 16 5 23 17 3 0 25 42 34 40 33 15 2 37
8 8 24 27 35 4 7 16 33 17 6 0 42 34 38 13 9 15 29
35 9 0 31 42 27 18 38 28 4 7 2 20 17 37
27 27 22 14 28 4 7 15 20 30 3 39 38 13 9 40 6 2 26
22 3 39 31 9 0 12 25 24 34 18 5 30 40 6 29 20 17 37
14 12 28 5 23 11 3 31 0 25 7 34 20 13 9 40 29 26
28 15 24 7 20 39 31 0 25 18 13 5 40 6 2 26
4 39 0 12 25 23 38 40 42 6 15 29 33 20 17 37
30 39 0 38 12 24 18 13 5 42 29 33 26 37
5 7 33 23 17 3 31 25 42 34 20 18 9 2 26 37
16 7 33 20 17 6 11 39 0 25 42 34 18 40 15 2
24 2 7 33 23 11 3 31 38 42 18 12 13 40 15 29 37
33 11 31 2 42 18 29 15 23 26 37
23 12 20 17 11 31 0 25 34 38 13 9 40 15
17 3 20 38 13 40 15 29 11 26 37
11 6 29 39 0 34 12 9 40 15 2 26 37
3 12 6 31 25 42 34 18 38 13 9 15 2 26
39 9 0 31 25 6 18 29 13 38 7 37
31 25 20 38 13 9 40 2 26 37
0 42 20 12 9 6 2 15 26 37
38 2 12 7 25 18 6 29 26 37
25 12 15 34 18 6 26
7 42 34 18 13 9 40 6 2 15
42 18 37 15 20 6
34 20 18 13 9 2 37
20 12 13 6 2 26
18 12 15 13 29 6
12 6 29 13 9 40 15 2 26
13 15 29 37
9 40 37
40 2 29 15 37
6 15 26
2 26
29 15 26 37
15 26
26
37
