#kunkel.py
# GMT Fri Mar 29 05:28:42 2019
# 
0 4 5 6 8 9 12 14 16 17 19 22 25 26 29 33 35 36 37 38 39 40 42
1 2 3 4 5 8 9 12 14 15 17 18 20 21 22 23 29 30 31 32 33 37 40
2 32 37 41 8 9 10 13 16 17 18 19 20 21 23 26 42 29 30 31
3 32 34 33 36 5 6 7 40 41 10 39 12 13 16 18 22 26 29 30 37
4 6 7 8 11 12 13 14 16 18 19 20 23 25 28 29 36 38 39 40 42
5 6 11 12 13 14 17 18 19 21 22 27 28 30 32 33 34 36 38 42
6 6 8 9 10 13 17 18 21 25 27 28 29 32 34 35 37 38 39 40 41
7 9 10 11 12 14 18 19 20 22 24 25 27 29 31 33 35 38 39 40 41 42
8 10 11 12 14 17 20 21 22 23 24 27 28 31 33 34 36 40
9 11 12 13 15 19 23 24 26 28 29 31 32 33 34 38 40 42
10 11 12 14 16 17 22 24 27 28 31 32 33 34 36 37 38 40 41 42
11 33 34 39 13 14 16 17 18 40 21 22 23 24 28 30
12 13 14 15 17 18 20 21 23 24 27 29 32 35 36 39 40
13 13 15 16 18 19 20 21 22 25 29 30 31 35 36 37 40 41
14 21 23 24 25 27 29 30 34 35 36 38 40 41 42
15 32 35 36 38 33 39 20 41 23 24 25 26 27 28 31
16 17 18 21 22 24 25 26 31 32 35 36 37 38 39 40 41
17 21 22 26 27 29 31 32 34 35 37 39 42
18 20 21 22 24 25 26 29 31 36 38 42
19 20 21 22 23 24 25 26 32 34 35 36 38 40 41 42
20 34 38 41 42 39 21 22 23 27 28 29
21 23 24 25 26 27 28 30 32 34 35 37 42
22 35 38 41 23 24 27 29
23 24 25 26 28 29 30 40 41 42
24 25 26 27 28 32 33 36 37 41
25 26 28 29 31 33 34 35 36 37
26 32 36 38 41 27 28 42 31
27 32 33 35 38 28 30 37
28 30 31 33 34 37 39 41
29 30 32 34 35 36 38
30 32 33 41 42 34 37 35 39 31
31 35 33 39 41 40 42
32 33 35 37 38
33 34 35 36 38 40 41
34 36 37 38 39 41
35 37 38 39
36 37 39 42
37 37 39 40 41
38 40 42
39 40 41 42
40
41 42
42 42
