#kunkel.py
# GMT Fri Mar 29 05:29:09 2019
# 
1 8 36 41 10 28 21 5 33 20 17 11 39 31 0 42 34 18 38 13 9 6 26 37
19 32 2 36 24 22 28 5 16 33 17 11 39 25 42 18 38 13 9 40 6 29 26
10 32 12 10 24 22 14 28 4 30 7 35 16 23 17 3 39 31 25 29 18 13 5 2
2 32 36 5 12 24 22 14 4 30 7 16 33 20 11 25 18 38 9 40 6
36 12 41 24 22 14 28 4 7 35 33 23 17 0 29 20 18 13 5 42 15
41 11 31 0 38 12 25 28 24 27 18 14 13 21 7 29 30 33 26 37
8 6 24 27 22 14 21 16 33 20 31 0 25 42 34 23 38 9 40 15 30 26
12 24 35 4 21 7 16 5 23 11 3 20 18 13 9 40 6 26 37
35 11 3 32 9 0 33 42 27 28 4 21 26 40 7 16 5 23 17
27 32 22 14 21 7 16 23 17 11 0 25 34 20 5 40 6 29 30 26
42 11 24 28 30 5 15 33 23 3 31 25 20 9 40 6 29 26 37
14 11 9 25 15 28 22 18 13 4 30 40 6 5 17 37
28 11 4 7 15 20 17 3 39 31 0 25 38 5 40 6 37
4 32 22 30 16 33 20 11 3 39 38 34 9 6 29 26 37
30 11 16 31 9 0 38 39 13 40 15 33 26 37
40 32 22 7 16 23 17 3 25 29 34 18 13 6 26 37
5 24 21 7 23 17 3 39 31 0 18 13
16 24 22 21 7 20 17 39 0 34 13 6 29 37
22 24 29 31 25 34 18 38 13 9 6 15 37
33 3 31 9 0 24 38 29 26 7 23 17
23 32 24 21 6 3 39 31 0 38 25 7 34 13 9 15 29
17 11 32 39 18 13 21 29 20 37
11 32 24 21 3 39 31 25 15 26 37
3 32 31 25 7 34 21 37 20 26 6
39 32 24 21 7 6 31 25 34 18 9 15
31 32 24 21 25 34 18 15 26
0 9 25 34 38 13 21 7 29
32 21 7 15 20 38 13 9 6 29
25 7 15 34 20 6
7 20 18 38 15
29 24 20 34 38 13 15 37
34 9 18 38 13 20 26 37
20 9 13 15 37
18 38 21 15 26 37
38 9 21 6 37
13 24 21 13 9 15 26
9 24 37
24 6 26 37
6 21 6 15 37
21 15
15 37
26
37
