#kunkel.py
# GMT Fri Mar 29 05:29:10 2019
# 
32 1 11 39 31 36 0 12 25 15 28 34 42 18 14 13 4 30 40 6 16 29
11 1 2 41 10 35 4 7 5 20 19 3 39 31 0 33 18 13 9 40 29 26
10 1 16 31 27 9 19 25 15 29 34 39 38 13 4 40 7 2 33 20 37
9 1 8 12 41 35 30 2 16 23 19 3 42 38 13 5 40 15 29 26 37
36 1 3 31 38 33 41 24 27 22 14 4 30 34 40 15 35 29 5 20 17
41 8 24 27 35 14 4 21 16 23 39 20 18 38 13 6 2 30 15 26
6 1 12 8 24 22 28 4 21 16 23 17 6 30 3 31 25 34 13 15 29 26
12 39 31 25 28 42 24 35 14 13 21 26 7 29 30 22 20 17 37
24 1 8 35 27 22 28 30 2 15 23 17 19 3 0 34 13 29 26 37
27 2 35 28 21 7 23 19 39 31 0 42 38 13 40 15 29 26 37
22 1 14 28 4 21 7 16 33 23 17 19 3 0 38 25 18 40 29 26 37
14 1 8 28 4 30 16 33 20 3 31 0 25 42 23 38 5 26 37
28 1 3 42 19 15 39 31 21 34 7 38 16 23 35
4 1 35 21 16 33 20 0 25 42 34 13 5 2 26
21 1 8 21 16 33 17 30 3 39 25 42 34 13 5 15 2 37
29 1 31 39 15 13 5 40 35 33 17
35 1 25 8 23 13 26 40 5 20 17 37
16 1 5 33 23 17 39 0 42 34 18 13 37
33 19 8 2 7 23 17 3 31 0 25 18 13 26
20 1 31 25 15 34 30 7 5 23 26 37
17 8 7 19 39 31 0 25 42 34 13 40 30
19 1 39 8 0 31 25 38 30 26 15 42 37
3 15 31 0 38 8 7 34 18 5 2 37
39 8 23 39 31 7 18 38 5 15 2 30 37
31 42 7 18 13 5 2
0 15 42 34 18 38 13 26 5 2
8 7 5 23 42 34 18 40 2 30 37
25 42 38 18 13 26 7 30 37
7 30 23 42 34 18 38 13 5 15 2 26
42 23 18 13 40 15 37
34 1 2 23 38 40 30
23 18 40 15 2 26
18 1 30 38 13 40 2 26 37
38 1 30 5 40 2 26 37
13 40 15 30 26
5 40 15 26 37
1 40 15 26
40 2 37
15 2 15 30
2 37
30 30 37
26
37
