#kunkel.py
# GMT Fri Mar 29 05:29:11 2019
# 
32 1 2 12 41 8 24 27 4 21 7 15 33 19 39 0 42 38 13 40 6 29 26
1 3 31 23 12 10 7 35 24 22 18 28 4 21 5 2 30 33 20 26 6
8 3 39 26 19 12 41 10 35 4 22 29 9 27 40 7 2 30 11 20 17
21 39 31 9 24 41 15 35 34 42 14 5 40 7 16 29 37 33 20 6
19 12 41 10 35 22 28 4 30 33 20 11 39 25 42 18 36 13 40 2 26
36 11 16 31 0 33 6 28 27 23 13 4 30 34 40 7 35 2 15 20 17
5 41 10 35 27 22 14 2 16 20 11 39 25 18 9 40 6 29 30 15 37
10 12 41 10 27 22 28 30 16 33 23 17 3 39 31 0 25 18 13 9 15 37
35 11 12 24 27 28 7 33 23 17 3 39 25 20 18 40 29 30
27 11 0 25 34 22 29 28 26 7 42 16 37 23 17 6
22 11 12 24 14 28 7 15 23 3 0 25 34 20 13 9 6 2
14 30 3 39 31 9 0 41 15 24 34 18 29 7 16 37 20 26 6
28 12 41 24 33 20 3 39 31 0 25 34 18 13 15 26
4 12 24 30 16 33 23 17 39 0 25 42 34 18 40 15 26 37
30 24 33 23 17 31 0 25 34 20 38 13 15 2
7 12 41 24 23 3 39 0 42 20 38 13 9 40 6 29
16 11 3 9 0 38 12 31 15 42 18 40 29 23 26
24 12 23 17 39 25 42 34 13 9 40 15 29 37
33 11 39 0 23 18 38 42 15 20 26 37
23 41 11 3 0 42 34 38 9 40 29 37
17 39 0 12 41 34 42 18 38 29 2 20 26 37
6 41 12 11 39 31 0 34 18 38 9 15 2 26
11 3 39 9 38 12 41 42 13 2 37
3 39 31 41 34 18 38 13 9 29 26
39 31 18 13 40 15 2 26 37
31 41 12 42 2 20 29 38 13 40 15 26
0 9 34 18 26 15
38 12 41 25 42 20 18 13 9 40 15 29
25 2 41 42 34 18 13 9 40 15 29 37
29 12 42 20 13 2 26 37
34 15 13 42 2 20 37
20 2 41 18 40 37
18 41 13 40 2 26
12 42 40 15
13 2 9 40 37
9 41 42 2 15 26
40 40 15 2 26
15 41 42 26
42 41 37
2 41
41 41
26 37
37
