#kunkel.py
# GMT Fri Mar 29 05:29:12 2019
# 
1 2 12 41 10 24 27 35 14 28 21 5 33 6 11 0 25 42 34 18 9 15 29
19 36 8 35 27 22 28 7 33 23 17 6 3 31 38 25 29 34 18 12 13 15 2
8 32 12 8 35 27 14 4 30 7 16 33 20 17 3 31 25 34 18 13 40 6 2 15 37
2 32 10 41 24 27 14 21 7 16 20 17 39 31 42 23 13 9 15 2 30 26
12 32 31 3 36 41 12 34 38 28 9 30 27 40 6 16 11 26 37
41 36 10 35 27 28 21 7 33 20 30 3 39 31 38 25 42 9 6 26
10 33 0 36 34 35 4 22 20 29 9 30 27 40 7 24 5 23 26
24 32 36 27 4 21 29 16 5 6 11 39 25 7 34 13 9 40 15 30
27 11 36 35 28 21 7 20 3 0 38 25 29 34 13 40 30 26 37
35 32 22 14 28 4 7 20 17 39 31 0 42 34 18 9 15 29 11 26
14 3 32 0 11 25 37 39 28 9 30 42 5 22 15 23 17 6
28 32 6 4 30 7 33 17 31 0 34 5 40 15 11 26
4 32 11 39 20 36 34 16 18 5 6 29 23 26 13
21 32 7 30 5 16 23 17 39 31 0 25 34 18 13 9 40 37
5 32 22 7 16 20 17 25 42 23 18 13 9 40 6 29 26
16 36 22 33 17 11 3 39 0 29 34 38 9 40 6 30 37
22 32 33 20 17 6 39 31 0 25 34 23 38 13 9 15 29 37
33 9 20 3 25 42 34 29 31 7 11 23 17 37
23 32 36 7 20 3 31 0 42 34 38 9 15 26 37
17 3 31 9 39 36 18 40 7 30 26
6 32 36 9 3 39 38 40 20 13
11 32 36 31 0 25 34 38 13 40 15 29 37
3 36 30 20 39 25 42 18 13 9 15 29 26
32 31 36 38 25 42 29 37
31 20 0 42 34 18 13 40 15 26
39 30 38 25 34 18 42 40 15 20
0 7 20 25 42 18 38 13 9 40 15 29
38 42 34 18 36 9 40 7 15 37
25 9 40 7 15 29
7 42 18 40 26 37
42 36 30 20 18 13 15 37
34 15 37
20 30 13 40 26 37
18 36 29 13 9 15 30 37
36 29 13 26 37
13 15 29 30 37
9 29 30 26
40 26 30
15 37
29 30 26 37
30 26
26 37
37
