#kunkel.py
# GMT Fri Mar 29 05:29:13 2019
# 
1 10 12 41 8 27 28 5 16 33 20 17 19 39 31 36 0 25 42 34 38 9 6 37
11 10 12 41 8 35 22 4 5 20 17 6 19 3 25 7 23 36 9 40 15 2 37
10 32 41 24 35 14 28 4 30 16 23 3 39 31 25 42 20 18 13 2 26 37
21 36 8 12 24 14 4 29 33 23 17 6 31 34 18 38 13 9 40 15 2 26 37
9 32 9 12 35 24 28 4 7 16 22 23 17 3 39 31 29 13 5 15 2 30
12 32 19 36 41 8 22 14 5 16 23 0 25 29 34 20 18 12 13 40 15 30
41 31 0 36 25 24 27 20 38 28 30 17 7 29 37 23 26 13
8 32 19 35 27 22 4 33 23 39 0 42 34 18 38 13 2 30 37
35 32 0 3 36 25 5 7 42 27 22 28 40 15 16 4 20 26
27 3 16 31 0 36 25 42 18 38 4 30 7 2 29 22 33 23
22 32 36 24 14 5 33 23 3 39 31 0 38 7 42 34 20 40 6 29 26
14 32 19 39 31 36 7 42 24 28 6 29 30 37 33 20 17 13
28 36 24 4 7 16 5 19 3 39 31 0 42 18 38 13 40 6 37
4 32 19 36 29 15 3 39 25 34 38 13 6 2 30 37
30 39 31 0 38 25 42 13 40 15 2 33 26 37
7 32 19 36 5 24 17 3 39 0 38 40 15 2 26
16 32 39 19 36 18 40 5 17 15 29 37 20 26 13
24 33 19 3 39 31 0 42 34 18 13 40 6 2 26
33 15 20 19 31 0 25 42 34 23 38 13 40 6 26
20 32 31 15 0 3 39 5 38 6 17 26
17 39 31 2 38 36 25 34 18 13 40 5 37
19 32 15 2 3 36 34 42 29 26 37
3 32 31 25 37 40 42 34 5 6
39 32 5 23 31 34 18 6 15
31 32 5 25 42 34 23
36 2 23 0 42 18 13 5 29
0 38 5 34 15 29 26
32 29 18 38 40 6 2 26
25 23 42 18 34 40 26
42 23 18 5 40 6 29 37
34 38 26 40 15 29 37
23 29 6 18 5 15 2 37
18 29 38 5 40 6 2 15
38 2 29 37 6
13 2 5 40 6 26 37
5 2 26
40 15 29 6 2 26 37
6 15 6 2 26 37
2 15
29 15 29 26 37
15 26 37
26
37
