#kunkel.py
# GMT Fri Mar 29 05:29:14 2019
# 
1 32 19 39 2 0 25 10 42 34 22 18 13 4 30 27 15 16 33 23 26 37
32 10 2 8 24 22 28 5 15 20 19 3 39 25 7 34 13 9 6 29 26 37
8 36 10 24 22 28 33 23 17 19 3 39 31 0 25 42 34 12 13 9 6 26
21 11 16 2 41 10 42 34 35 5 28 4 30 27 40 6 29 37 15 20 26 13
9 11 12 41 10 24 29 16 33 23 17 6 19 3 42 38 13 40 15 2 37
12 36 41 10 35 27 22 28 30 7 33 11 3 39 31 38 25 18 12 6 2
41 10 24 27 35 28 4 5 16 33 20 19 31 36 18 38 15 2 30 26
10 2 24 27 7 16 5 20 19 25 34 18 36 33 15 29 30
24 11 27 28 7 33 20 17 19 39 31 0 42 38 13 40 15 29
27 11 35 28 4 7 33 20 17 19 39 42 34 13 40 6 30
22 22 4 20 19 3 39 31 0 42 34 23 18 38 13 5 6 11 26
29 14 4 7 29 33 20 11 3 31 0 42 34 18 5 15 2 30
28 36 14 28 4 16 33 20 19 31 34 23 18 38 13 2 30 37
4 11 39 31 20 6 35 16 40 34 15 30 23 17 37
30 7 16 33 20 3 25 23 38 13 5 6 26 37
7 19 39 31 3 36 35 18 14 5 40 16 11 23 26
35 19 3 31 0 25 18 38 13 40 17 2 5 20 26 37
16 36 5 23 17 6 3 39 31 25 34 18 38 40 15 2
33 36 14 23 17 3 42 34 13 40 6 37
23 36 5 15 20 17 31 0 25 38 40 6 26
17 36 20 6 3 39 0 25 34 18 38 13 15 26 37
6 11 36 14 20 19 39 0 13 15 2 26 37
19 36 14 5 20 19 25 42 18 13 2 11 37
3 39 0 34 18 14 42 5 20 37
39 14 25 42 34 18 36 13 40 15 2
31 14 20 11 0 25 18 38 40 15 37
14 11 0 36 25 42 34 38 5 40 15 26 13
0 36 20 11 25 42 18 13 5 15 26
38 20 25 42 34 18 13 40 2 37
25 36 20 40 15 37
42 36 20 34 18 5 15 37
34 36 11 13 40 37
20 5 15 26 37
18 11 5 40 15 2
36 40 2 26
13 5 2 26
5 26
40 11 15 2 26 37
15 11
2 37 26
11 26
26 37
37 37
