#kunkel.py
# GMT Fri Mar 29 05:29:14 2019
# 
1 32 41 10 24 14 4 21 7 33 20 19 3 39 31 0 42 34 13 9 6 29 30 26
32 12 41 10 24 27 22 28 4 21 7 35 23 17 3 31 42 34 38 40 15 30
8 21 36 41 12 35 27 24 14 28 4 30 7 16 33 20 11 25 38 15 29 26 37
2 34 3 21 9 0 41 10 24 27 22 18 13 40 30 42 5 16 15 20 17 6
12 11 10 41 24 35 14 28 4 21 33 20 17 19 0 42 18 13 9 29 37
41 10 24 22 14 30 7 23 17 19 3 0 42 34 38 13 9 15
10 36 7 24 35 5 33 17 11 3 39 31 25 29 34 18 9 40
24 24 27 22 28 7 33 23 17 11 31 25 34 18 5 40 15 37
27 22 28 4 21 29 20 11 0 25 42 34 23 18 13 5 6 30 26 37
22 36 35 22 4 21 5 16 33 17 11 3 31 42 38 40 6 26 37
5 3 39 31 9 0 36 42 18 28 4 40 29 34 16 17 13
14 28 4 21 16 23 17 3 39 36 0 25 38 13 9 6 30 15 26
28 36 35 21 16 33 20 11 3 39 31 23 18 40 6 30 37
4 35 30 33 20 17 11 39 25 23 18 13 9 6 26
21 36 35 16 20 17 11 3 38 25 34 18 9 15 26
7 35 30 7 16 20 19 3 31 0 25 18 38 40 29 11 26
35 16 33 11 31 0 42 34 13 9 15 29 26 37
15 11 36 30 16 17 19 39 25 42 34 38 9 40 6
33 30 16 33 23 17 19 3 39 31 0 25 18 38 6 29 37
20 30 16 23 19 31 25 42 34 18 38 9 26 6 37
17 9 36 30 16 3 39 18 38 13 40 26 29 37
19 3 39 0 36 25 42 34 18 13 40 29 23 26 37
3 39 31 36 42 18 38 26
39 36 13 34 30 40 29 26 23 37
31 42 36 25 29 34 13 16 37 6
36 16 23 6 0 25 42 40 30 37
0 9 42 18 13 30 16 23
25 11 38 42 34 16 29 23
42 38 34 23 18 9 11
34 16 38 9 40 6 29 26
23 9 38 16 11 26 13
18 11 16 40 6 29
38 9 6 40 29 37
13 11 29 13 9 40 26 37
9 29 16 6 37
40 11 16 6 29 26
6 11 30 29 37
29 11 37
30 30 16 26 37
11 16 26
16 37
26 37
37
