#kunkel.py
# GMT Fri Mar 29 05:29:14 2019
# 
1 32 12 27 28 4 21 2 33 17 30 3 39 31 36 0 25 34 38 5 15 29 37
32 12 10 35 28 4 21 5 16 33 20 11 39 31 36 0 25 23 38 9 29 30
8 12 41 27 22 28 4 21 7 16 33 11 3 39 36 0 25 42 38 9 40 15 30 26
9 11 39 19 36 25 24 34 18 14 40 21 27 2 16 30 33 23 26 37
19 12 41 10 35 24 7 16 22 5 23 11 3 39 36 0 34 38 13 6 2 15
12 36 41 24 29 21 7 33 20 39 31 42 34 23 18 13 5 15 2 11
41 11 3 39 2 5 24 22 14 28 4 30 38 6 35 16 29 15 20
10 11 2 36 35 24 4 21 7 22 17 3 0 25 42 34 13 6 29 26 37
35 11 36 27 22 28 21 2 16 33 23 31 25 42 20 38 40 6 29 15 26 37
27 22 4 21 7 33 20 11 25 42 34 23 18 38 13 40 15 29 30 26
22 11 3 39 2 15 25 14 28 4 17 7 16 29 5 26
14 5 16 31 0 20 25 6 24 34 18 38 13 15 2 4 23 17 37
28 39 31 6 34 18 4 40 15 29 26 23 17 37
4 36 16 20 17 11 0 42 34 18 13 40 6 29 15
30 36 24 29 21 7 16 39 31 0 42 18 40 15 2 26 37
2 24 5 16 33 17 3 39 31 0 25 13 6 29 15 26 37
16 36 7 33 20 17 3 31 0 25 13 6
24 11 39 31 24 34 18 38 40 5 37 33 26 6
33 21 7 20 3 39 31 29 34 38 13 6 26
23 36 0 3 15 42 18 21 34 5 17 20 26 13
17 21 29 5 11 3 39 0 34 18 13 40 26 37
6 21 7 5 20 25 42 34 38 40 26 37
11 7 5 20 3 0 25 42 34 18 13 29
3 36 21 20 3 31 0 42 18 38 5 40 15
39 34 18 36 40 29 20 37
31 21 7 20 31 42 34 18 38 13 5 40 15 26
36 21 7 5 25 42 38 40 15
0 5 20 25 18 38 13 40 26
25 21 29 42 18 38 13 15 37
7 15 38 29 18 13 20 26 37
42 20 13 21 34 40 5 37
34 18 40 15
20 38 18 5
18 5 29 26 37
38 21 15 40 26 37
13 21 40 29 37
5 15 29
40 29 37
15
29 37
26 21 37
21 37
37
