#kunkel.py
# GMT Fri Mar 29 05:29:15 2019
# 
1 41 10 14 28 30 29 16 33 17 3 39 0 25 34 18 38 13 5 40 15 2 37
32 11 31 0 12 25 5 24 27 42 18 38 13 9 21 40 6 17 16 30 4 26
8 12 10 24 27 22 4 30 16 20 3 39 31 0 34 23 36 13 9 40 15 29 37
9 11 39 0 31 12 10 42 34 22 18 36 28 5 26 7 2 33 17 13
19 36 35 27 24 14 4 21 29 16 22 33 23 17 31 25 34 18 5 40 15 30 37
12 11 25 41 10 24 34 22 38 13 30 17 33 6 4 26 37
41 3 39 10 35 27 42 18 38 28 5 30 34 26 16 24 33 23 17 37
10 39 31 0 36 25 35 18 14 21 40 2 17 29 20 26 37
24 39 31 23 36 6 29 27 22 28 4 30 7 15 20 17 37
27 36 35 14 28 4 16 33 20 17 31 0 42 34 18 38 13 5 6 29 15 37
22 11 36 35 14 28 4 21 7 33 17 39 25 13 40 6 2 30 26
14 39 31 0 36 35 38 28 5 34 7 2 11 15 23 17 6
28 6 35 7 29 33 23 17 31 25 42 38 40 15 2 37
4 31 0 3 36 37 42 21 30 7 16 29 33 20 6
30 35 7 16 5 23 3 39 0 29 18 40 15 2 11
2 11 39 0 38 15 29 34 16 21 40 7 33 20 37
35 11 36 21 7 16 20 17 3 31 25 29 13 15 26
16 23 39 25 42 34 18 38 13 40 6 11 26
33 11 36 21 5 20 3 31 38 42 23 15 37
23 3 39 31 0 38 34 5 21 40 7 26 6
17 36 7 20 38 13 6 29 11 26
6 7 20 11 39 0 25 38 13 5 15 26 37
11 3 39 38 42 34 18 40 29 37
3 36 29 21 5 39 31 25 42 34 38 13 40 15 37
39 21 5 7 18 13 15 26 37
31 7 20 0 42 18 40 29 37
36 42 18 38 21 34 15 20 26
0 21 5 20 25 7 42 34 13 40 26
25 21 7 20 34 18 13 5 40 15 37
7 15 29 20 42 18 21 26 37
42 18 38 34 5 20 26
34 21 29 20 34 13 5 26 37
20 29 21 20 13 40 26
18 5 18 38 40 15 26
38 15 13 26 37
13 5 40 15 29
5 21 29 37
40 29 15 37
15 26 37
29 21 29 26
26 21
21 37
37
