#kunkel.py
# GMT Fri Mar 29 05:29:15 2019
# 
1 32 11 36 10 27 22 14 28 21 15 20 17 19 3 31 0 34 18 38 6 29 26 37
32 19 16 31 0 14 36 8 24 27 35 18 38 28 5 30 34 40 7 2 26
8 3 39 9 0 12 33 27 18 14 13 4 30 34 40 2 16 11 5 23 37
9 10 36 41 35 24 14 4 29 16 22 23 17 3 39 31 42 38 40 6 2 37
36 31 23 3 25 15 24 34 22 38 13 30 40 19 7 42 16 4 20
41 10 24 27 35 28 4 29 16 17 6 11 39 25 7 34 13 40 15 2 26 37
10 19 39 0 38 12 7 24 34 20 18 14 28 21 6 2 30 15 23
12 12 35 22 14 30 16 20 17 19 39 31 0 25 42 23 18 38 13 5 40 6 29 26
24 35 27 22 28 4 21 5 16 23 19 39 31 25 42 34 20 38 37
27 22 28 4 21 29 23 11 39 31 0 25 42 34 18 13 15 2 30
22 3 39 31 14 35 38 13 21 40 15 2 29 11 4 26
14 35 21 7 20 17 6 30 0 25 42 40 15 2 11 26 37
28 35 4 21 7 5 23 19 3 39 25 34 13 40 29 30 11 26 37
4 16 33 23 17 11 39 31 42 34 18 13 5 6 26
21 35 30 33 23 17 3 39 0 42 34 20 38 13 6 29 37
2 35 30 5 16 20 17 31 7 18 13 40 6 29 37
35 6 30 7 16 33 20 17 31 0 25 29 34 18 15 37
15 7 33 17 19 3 0 25 42 18 38 5 29 26 37
33 11 3 39 31 0 19 25 29 13 17 7 30 5 23 26 6
20 16 17 19 3 39 25 42 18 13 40 6 30 26
17 6 29 19 3 39 25 42 38 26 37
19 30 7 16 23 39 0 25 42 13 5 40 29
3 7 16 23 6 3 25 18 38 13 40 37
16 11 7 5 39 0 42 34 18 38 40 6 26 37
31 0 25 13 34 42 6 23
0 7 42 34 38 13 5 26 37
25 11 30 42 18 38 5 37
7 11 39 34 18 13 5 40 26
39 11 18 29 37
34 5 18 37 26 6
23 11 38 13 5 40 6 30 26 37
18 30 11 38 26 37
38 11 42 40 6 29
13 42 40 29
5 11 29 30 42 5 40 26
40 6
6 11
42 11 26 37
29 26 30 37
30 11 26
11 26 37
26 26
37
