#kunkel.py
# GMT Fri Mar 29 05:29:16 2019
# 
32 10 8 35 27 14 28 4 5 16 33 20 17 11 39 0 25 7 34 18 9 15 2
19 1 36 10 24 22 29 28 4 21 7 16 33 11 3 0 25 42 34 13 9 6 2 30 26 37
10 39 0 3 25 6 24 34 42 18 20 9 21 40 7 2 11 15 23 17
36 1 39 0 12 25 6 42 27 22 18 14 13 40 26 15 29 33 20 17 37
41 6 27 22 14 28 4 30 7 16 5 23 11 3 31 25 42 38 40 15 2 29 37
8 11 0 12 25 7 24 34 18 14 28 4 21 40 6 17 16 29 33 26 37
35 1 31 0 3 12 6 15 29 4 18 38 9 21 27 5 17 34 33 26 37
27 15 24 14 2 16 33 20 17 11 39 31 0 38 18 12 9 40 6 29
24 1 11 22 14 28 30 7 16 23 17 3 0 25 34 38 13 5 6 37
14 22 4 21 7 33 20 17 39 0 25 34 23 18 13 5 2
28 1 12 22 30 29 16 33 20 34 23 38 13 5 6 2 26 37
4 31 38 20 18 13 9 30 6 16 29 11 15 23 1 37
21 1 12 30 7 33 20 3 39 31 0 25 42 34 38 13 40 15
40 11 3 2 0 12 25 29 13 30 34 16 26 23 1 6
5 12 15 22 30 7 16 20 11 3 39 18 13 9 6 29 26
16 11 7 17 31 34 38 13 9 15 2 1 37
22 11 12 22 30 33 39 0 25 34 18 38 13 9 15 29 26
33 39 2 3 12 9 38 6 30 20 17 37
20 7 29 20 3 39 0 25 42 34 23 13 30 26 37
17 1 39 3 25 18 13 31 38 7 42 29
6 11 23 3 0 18 38 13 2 26 37
11 11 12 7 39 0 42 34 18 9 15 26
3 12 29 7 39 42 23 18 13 9 30
39 1 7 29 31 0 42 12 30 37
31 1 2 0 38 12 15 42 29 13 34 7 26
0 12 42 34 23 18 38 37
38 2 15 25 30 26 7 23
25 1 7 29 25 42 23 18 30 26
29 12 7 29 13 9 2 26 37
7 1 12 2 42 34 15 26
42 12 1 18 13 9 15 23
34 18 2 30 1 37
23 12 30 15 18 13 9 2 26 37
18 1 30 9 37
12 15 30 26 37
13 1 2 30 26
9 15 2 1
26 1 15 2
15 30
2 1
30 37
1 37
37
