#kunkel.py
# GMT Fri Mar 29 05:29:16 2019
# 
1 11 10 8 35 22 14 28 4 21 2 16 33 23 17 19 39 25 29 38 30 26 37
11 2 36 41 35 27 24 14 28 21 7 22 33 17 3 39 31 42 38 13 9 40 6 30 26 37
10 19 16 31 20 36 25 5 35 34 24 18 38 9 21 33 15 2 4 23 17
36 32 19 8 9 41 27 14 4 7 16 20 3 39 31 25 42 38 5 15 29 37
41 19 12 8 35 27 24 28 16 22 33 23 17 3 31 0 25 42 34 9 37
8 12 24 27 28 4 5 16 33 20 19 31 0 42 23 9 40 6 2 37
12 32 3 31 20 25 35 27 22 18 21 7 2 30 15 23 26 37
35 32 19 24 27 22 14 21 29 33 0 18 38 13 6 2 26 37
24 32 19 27 14 28 7 16 6 3 31 34 18 40 15 29 26 37
22 32 19 27 28 4 30 20 17 25 23 18 38 13 9 40 26 37
5 32 2 0 31 42 27 20 28 9 21 34 40 7 29 4 23 17 13
14 32 31 0 25 7 39 42 18 13 9 21 27 6 4 26
28 32 4 33 20 17 39 0 23 18 38 13 9 40 15 26
4 32 30 7 15 23 17 39 25 29 34 38 9 33 6 2 37
21 19 7 29 23 39 0 25 42 33 18 13 9 40 2 26
27 32 39 25 42 18 6 30 15 16 7 37
40 29 16 33 23 17 6 39 31 7 42 38 13 15 2 30
2 19 7 16 33 20 3 39 31 0 42 34 18 30 26 37
16 29 33 20 17 6 19 3 39 0 23 18 9 15
33 32 19 3 0 34 38 13 6 30 15 37
23 32 7 3 25 34 18 38 13 15 30 37
17 32 19 30 7 20 17 3 39 31 0 42 18 9 15
19 20 6 31 0 42 34 38 15 26
3 30 7 20 39 31 0 25 29 34 13 9 15
39 7 20 0 25 29 38 9 6 30
31 32 29 31 0 25 42 18 38 13 9 26
0 7 42 34 18 13 15 29 26
32 9 20 25 34 13 6 29 26 37
25 20 42 18 13 34 6
7 13 9 15 30 37
29 42 34 38 15 30 26 37
34 30 20 6 42 18 38 15 26 37
20 13 9 26 6 38
18 38 6 15 37
38 42 37 13
13 6 9 30
9 9 30 37
42 6 15 26 37
6 15 26
30 15 26 37
15 26
26
37
