#kunkel.py
# GMT Fri Mar 29 05:29:16 2019
# 
1 11 19 39 31 0 36 13 8 35 34 23 18 14 28 21 27 6 30 20 17 37
19 10 12 8 24 27 22 14 28 30 7 17 6 39 31 0 25 18 38 5 40 15
10 32 39 31 3 36 13 41 35 27 22 12 28 40 21 29 16 30 11 33 37
2 32 36 8 24 22 28 21 5 16 17 11 3 31 38 25 42 18 12 9 40 15 29
36 12 8 24 27 35 29 21 5 23 30 3 39 31 0 42 34 13 9 40 37
32 11 3 39 31 0 12 25 7 35 24 18 28 40 30 42 29 26 23 17
41 12 8 27 14 28 4 16 33 23 17 31 0 25 34 20 18 13 40 15 26 37
8 39 25 24 27 42 16 14 28 5 30 26 33 7 4 17 13
35 24 22 14 28 4 21 7 16 33 23 11 3 39 25 20 13 6 29 26
27 11 12 24 22 30 7 33 20 6 31 25 34 38 13 15 26 37
24 22 4 29 16 20 3 39 31 25 42 34 18 13 9 6 15
14 28 4 21 7 23 6 0 25 42 20 18 9 40 15 29 30 26
28 12 21 5 16 20 17 3 34 18 38 9 15 11
4 3 39 31 9 0 15 34 18 13 5 21 7 16 29 33 20
21 9 25 12 34 23 30 40 15 29 33 20 17 37
7 11 5 33 23 17 3 39 31 0 42 20 38 13 9 40 26
15 12 22 5 16 30 33 20 31 0 25 42 34 23 18 9 40 29
22 30 29 33 23 17 6 3 39 31 0 42 34 38 9 26
33 30 33 20 17 3 39 0 42 34 18 9 26 37
23 6 16 5 17 0 25 42 34 13 9 29 37
17 12 5 17 39 0 20 18 38 9 6 30 26
11 39 0 25 42 18 38 9 30 34 13 16 26 37
3 31 18 5 30 37 29 20 6
39 5 25 42 18 38 13 9 40 37
31 12 42 40 29 20 26 6
9 16 25 18 38 13 40 6 26
0 30 16 0 34 20 38 13 29 26 37
38 29 30 16 5 25 42 18 40 6 26 37
25 13 29 16 30 37
29 16 34 13 5 37
34 6 34 20 12 13 30 26 37
20 12 18 42 13
18 30 5 16 13 6 26 37
12 42 5 40 16 30 13
13 16 40 6
5 42 30 40 16 37
40 42 37 26 6
6 30 16 42 26 37
42 30 26
30 30
16 26
26 37
37
