#kunkel.py
# GMT Fri Mar 29 05:29:17 2019
# 
1 1 8 2 41 10 27 21 5 16 33 23 17 11 39 31 0 7 34 13 9 40 29 30 37
32 12 10 35 27 22 28 4 7 16 33 20 17 19 39 36 0 18 38 13 9 15 26
8 10 35 24 14 28 4 7 16 22 5 23 31 25 42 20 18 38 9 6 2 15 37
2 36 41 10 14 28 21 5 15 33 20 17 39 31 42 23 9 6 30 26 37
19 36 24 27 35 14 28 21 7 16 23 17 11 3 0 38 34 20 18 12 13 40 37
12 11 36 41 10 24 27 14 28 21 7 16 3 39 31 0 34 38 5 40 6 29 30 26
41 3 39 31 23 10 42 34 24 18 28 5 30 40 15 16 20 26 13
10 24 14 4 21 16 33 17 30 31 0 25 42 34 18 5 15 26
35 31 9 3 25 42 34 22 14 28 4 30 27 15 38 21 23 26
27 36 7 24 14 28 21 5 23 3 39 42 34 18 9 29 30 26
22 11 39 31 0 3 36 25 24 16 14 28 9 21 6 15 23 26 13
14 24 28 21 33 23 17 25 29 18 36 5 15 30 26
28 36 28 30 16 25 18 38 13 5 6 26 37
4 36 7 33 17 6 11 3 31 0 42 34 18 38 13 9 40 15 29 26
21 16 9 38 25 13 5 15 29 11 33 20 37
5 0 38 13 9 34 40 6 15 17
16 24 7 33 17 31 25 18 36 13 9 40 6 29
24 11 36 30 33 23 17 39 31 0 13 40 29 26 37
33 39 31 3 36 29 18 38 6 30 23 26 37
23 39 38 9 42 40 7 37 34 26 6
17 36 20 0 25 42 38 9 40 15 11 26 37
6 7 20 11 3 0 42 36 9 40 6 29 37
11 29 20 3 39 0 25 42 18 36 13 40 15 30
3 30 20 39 31 42 34 18 9 40 15 26 37
39 7 20 39 0 25 34 18 38 13 26 37
31 30 7 20 0 42 34 18 13 9 29 37
0 30 7 38 25 42 36 15 37
38 7 20 38 25 42 18 36 9 40 29 26
25 36 34 18 13 40 15 29 26 37
7 42 18 34 29 15 20 37
42 20 29 34 40 26 37
34 20 13 40 15 26
20 36 29 20 13 40 30 26 37
18 13 30 40
36 30 29 13
13 40 15 29 37
9 40 29 30 15
40 26
15 15 26
29 30
30 26 37
26 37
37
