#kunkel.py
# GMT Fri Mar 29 05:29:18 2019
# 
32 19 12 10 35 4 30 7 5 23 17 11 3 39 31 0 33 18 38 13 9 40 37
19 39 31 36 0 38 12 41 10 35 24 18 14 28 5 21 42 7 15 17 6
8 12 41 10 24 27 22 14 28 4 7 29 33 3 31 0 42 18 13 9 40 2 26 37
2 36 24 35 4 30 7 16 5 17 6 3 31 25 42 38 13 9 40 15 29 26
12 10 24 28 21 33 20 17 6 11 3 39 31 25 34 18 9 15 30 37
41 11 1 15 33 24 34 3 38 28 5 21 7 30 29 22 4 20 17 37
10 35 27 24 28 4 21 7 22 33 23 17 39 0 42 20 36 13 9 40 29 26
35 36 27 28 4 7 16 5 17 11 39 25 42 18 38 40 26 6 15 1
27 11 3 31 9 38 36 34 42 14 4 30 5 16 29 37 33 23 6
24 36 14 28 30 5 16 20 17 31 25 7 42 18 9 15 29
29 1 36 22 21 29 16 23 17 11 31 0 25 18 13 40 15 30 26 37
28 39 36 31 25 22 14 6 5 21 15 16 33 17 37
4 1 36 7 16 33 23 17 11 0 34 18 38 13 6 37
30 1 39 23 38 36 25 42 5 34 6 33 20 26 37
7 14 21 33 23 17 11 3 39 42 34 13 9 40 1
16 1 14 21 23 17 3 0 42 34 18 13 9 40 6 37
22 1 3 39 31 25 42 23 18 5 21 40 15 33 20 26 6
5 36 14 21 33 23 11 3 39 42 38 9 40 1
23 11 39 31 9 15 25 42 14 13 33 20
17 21 33 11 3 31 0 25 34 38 6 15 26 37
6 1 36 9 38 25 14 34 40 26 37
11 3 39 20 25 42 18 38 13 21 26
3 1 14 21 20 39 31 0 38 40 15
39 14 31 25 42 34 18 38 40 15 1 37
31 1 14 21 20 31 38 13 9 15 26
36 1 0 38 14 40 33 20
0 42 34 38 18 14 13 1 26 33 20 37
14 21 25 42 34 18 13 9 26
33 21 18 13 15 26 37
42 1 20 34 18 13 26
34 1 20 34 13 9 40 21 26 37
20 38 25 13 9 40 15 1
18 9 25 21 26 1
38 15 21 13 1
13 25 9 40 26
9 21 25 40 15
1 15 25 37
40 21 25 15 26
25 15 26 37
21 26
15 15 37
26 37
37
