#kunkel.py
# GMT Fri Mar 29 05:29:20 2019
# 
1 32 10 2 8 35 22 30 7 20 19 39 31 0 42 34 18 13 5 40 15 29 37
32 36 8 22 4 7 16 5 17 6 19 3 39 0 38 34 18 12 40 15 2 37
10 11 39 23 0 12 25 41 8 24 27 22 18 9 21 34 30 26 4 20 17
9 8 12 41 35 27 22 28 4 16 33 23 17 19 3 39 38 25 42 34 20 36 13 40 15 2
36 19 12 24 35 4 30 5 33 20 11 31 25 29 23 38 13 15 2 26 37
41 12 8 24 27 14 4 21 2 15 23 17 19 3 39 31 0 34 13 6 29 30
8 12 14 21 7 16 23 11 3 0 25 42 34 20 18 13 29 26 37
12 35 22 5 16 6 11 3 0 25 34 18 38 40 15 29 26
35 27 22 28 29 16 33 23 17 11 3 39 31 0 20 18 40 15 2
24 30 31 0 42 27 18 38 4 21 34 7 16 26 15 23 17
22 39 0 38 25 4 18 14 21 7 2 30 33 20 26 6
29 19 39 3 27 42 18 14 4 21 38 6 16 11 5 20
28 19 14 21 7 33 20 17 11 3 39 31 0 34 18 38 13 5 40 2 30
4 5 21 2 33 17 19 3 39 25 34 38 15 30 37
30 30 5 16 17 6 3 39 31 25 18 40 15 26 37
27 19 31 23 38 42 18 14 13 40 15 2 33 20 17 6
7 0 3 13 42 38 40 21 26 6 15 11 33 20 17 37
16 21 5 16 33 11 3 39 0 25 42 34 38 13 40 15 26 37
33 11 3 31 2 25 21 42 26 5 23 17 13
20 14 5 23 19 3 25 42 13 40 15 26
17 14 21 19 3 31 34 38 13 40 26
6 14 21 11 3 39 31 42 34 18 38 5 15 2 26 37
19 14 3 31 0 25 38 40 15 2 26 37
3 31 2 14 37
39 21 23 0 25 42 34 18 38 37
31 11 14 21 23 0 42 34 18 26 37
0 14 34 13 5 15 2 11
14 11 21 2 15 23 25 18 13 40 26 37
25 23 13 21 38 5 26
42 5 23 34 18 13 40 15 2 26
34 5 13 40 2 26
23 11 18 13 40 5 15
18 38 5 40 2 37
38 15 21 5
13 21 11 13 40 37
5 2 11 40 15
40 21 40 11 37
15 15 2 11 37
2 21 37
11 21 37
26 21 37
21
37
