#kunkel.py
# GMT Fri Mar 29 05:28:44 2019
# 
0 33 34 3 37 7 8 9 10 11 12 13 14 18 19 20 22 26 27 28 42 30
1 5 8 9 10 14 15 16 18 19 21 22 23 25 26 27 31 34 35 37 38 39 42
2 2 3 6 7 8 9 11 13 15 21 22 25 26 29 30 31 33 36 37 39 41 42
3 32 35 4 5 7 40 10 11 34 14 15 17 42 22 23 36 26 27 29
4 32 33 5 6 7 38 9 42 39 13 14 16 19 20 41 22 23 24 27 28
5 9 11 13 14 15 16 18 20 21 22 23 24 25 32 34 35 38 41 42
6 35 37 8 9 10 11 34 16 17 20 22 41 24 25 26 27 28 29 36
7 8 10 13 14 17 20 21 22 24 25 27 31 32 34 38 40 41 42
8 9 15 17 18 19 20 22 24 31 34 35 36 37 38 39 40 41
9 11 12 14 15 19 20 24 25 29 30 33 35 37 40 41 42
10 11 13 14 22 23 25 27 28 29 30 31 33 35 38 40 41 42
11 37 12 13 38 15 16 40 18 21 23 24 27 29 31
12 33 34 37 38 40 41 14 15 17 18 21 23 24 25 26 28 42 30
13 15 17 18 20 21 22 23 24 28 32 33 35 36 38 39
14 15 16 17 19 21 27 28 29 30 31 32 33 40 41
15 36 33 16 17 18 34 39 27 28 29 30
16 32 34 39 41 17 19 24 26 27 29 30 31
17 20 22 23 24 26 28 30 32 35 36 37 40 42
18 19 20 21 22 23 29 31 32 33 34 36 37 39 40 41
19 20 22 23 24 25 26 27 28 29 30 31 32 33 39 42
20 33 34 35 41 21 40 25 26 28 29
21 23 24 25 28 30 31 35 37 38 39 41 42
22 23 24 25 26 27 28 32 34 36 38 39 42
23 23 27 29 31 32 33 34 36 38 40
24 26 28 30 31 32 33 34 35 37 40 42
25 26 29 30 31 32 34 36 37 39 41
26 27 28 29 30 35 36 37 39 42
27 28 29 30 33 37 38 39
28 31 33 36 37 38 42
29 33 34 36 38 39 40 42
30 35 36 38 39 34 41
31 33 34 35 37 39 40 42
32 33 35 40 41 39 38 36
33 36 38 40 41 42
34 34 35 36 37 38 40
35 36 37 38 40 41 42
36 39
37 38 41 42
38 38 40 41
39 41 40
40
41 42
42
