#kunkel.py
# GMT Fri Mar 29 05:28:44 2019
# 
0 2 4 6 7 9 10 13 14 15 16 17 20 21 23 25 29 31 32 34 35 36 39 41
1 34 36 38 6 7 8 39 12 14 16 17 20 21 22 23 24 25 27 30
2 3 4 5 6 7 9 12 13 17 18 19 20 24 25 27 31 33 34 35 36 37 40 41
3 7 8 10 11 12 13 17 18 19 20 22 23 25 27 31 33 34 35 40 41 42
4 32 36 6 33 40 10 11 12 13 16 42 21 22 23 25 26 28 29 30
5 6 9 10 11 12 14 21 24 25 30 31 32 33 34 35 36 37 38 39 40 41 42
6 9 13 18 19 20 21 22 23 25 26 27 29 30 33 34 35 37 38
7 36 37 39 40 42 13 34 17 18 35 20 23 24 26 27 28 30
8 9 10 13 15 16 17 20 22 23 24 25 26 28 32 33 35 37 40 41 42
9 32 35 41 12 15 17 18 19 20 21 24 26 38 28 30 37
10 11 12 13 14 15 17 18 21 22 23 27 29 31 32 36 38 41
11 12 13 14 15 16 17 18 20 21 28 29 30 35 36 37 39 40 41
12 12 13 14 15 17 19 20 21 28 29 30 32 34 37 38
13 14 15 17 19 22 26 28 31 34 36 39 41 42
14 15 18 19 20 22 25 27 29 30 32 34 37 38 39 42
15 16 17 18 19 22 23 24 26 32 33 35 36 38 39 40
16 34 38 33 41 17 18 19 20 22 25 27 36 29 30 31
17 21 22 23 24 28 32 34 38 39 40 41 42
18 18 19 21 24 27 28 32 36 37 38 39 40 41 42
19 20 21 23 26 27 28 29 31 36 37 40 42
20 24 25 26 27 28 31 34 36 39 41
21 39 40 41 23 25 26 27 37 31
22 23 26 27 29 30 31 33 34 35 41 42
23 33 38 42 36 27 35 29 32
24 33 36 42 39 34 40 26 28 29 30 37
25 32 38 41 39 33 40 26 27 30
26 33 37 42 39 38 27 28 31
27 28 30 31 34 37 42
28 28 29 31 32 35 36 38 40 42
29 30 33 34 35 36 38 39 41 42
30 32 34 40 42 33 36
31 32 35 38 41 34 40 42
32 33 34 35 36 38 42
33 42 40 38 37
34 35 37 42
35 36 40 39 38
36 39 41
37 38 39 40 41 42
38 38 39 41 42
39 40 42
40 42
41
42
