#kunkel.py
# GMT Fri Mar 29 05:28:40 2019
# 
0 2 3 4 6 8 9 11 12 15 16 18 19 22 27 30 31 32 34 36 37 39 41
1 2 4 6 9 12 13 15 17 18 19 20 22 23 24 27 33 35 36 37 38 39 41
2 4 6 7 8 13 15 16 18 19 21 22 23 26 28 29 33 37 38 40 41
3 33 34 4 6 7 8 10 11 12 13 15 40 19 20 23 36 25 28 39 31
4 38 6 8 9 10 34 17 18 19 20 41 22 40 25 28 30 31
5 6 7 9 10 11 12 13 15 18 19 20 22 25 26 27 28 29 33 35 36 38 42
6 8 10 11 12 21 23 26 27 30 33 35 37 38 39 40 41 42
7 7 8 12 15 18 20 21 22 23 25 26 27 28 30 32 35 37 38 39 41
8 9 10 11 15 19 21 22 23 24 25 27 30 32 33 35 36 37 41
9 34 33 10 39 12 13 16 17 20 21 22 23 25 27 29 30
10 11 13 16 17 19 21 23 24 26 27 28 29 30 31 33 36 40
11 32 39 41 14 17 20 21 22 40 24 25 26 38 28 42
12 13 14 15 19 22 24 25 26 28 29 31 33 36 37 40
13 14 16 18 20 21 24 26 30 31 32 33 34 35 37 40
14 32 33 34 35 37 40 41 42 17 18 21 22 23 24 25 26 27 30
15 15 17 18 20 21 22 23 26 27 28 29 31 33 35 40 41
16 32 34 36 33 39 17 18 42 20 21 41 24 27 28 29 31
17 18 20 23 24 25 26 29 30 31 32 33 36 37 39
18 19 20 22 24 25 26 27 30 32 34 35 36 38 39 41
19 21 24 26 27 29 30 31 33 34 36 37 38 39
20 20 21 23 25 26 29 31 32 36 37 38 40 42
21 23 24 25 28 30 32 34 38 41 42
22 24 25 27 28 29 32 35 36 39
23 36 37 39 35 25 38 28 29
24 32 34 37 38 33 40 28 31
25 26 28 30 31 32 33 35 37
26 29 30 31 34 37 41 42
27 35 36 41 33 38 42 30
28 38 41 42 36 37 31
29 31 32 33 34 35 36 37 38 39 40
30 34 35 36 37 40 41 42
31 33 34 36 37 39 41
32 34 35 38 40 39
33 35 40 42
34 36 38 39 40 41 42
35 36 38 42 39
36 36 37 39 40 42
37 42
38 41 39
39 40 42
40 41 42
41 42
42
