#kunkel.py
# GMT Fri Mar 29 05:28:47 2019
# 
0 1 4 5 6 8 10 12 13 14 16 19 20 22 23 26 28 32 33 34 35 38 42
1 2 3 5 7 9 11 12 16 17 18 24 26 29 30 31 32 36 38 39 40 42
2 3 6 8 9 12 13 15 16 18 20 23 24 25 27 30 33 36 37 40 41 42
3 5 6 7 8 9 10 11 14 16 17 18 21 22 24 25 32 34 35 36 38 39
4 8 10 11 12 13 15 16 19 20 21 22 25 26 27 30 32 33 34 35 37 40 41
5 8 9 12 15 20 21 23 24 26 29 30 32 33 34 35 36 37 38 39
6 8 9 13 15 16 17 18 19 20 21 22 23 25 27 29 36 37 38 41 42
7 32 34 33 8 42 11 13 16 17 18 19 24 25 26 27 29 39
8 13 14 16 17 20 22 28 30 31 34 35 36 39 41 42
9 12 13 14 15 16 17 22 24 25 26 27 28 30 31 32 33 34 35 37 38 40
10 11 14 16 18 19 21 22 23 24 26 27 28 29 34 35 36 38 39 41 42
11 32 34 33 38 39 12 13 14 17 19 20 23 28 29 30 37
12 12 13 15 16 18 19 20 22 23 24 25 27 30 31 36 41 42
13 13 14 16 18 21 22 23 26 27 29 31 34 37 38 40 41
14 16 17 18 19 20 21 23 25 26 27 28 30 31 32 37
15 17 20 21 24 25 27 28 29 30 31 33 34 36 37 38 42
16 17 20 22 27 29 30 32 35 39
17 17 18 19 20 22 24 25 28 29 32 37 41
18 21 26 28 29 30 32 35 36 37 39 40 41 42
19 20 21 22 23 24 25 26 27 28 30 31 35 36 39
20 21 23 27 28 31 34 35 39 42
21 32 33 38 41 22 24 36 26 27 31
22 26 28 29 31 33 34 37 38 41
23 32 34 36 33 41 39 38 42 29 35
24 36 35 40 39 34 25 26 27 31
25 33 37 40 39 34 41 36 27 31
26 26 28 30 32 33 34 37 42
27 29 34 35 39 40 42
28 32 35 36 37 42 40 29 31
29 36 40 39 33 42 37
30 31 35 36 38 39 40 41 42
31 31 33 34 35 38 39 40 41
32 33 34 35 37 38 40
33 34 35 37 39 40 41
34 35 36 41 42
35 36 38 40
36 37 38 39 41
37 40 38
38 39 40 42
39 40 41
40 42 41
41 42
42 42
