#kunkel.py
# GMT Wed Apr  3 12:21:16 2019
# 
0 3 4 6 7 8 10 11 12 13 15 16 21 22 23 27 28 31 32 34 38 40 41
1 32 33 2 4 5 6 7 10 12 15 16 18 42 20 21 22 36 26 38 29 31
2 3 4 6 7 8 9 11 14 18 21 23 25 26 27 28 29 30 32 34 36 39 41
3 4 7 9 10 13 15 17 18 19 23 24 26 27 28 30 32 35 36 40 42
4 9 13 14 16 19 20 23 24 27 29 32 33 34 36 37 39 40 41
5 6 7 8 9 11 12 13 14 16 19 21 24 25 26 27 30 33 37 38 39 42
6 9 10 11 12 13 17 20 21 26 30 31 33 34 35 36 37 38 39 40
7 7 8 13 14 15 17 24 26 27 29 31 32 33 36 38 40 42
8 9 12 13 14 15 16 17 18 21 22 23 25 30 31 38 39 41 42
9 10 11 15 16 18 19 20 22 24 27 28 29 30 32 37 41
10 11 12 15 16 18 22 23 24 25 28 31 32 34 37 38 40 42
11 12 13 15 18 21 24 25 28 29 32 33 34 35 36 38 41
12 35 36 39 13 37 42 21 22 24 25 27 29 31
13 33 41 14 40 18 35 21 27 28 37 30 31
14 15 17 19 20 21 22 24 26 27 31 35 37 38 39 40 42
15 19 20 21 22 23 25 26 33 35 37 40 41 42
16 17 18 21 25 27 30 31 32 34 35 36 38 40 41 42
17 18 19 21 22 23 25 26 27 28 29 30 34 35 36 37 38 40
18 19 20 21 22 26 28 30 33 34 36 40 42
19 33 39 40 42 20 41 22 23 25 27 28 29 30
20 21 22 23 24 25 31 32 33 34 35 36 37 38 39 40
21 24 28 29 33 34 35 36 37 38 41 42
22 34 36 38 39 23 26 28 29
23 23 28 29 30 31 33 34 37 39 41 42
24 32 33 34 38 42 39 28 29 30 31
25 26 27 28 29 32 33 35 38 40 41 42
26 36 38 39 35 37 28 29 30 31
27 29 30 31 33 34 35 36 37 40 41
28 33 36 38 30 31
29 33 38 41 42 36
30 32 40 34 37 31
31 32 33 36 37 39 40 41
32 33 34 35 36 37 39 40
33 34 36 39
34 37 38 39 41 42
35 37 39 40 41 42
36 38 39
37 38 42
38 40 41 42
39 41 40
40 41
41
42
