#kunkel.py
# GMT Wed Apr  3 12:21:34 2019
# 
0 1 2 6 8 13 14 15 16 18 19 20 21 22 23 25 26 27 28 29 30 32 33 34 35 36 37 38 39 40
1 4 6 9 10 13 14 15 16 19 20 21 23 24 26 27 28 29 30 31 33 35 36 38 39 41 42
2 3 6 7 11 12 13 14 15 17 18 20 21 22 23 25 27 28 29 31 32 33 34 35 36 37 38 39 40 42
3 5 6 8 12 15 16 17 18 19 20 21 24 25 26 27 28 29 30 32 33 34 35 36 40 41 42
4 6 9 11 12 13 14 15 16 17 19 22 23 24 25 26 29 30 31 34 35 37 38 39 40 41 42
5 6 9 10 12 14 16 17 21 25 26 27 28 30 31 32 33 34 35 37 39 40 41 42
6 7 8 10 14 17 19 21 22 23 24 26 28 29 31 32 33 34 35 36 37 38 39 40 41 42
7 10 11 13 14 15 16 19 20 21 22 23 24 26 27 28 29 30 31 32 33 35 36 37 39 42
8 9 11 12 13 15 17 18 19 21 24 27 29 30 31 32 34 35 36 37 38 39 40 41 42
9 10 11 13 14 15 16 17 18 19 20 22 23 24 26 27 28 30 33 34 35 36 38 39 40 41 42
10 12 14 15 16 17 18 19 21 23 24 25 27 28 29 30 31 33 34 36 38 40 41 42
11 13 14 15 16 18 19 20 21 22 24 26 27 28 29 31 32 33 36 37 38 39 40 41
12 13 16 17 18 19 21 22 23 28 29 30 31 32 33 35 37 38 39 40 41 42
13 14 17 18 20 21 23 24 26 28 29 32 33 35 38 40 41 42
14 19 20 22 23 30 31 32 33 35 36 37 39 40 41
15 16 19 21 22 24 26 27 28 29 31 32 36 37 38 39 40 41 42
16 17 20 21 23 24 26 27 30 31 32 34 35 36 37 38
17 18 20 21 22 24 25 27 30 32 34 35 37 38 39
18 20 21 24 26 27 29 31 32 33 35 37 40 42
19 19 20 22 23 25 26 27 29 32 36 40 42
20 21 22 23 26 29 30 31 32 33 34 39
21 25 26 27 28 31 32 34 35 40 42
22 22 25 26 28 29 34 36 37 39 40 41 42
23 24 29 31 32 34 35 37 38 40 41 42
24 25 27 29 33 34 36 38 40 41
25 27 28 29 30 31 32 33 34 36 37 42
26 30 32 33 34 37 39 41 42
27 29 33 37 38 42
28 29 30 31 32 36 39 41
29 34 36 38 39 40 41 42
30 32 33 35 36 37 38 39 40 41
31 33 35 36 37 38 39 41
32 33 38 39
33 34 35 36 40 41 42
34 34 35 36 37 38 39
35 36 42
36 37
37 38 39 42
38 40 41
39 40 41
40
41 42
42 42
