#kunkel.py
# GMT Wed Apr  3 12:21:35 2019
# 
0 2 4 6 8 9 11 13 14 15 17 18 20 22 23 24 25 26 27 29 30 31 32 34 35 36 38 39 40 41 42
1 4 7 9 10 13 14 15 16 17 18 19 21 23 24 25 26 30 31 32 34 37 38 39 40 41 42
2 2 3 4 5 7 11 12 13 15 16 17 18 19 20 21 23 24 25 26 27 28 29 31 32 33 34 36 37 38 39 40 41 42
3 7 9 11 15 16 17 18 19 20 22 23 24 25 26 28 30 31 33 34 35 36 37 38 39 40 41 42
4 5 6 7 8 9 10 11 12 13 14 17 18 22 23 24 25 26 27 28 30 32 35 38 39 41 42
5 8 9 11 13 15 16 17 18 19 20 23 24 25 26 27 28 29 31 32 34 35 36 37 38 40 41
6 8 9 12 13 14 15 16 19 20 21 22 23 24 25 26 27 28 29 30 31 32 33 34 35 36 38 40 42
7 10 11 12 13 14 15 17 18 19 20 21 22 24 25 26 27 28 29 31 33 34 37 38 39 41 42
8 10 12 15 16 17 18 19 20 21 23 24 25 27 28 29 30 31 33 34 35 37 39 40 41 42
9 10 12 13 14 15 16 18 19 20 21 22 25 26 27 31 32 33 34 35 37 38 39 40 41 42
10 11 12 13 17 18 19 20 21 22 23 24 25 28 29 31 33 34 35 36 37 39 40 41 42
11 12 13 14 15 17 18 19 21 22 25 26 27 28 29 31 32 34 35 36 37 38 39 40 41 42
12 14 16 17 18 19 20 21 24 25 27 29 32 33 34 35 36 38 40 41
13 16 17 18 21 22 23 24 28 29 30 32 33 34 36 37 38 39 41
14 15 17 21 22 23 25 27 30 32 33 34 36 37 40 41 42
15 17 20 21 23 24 25 28 31 32 33 34 38 40
16 19 20 21 22 25 26 27 28 29 31 33 34 36 37 39
17 22 26 27 28 29 31 33 34 37 38 39 40
18 19 20 21 23 25 26 30 33 36 37 39 40 42
19 20 22 23 28 29 32 35 36 37 38
20 21 25 27 29 30 31 32 35 36 37 38 42
21 24 25 30 31 34 35 37 38 39 41 42
22 24 25 26 28 30 32 33 36 37 39
23 23 24 26 28 29 31 32 34 36 37 41
24 26 29 31 33 35 36 38 39 40 41 42
25 26 28 30 33 38 39 40 41
26 27 28 30 31 33 36 38 39 41
27 35 40 28 29 30 37
28 29 30 33 34 35 39 42
29 29 31 32 36 39 40 41 42
30 31 32 33 34 40 41 42
31 34 39 40 41 42
32 35 36 37 38 40 41 42
33 35 36 39 42
34 35 40 41
35 37 38 39 40 42
36 40 42
37 41
38 39 40 41
39 41
40 40
41 42
42
