#kunkel.py
# GMT Wed Apr  3 12:21:39 2019
# 
0 2 6 8 9 11 12 13 14 16 17 19 20 21 22 25 26 27 28 29 30 31 32 33 35 36 39 40 41 42
1 2 3 5 6 8 10 11 12 13 15 16 18 19 20 21 23 24 25 26 27 28 30 32 33 36 37 38 40 42
2 3 4 5 6 7 8 9 10 11 12 13 14 15 17 18 19 20 21 23 24 25 26 29 30 31 32 34 35 36 39 40 42
3 4 8 10 11 12 13 14 15 16 17 18 19 20 22 23 24 25 26 27 28 29 30 31 33 35 37 38 39 41
4 6 7 8 9 10 12 14 17 18 20 22 23 24 25 26 27 28 29 30 31 33 34 35 37 38 39 40 41 42
5 8 9 10 11 12 13 14 15 17 18 19 20 21 22 24 25 26 27 28 29 30 33 34 35 36 37 40 41 42
6 7 8 9 10 11 12 13 14 15 16 17 18 19 21 23 24 26 27 28 29 30 32 33 34 35 39 41
7 11 13 14 17 18 19 21 22 24 25 26 28 29 30 31 33 34 35 36 37 38 39 40 41 42
8 8 9 11 12 14 15 16 18 19 21 22 23 24 25 26 28 29 30 31 33 34 35 37 38 39 42
9 10 12 13 14 16 18 20 23 25 27 30 31 32 35 37 40 42
10 12 13 15 16 18 20 22 24 25 26 31 32 33 34 35 36 38 40 42
11 12 13 14 16 17 19 23 30 33 35 37 38 39 41
12 13 15 21 23 25 26 27 30 32 34 36 37 41 42
13 19 20 21 24 27 28 29 30 31 36 37 38
14 15 17 18 19 22 23 25 27 28 31 33 35 36 37 40 41
15 19 21 22 24 27 30 31 32 35 36 37 40 41 42
16 34 36 37 33 38 18 22 23 24 39 26 27 28
17 19 22 23 25 26 27 28 30 31 32 34 36 37 38 40 41 42
18 19 22 23 25 26 27 30 33 36 38 41
19 19 20 21 23 24 31 38 39 40 41
20 20 24 26 28 29 30 32 33 34 35 37 38 39 40 41 42
21 22 23 24 25 26 27 30 31 32 36 37 39 40 42
22 26 27 28 29 30 35 37 38 39 40 42
23 24 25 34 37 39 40 42
24 29 32 33 36 37 39 40 41
25 27 29 31 34 36 40 41 42
26 28 29 30 31 32 33 34 37 39
27 28 29 30 32 33 37
28 29 30 32 34 36 37 39 40 41
29 31 33 34 35 36 39 41 42
30 33 34
31 33 34 35 36 37 38 42
32 32 34 35 37 38 39 40 41
33 34 35 36 37 39 40 41 42
34 36 37 38 42
35 38 40 41 42
36 37 39 40 42
37 38
38 39 40 41 42
39 40 42
40 42
41 42
42
