#kunkel.py
# GMT Wed Apr  3 12:21:39 2019
# 
0 1 4 6 7 8 9 10 11 12 14 15 16 17 18 19 20 21 22 27 28 29 30 31 33 34 37 38 39 40
1 3 4 6 8 11 13 15 16 17 18 19 20 21 22 23 24 25 26 28 29 30 31 32 34 36 37 38 40 41
2 3 8 10 11 13 14 15 16 17 18 19 20 21 22 23 24 25 26 28 29 30 31 32 33 34 35 36 38 41 42
3 4 5 6 8 10 13 14 15 16 17 19 20 21 22 24 25 26 27 28 30 31 32 33 34 37 38 39 40 42
4 7 8 9 10 14 18 19 21 22 24 25 28 29 30 31 32 33 34 36 37 38 39 40 41 42
5 6 7 8 10 12 13 15 16 17 18 20 22 23 24 25 26 27 28 29 30 32 33 35 36 38 39 40 41 42
6 7 9 14 15 18 19 20 21 23 24 25 26 27 28 29 30 31 32 33 34 36 37 38 39 40 42
7 8 9 10 11 12 15 16 17 19 21 22 25 26 28 29 31 32 33 34 35 37 38 40 41 42
8 9 10 14 15 17 18 19 20 21 22 24 27 29 30 31 32 34 36 37 38 41 42
9 10 11 13 14 16 18 20 23 24 25 28 29 30 32 33 34 35 36 37 38 39 40 41
10 12 13 14 15 16 17 20 22 24 25 26 27 28 29 30 31 32 33 35 36 37 38 39 40 41 42
11 12 14 16 17 19 20 22 25 26 27 28 30 31 32 34 36 37 38 41 42
12 15 16 19 20 21 23 24 25 26 27 28 29 30 31 32 33 34 35 36 37 38 39 40 41 42
13 14 16 17 18 19 23 24 25 26 27 29 30 31 32 33 34 35 36 38 41 42
14 15 18 20 21 22 23 24 25 27 32 33 34 35 37 38 41
15 17 18 19 20 21 22 23 28 29 30 31 32 35 37 38 41
16 16 18 19 20 21 22 23 24 28 33 34 35 37 38 39 40 41 42
17 19 23 27 29 30 31 32 33 36 37 40 42
18 19 22 23 25 28 29 30 31 33 35 39 40 41
19 20 22 23 24 25 27 34 36 37 38 39 42
20 21 23 27 29 30 31 34 36 37 40 41
21 24 25 26 27 29 30 32 33 35 38 40 42
22 24 25 26 27 31 32 34 35 36 39 41 42
23 24 26 27 29 30 34 35 36 37 38 41
24 25 26 27 28 29 36 37 38 39 40
25 26 29 30 35 37 39 41 42
26 28 30 31 33 34 37 40 42
27 28 33 35 36 37 39 41 42
28 32 33 34 35 37 38 39 40
29 31 32 34 39 40
30 31 32 33 35 39 42
31 32 33 39 40 41
32 35 36 37 42
33 34 35 40 41
34 36 38 40 41 42
35 35 36 38 40 42
36 37 39 40
37 39 41 42
38 42
39 40 41
40
41
42
