#kunkel.py
# GMT Wed Apr  3 12:21:44 2019
# 
0 1 3 4 5 7 8 12 13 14 18 19 22 23 25 26 27 32 33 37 39 41 42
1 2 5 6 8 9 11 12 14 16 24 26 27 32 33 34 36 37 39 40 41 42
2 3 4 6 8 9 11 12 13 14 15 16 17 19 26 27 29 31 34 35 36 37 39 41 42
3 5 8 10 12 14 15 16 17 18 20 21 23 24 27 28 32 35 36 37 38 42
4 7 8 9 10 11 14 15 18 19 25 27 28 29 30 31 32 36 40 41 42
5 6 8 9 10 12 14 15 18 22 26 27 28 29 30 31 33 35 38 41 42
6 8 9 10 12 13 14 16 17 18 19 20 25 28 29 32 34 36 39 40 41
7 32 34 37 38 33 40 9 42 12 13 15 16 17 20 21 25 27 29 31
8 8 10 17 18 21 23 25 28 29 30 31 33 34 35 36 38 39 41 42
9 32 34 41 10 42 13 16 18 19 24 36 28 29 30 31
10 11 13 14 16 17 18 21 24 25 26 27 34 35 38 39 41 42
11 12 13 14 15 18 20 22 23 24 25 26 28 32 33 34 37 38 41 42
12 32 41 13 14 15 16 18 19 20 22 23 29 37
13 14 17 19 20 23 25 26 30 32 35 36 38 39 41 42
14 18 21 26 27 29 34 35 36 37 38 39 41
15 16 17 21 24 28 29 30 31 33 34 36 38 40 41 42
16 16 18 19 23 24 25 26 30 31 32 33 34 37 40 42
17 17 19 21 26 29 30 32 33 35 36 37 38 39 40 41
18 18 20 21 22 27 28 29 32 35 38 40 42
19 20 22 23 27 28 29 30 33 34 35 37 40 41 42
20 21 22 23 24 25 26 27 30 33 34 35 36 41 42
21 22 25 26 28 30 31 32 34 35 37 40 41 42
22 23 25 27 29 30 31 32 33 35 36 37 39 40 42
23 35 36 38 39 41 42 40 24 25 26 30
24 24 25 26 27 28 31 32 35 36 37 38 39 40 41 42
25 27 28 31 32 34 38 39 40 41
26 27 28 29 30 33 35 37 41 42
27 28 34 38 39 40 41 42
28 30 31 35 36 39 40 41 42
29 30 32 33 36 38 40 42
30 32 35 37 40 41 42
31 33 35 38 42 39 37 36
32 32 33 39 42
33 34 36 39 40 41 42
34 35 39 40 41 42
35 37 40 41 42
36 39 41 42
37 38 40 41 42
38 42 40 41
39 40 41 42
40 42
41 42
42
