#kunkel.py
# GMT Wed Apr  3 12:21:47 2019
# 
0 1 6 7 9 10 13 14 16 19 22 24 26 27 28 30 31 33 36 37 38 39 40 41 42
1 2 5 6 7 10 11 12 14 17 18 20 22 26 28 29 32 34 35 37 38 39 40 42
2 7 9 10 11 12 13 15 16 17 19 21 22 23 25 27 30 32 33 35 36 37 38 40 41 42
3 5 6 9 11 13 15 16 18 20 23 25 26 27 28 30 31 32 34 36 37 38 39 42
4 5 6 7 8 9 11 12 13 20 22 24 26 29 30 31 33 34 35 36 37 39 40 41 42
5 9 10 11 13 15 16 17 21 22 26 28 30 31 32 33 34 35 38 40 42
6 7 9 10 12 14 16 17 19 20 23 25 26 27 29 31 33 36 37 38 41 42
7 8 12 13 15 18 21 22 23 24 25 26 30 31 32 33 34 35 36 37 38 39 40
8 10 11 12 14 15 16 17 18 19 20 22 24 26 27 28 30 32 34 35 36 38 39 40 42
9 9 10 11 13 18 19 22 23 25 28 30 31 33 34 36 37 40 41
10 12 13 14 15 16 18 21 28 29 30 31 32 33 34 36 37 38 39 40 41 42
11 13 14 18 19 21 23 24 25 30 31 32 34 37 38 39 40 41 42
12 15 16 17 18 19 22 25 27 30 31 32 33 34 35 36 38 39 40 41 42
13 14 16 17 20 21 23 24 25 26 27 30 31 32 33 34 38 39 40 41 42
14 16 18 19 21 24 28 29 30 31 32 33 35 37 38 39 40 41 42
15 16 18 20 22 23 24 25 26 30 31 32 33 34 35 37 38 39 40 41 42
16 19 21 23 26 30 34 35 36 37 38 39 40 41 42
17 19 20 25 26 27 28 30 31 32 33 34 35 36 38 39 40 41 42
18 19 21 22 23 24 25 27 29 30 31 33 34 35 36 38 39 40
19 21 22 23 30 31 32 33 34 35 36 37 39 40 41 42
20 21 23 27 28 29 30 31 32 33 34 35 36 37 38 39 40 41
21 24 25 26 28 30 31 32 34 35 36 37 38 41 42
22 23 25 26 28 31 32 33 35 36 38 39 40 41 42
23 24 25 27 29 30 33 34 36 37 38 39 41 42
24 26 27 28 30 31 34 35 36 37 39 40 42
25 27 28 29 33 34 35 36 38 39 41
26 27 28 30 31 32 33 35 36 37 38 39 40 41 42
27 29 30 31 34 35 36 37 40 41 42
28 30 31 32 33 35 37 38 40 41 42
29 30 31 32 33 34 35 36 37 38 39 40 41 42
30 31 32 33 34 35 42
31 32 41 42
32 34 35 36 37 38 39 40 41
33 35 37 39 40 41
34 35 36 38 39 40 41
35 36 37
36 40
37 40 41 42
38 39 40 42
39 41
40 42
41
42
