#kunkel.py
# GMT Wed Apr  3 12:21:47 2019
# 
0 5 6 7 13 14 15 16 17 19 20 22 23 26 27 28 29 30 31 32 33 34 35 36 37 38 39 40 41 42
1 4 5 7 8 9 13 14 15 16 17 18 20 22 23 24 26 27 31 32 33 35 36 37 38 39 40 41
2 3 6 7 9 12 14 15 17 18 20 21 22 23 24 25 28 29 30 31 32 34 36 37 38 39 40 41 42
3 4 7 8 11 12 15 16 18 19 20 22 23 24 25 26 28 29 30 32 33 36 37 38 39 40 41 42
4 6 7 8 9 12 13 14 15 16 17 18 19 20 22 23 24 25 27 28 29 30 31 34 35 36 37 41 42
5 6 11 12 13 14 15 16 18 19 20 21 23 24 25 26 27 28 30 31 32 33 35 37 38 39 40 41 42
6 7 15 16 17 19 20 22 23 25 26 27 28 29 30 31 32 33 34 35 36 37 38 39 40 41
7 8 9 10 11 13 14 15 16 17 18 19 21 22 23 25 26 27 28 29 31 32 33 34 36 38 39 40 42
8 9 10 11 14 16 17 18 19 20 21 22 23 24 26 27 28 29 30 31 32 33 36 39 40 41 42
9 9 10 11 12 14 16 17 19 20 21 23 24 25 26 27 28 29 30 31 32 34 35 36 37 38 40 41
10 11 12 13 16 17 18 19 21 22 23 24 26 27 29 30 32 34 35 36 37 38 39 40 41 42
11 12 13 14 15 16 18 19 20 21 22 23 24 25 26 27 28 29 30 33 36 38 41 42
12 12 13 14 15 16 17 19 20 21 24 25 29 30 31 32 33 34 35 36 37 38 39 40 41 42
13 14 15 16 18 19 21 22 24 25 26 27 28 30 31 32 33 34 35 36 37 38 40 42
14 16 18 19 21 23 25 32 34 36 37 38 39 41
15 19 21 23 24 25 28 31 34 35 37 39 41 42
16 17 19 20 22 24 28 30 34 35 36 39 41
17 20 23 24 25 26 27 28 30 31 32 33 40
18 19 20 21 22 24 25 26 27 28 29 30 32 33 34 37 38
19 20 21 23 24 26 30 33 35 37 40
20 22 23 27 31 32 33 34 35 37 38
21 21 22 23 29 30 34 35 36 38 39 40 42
22 25 26 27 28 32 33 34 35 39 40 41 42
23 25 29 32 33 34 37 39 40
24 27 28 32 35 37 38 39 40 42
25 26 27 28 29 33 35 42
26 27 28 31 34 35 36 39 40 41
27 27 28 29 30 31 35 36 39 40
28 29 32 33 37 39 42
29 30 32 33 34 35 36 38 39 40 41 42
30 31 33 36 37 40
31 33 34 36 37 38 39 41 42
32 33 38 41
33 34 38 41
34 35 36 37 38 39 40 41 42
35 37 40 41 42
36 36 39 41 42
37 41 42
38 38 40 42
39
40 40 41 42
41 42
42
