#kunkel.py
# GMT Wed Apr  3 12:21:48 2019
# 
0 1 4 5 6 7 8 9 10 11 13 14 15 16 17 18 22 25 26 27 29 30 31 32 35 36 37 39 40 41
1 2 3 4 7 8 9 10 11 12 13 14 16 17 18 19 20 22 23 24 25 26 29 30 33 34 35 36 37 39 40 41 42
2 3 6 7 8 9 10 11 13 14 15 16 17 18 19 20 21 23 25 26 27 29 31 32 33 34 35 37 38 40 41 42
3 4 5 6 7 9 10 11 13 14 15 16 17 18 19 20 21 22 23 24 25 26 27 28 30 31 32 34 39 40 41 42
4 7 8 9 12 15 16 18 19 20 21 22 28 30 33 36 38 39 40 41
5 32 36 33 6 7 40 9 10 12 13 14 16 19 23 25 38 28 30 37
6 9 11 14 20 21 22 23 24 27 30 31 32 33 34 35 38 39 40
7 12 14 15 17 22 27 29 30 32 34 35 36 37 38 39 41
8 12 13 14 17 18 19 20 21 22 24 25 26 30 32 34 37 39 40
9 11 12 14 15 16 17 18 22 24 25 27 32 34 37 40 41
10 12 14 15 16 19 21 24 25 26 27 28 30 33 34 36 37 38 39 42
11 12 13 15 16 18 21 23 25 26 27 28 34 35 36 37 38 39 41 42
12 14 16 19 23 24 25 27 28 29 31 32 33 34 35 38
13 15 16 17 19 20 21 22 23 25 26 32 33 35 38 40 41
14 15 18 23 27 28 29 30 31 32 34 35 37 39
15 16 17 18 20 24 25 27 28 29 31 32 33 34 36 37
16 18 19 21 24 26 27 28 33 35 37 39 42
17 21 22 23 24 25 27 29 31 33 34 36 38 41
18 20 26 28 32 33 34 35 37 38 39 42
19 21 22 24 26 27 28 29 31 32 33 34 37 38
20 22 23 25 29 32 33 34 35 36 37 38 39 40 41 42
21 23 28 30 31 32 35 36 37 38 40 41
22 33 39 41 24 27 28 29 30 37
23 24 25 31 32 33 34 35 36 37 40 42
24 25 27 29 30 31 32 38 40 42
25 25 26 27 35 38 39 40 41
26 29 30 31 33 34 35 36 38 39 41 42
27 29 31 32 33 38 41 42
28 29 30 31 32 33 36 39 40 41 42
29 30 32 35 36 37 40 41 42
30 31 34 37 38 39 40 42
31 32 33 35 36 37 38 39 41
32 35 39 40 41 42
33 38
34 40 41 42
35 35 36 38 39
36 38 41 37 42
37 42
38 39 42
39 42
40 42
41 41 42
42
