#kunkel.py
# GMT Wed Apr  3 12:21:50 2019
# 
0 1 3 4 6 7 8 10 11 14 17 18 19 20 21 22 27 28 29 31 33 35 36 37 38 39 41 42
1 2 3 4 6 8 9 10 11 12 15 16 18 19 20 26 29 32 34 36 37 40 41
2 3 8 12 15 17 18 21 23 24 25 26 29 30 31 32 34 35 36 37 38 41
3 4 5 11 15 16 17 19 20 21 25 26 27 28 30 31 32 35 37 38 39 40
4 5 7 8 9 11 13 14 18 19 21 24 25 29 30 31 33 35 37 38 39 41 42
5 8 9 10 12 13 16 18 20 22 23 25 26 29 30 32 33 35 36 38 39 40 41 42
6 8 12 13 14 15 19 26 27 28 29 30 31 32 34 36 37 38 39 40 42
7 9 10 11 12 16 17 19 21 22 26 28 29 32 33 34 35 37 38 40 41
8 9 11 12 17 20 22 24 27 29 36 37 38 39 40 41 42
9 9 11 13 18 20 23 24 25 28 29 30 32 33 36 37 39 40 41 42
10 11 14 15 17 20 24 25 26 28 30 31 33 35 36 38 39 40 41 42
11 12 14 17 19 22 25 26 28 31 32 35 36 37 38 39 41 42
12 13 15 16 19 26 28 29 30 31 32 33 34 37 38 39 40 42
13 13 14 16 17 18 19 23 24 26 27 29 31 32 33 34 36 38 39 40 42
14 15 18 20 21 22 23 24 25 27 32 33 34 35 36 37 38 39 40 41
15 17 18 19 20 21 22 23 28 29 30 31 32 35 36 37 38 41
16 16 18 19 20 21 22 23 24 28 33 34 35 36 37 38 39 40 41 42
17 19 23 27 29 30 31 32 33 36 37 38 39 40 41 42
18 19 22 23 25 28 29 30 31 33 35 36 39 40 41 42
19 20 22 23 24 25 27 34 36 37 38 39 41 42
20 21 23 27 29 30 31 34 36 37 39 40 41 42
21 24 25 26 27 29 30 32 33 35 37 38 40 41 42
22 24 25 26 27 31 32 34 35 36 37 38 39 40 41 42
23 24 26 27 29 30 34 35 36 37 38 40 41 42
24 25 26 27 28 29 35 36 37 38 39 40 41
25 26 29 30 35 36 37 38 39 41 42
26 28 30 31 33 34 37 40 41 42
27 28 33 35 36 37 38 39 41 42
28 32 33 34 35 37 38 39 40 42
29 31 32 34 37 39 40 42
30 31 32 33 35 36 39 42
31 32 33 35 37 38 39 40 41
32 35 36 37 39 40 41 42
33 34 35 39 40 41 42
34 35 36 38 39 40 41 42
35 37 38 39 41
36 36 39 41
37 40 42
38 39 40 41
39 41 42
40 40 42
41
42
