#kunkel.py
# GMT Wed Apr  3 12:21:55 2019
# 
18 9 20 17 8 4 39 32 42 6 33 21 19 35 38 16 13 36 26 22 2 3 27 30
9 12 20 0 42 8 39 32 6 34 21 29 35 37 13 36 1 7 25 2 27 40
34 12 17 41 8 39 32 10 21 35 38 16 14 36 23 22 7 13 31 3 26 24 30
20 33 19 37 14 36 39 4 1 32 11 41 7 10 13 3 30 15 40 29
0 0 17 39 32 28 6 10 21 29 16 42 14 36 11 1 22 31 25 2 3 24 40
17 24 33 17 8 32 28 21 16 42 37 13 10 31 25 2 3 27 15 40 30
41 33 10 42 39 32 28 6 19 35 29 37 14 36 11 23 13 25 3 27 15
39 10 8 4 11 5 21 19 26 29 14 36 23 1 31 13 25 30
5 4 8 28 6 33 21 29 35 38 14 36 11 23 1 22 7 25 3 26 15 40
8 33 4 28 12 6 10 21 16 13 24 1 22 31 25 2 3 27 15 40 30
32 33 4 42 12 29 35 38 16 37 23 22 7 25 3 27
28 12 4 28 6 19 26 29 16 42 37 14 11 23 1 22 25 2 27
12 16 31 14 42 23 22 7 13 21 6 3 35 24 26 40 30
6 13 42 4 23 1 25 11 31 33 21 19 24 40
4 42 21 19 35 37 14 36 22 7 25 24 15 40 30
10 16 33 37 13 42 19 21 11 7 14 3 26 27 15
27 21 19 35 29 42 36 23 1 7 2 26 24 15 30
21 42 33 29 26 14 23 1 22 31 2 40 30
29 42 35 38 13 36 11 23 22 7 25 2 15 30
26 38 37 14 42 1 11 22 31 13 19 24 15
19 38 16 42 1 11 22 2 7 3 35 31
38 35 16 14 1 11 22 7 33 25 2 3 30 24 40
35 33 11 16 37 36 22 31 2 3 15
16 33 13 36 11 23 22 7 31 15 40 30
42 33 37 13 24 7 30
37 33 13 36 11 1 22 31 2 3 40 30
14 13 23 25 7 31 3 40 30
36 11 2 24 23 31 25 7 3 15 40
33 23 22 7 24 40 31
11 31 13 22 2 40
23 23 1 31 7 3 15 40
1 13 24 7 2 3 15 40
22 13 22 7 25 30
31 2 24 3
7 24 7 2 15 30
13 3 15
25 25 2 24 15 30
2 15 3
3 30
24 15 40 30
15 40 30
40 30
30
