#kunkel.py
# GMT Wed Apr  3 12:21:56 2019
# 
18 9 10 0 42 8 5 28 41 33 21 26 16 37 14 36 23 1 31 13 12 3 27
9 12 0 8 4 41 6 33 21 19 35 37 14 36 24 23 1 22 25 2 3 27
34 12 20 17 8 5 32 11 41 6 33 35 38 13 36 23 1 25 2 3 26 27 30
10 41 20 17 4 28 6 21 29 35 38 42 13 36 11 23 2 3 26 24 40 30
20 38 12 16 37 14 0 42 8 4 1 32 7 13 6 29 35 24 15 40
0 17 8 4 39 32 28 41 5 33 2 29 35 38 37 36 11 1 31 7 3 27 15 30
17 41 33 42 39 8 11 21 29 26 14 23 1 7 13 25 2 27 15 31
8 33 28 12 6 19 29 16 42 23 1 31 25 2 24 15 40 30
5 38 41 37 13 39 4 23 28 22 7 33 14 2 27 24 15 30
39 12 39 32 28 41 21 19 35 29 14 36 24 26 1 13 3 27 15 30
32 41 4 28 6 21 19 23 29 38 16 37 14 36 26 22 31 3 15 30
28 12 42 41 33 35 38 37 14 36 1 22 7 13 25 31 15
41 41 4 12 6 19 38 42 37 23 1 22 2 27
6 16 36 42 23 11 22 25 27 21 3 24 29 40 30
4 38 13 42 26 1 22 31 14 21 19 27 36 40 30
33 38 12 37 22 23 25 11 3 26 27 36 40
2 11 19 35 29 16 42 37 14 24 1 22 7 3 27
21 11 35 16 37 36 23 22 31 25 7 26 15 40 30
29 12 42 35 38 37 13 36 24 31 25 27 15 40
35 12 42 19 26 38 16 11 23 22 31 15 40 30
19 12 19 37 14 23 1 7 25 3 26 27 15 40 30
38 37 13 11 26 1 7 31 3 15 30
23 11 42 37 14 31 25 7 15 40 30
16 14 36 42 11 22 27 13 7 3 24 31 40 30
42 12 37 14 25 26 40 31
37 25 11 7 14 40
13 24 14 26 1 7 25 31 3 27 40
36 14 26 1 22 31 25 3 24 15
24 31 22 1 12 7 3 30 24 15
11 14 31 1 25 22 7 3 30
26 14 22 7 25 31 15 40
1 12 31 25 7 27 15 30
22 12 14 25 15 31
31 7 27
40 12 7 25 3 27 15
14 12 7 25 15
25 7 3
7 3
3 12 27
27 30
15 12 30
12 30
30
