#kunkel.py
# GMT Wed Apr  3 12:21:17 2019
# 
0 1 3 4 5 6 9 10 14 15 16 17 20 22 25 31 34 35 36 37 38 39 40 42
1 34 3 4 6 7 40 41 42 11 12 14 16 17 39 21 23 24 36 26 30
2 6 7 8 14 15 17 18 21 22 23 24 26 27 28 29 30 32 34 36 38 39 41
3 5 6 7 11 12 13 17 18 20 24 25 26 29 30 31 34 35 39 41 42
4 5 7 8 12 14 16 17 21 22 24 25 28 31 32 34 35 36 37 38 41
5 32 6 7 9 39 14 15 16 18 19 20 22 23 24 26 27 35
6 7 41 10 39 13 14 33 37 20 22 24 26 27 29 30 31
7 10 11 12 17 18 22 23 26 29 32 33 34 36 38 39 40
8 33 34 38 9 10 13 14 16 17 18 19 20 22 23 36 26 27 29 31
9 10 12 13 16 18 19 20 23 24 25 26 28 29 30 31 34 36 37 38 39
10 12 13 18 19 21 28 31 32 33 35 36 37 38 39 40 41 42
11 32 36 33 38 42 13 16 17 18 35 21 23 26 27 28 37 30 31
12 14 19 22 24 25 26 30 32 33 34 35 38 39 40 41 42
13 14 15 17 21 24 25 29 30 31 32 33 35 36 38 40 41
14 32 38 39 17 20 41 23 24 25 27 28
15 32 34 33 40 42 39 16 37 35 22 23 25 26 28 29 30 31
16 34 38 32 40 18 19 21 39 24 36 29 30 37
17 18 19 21 27 28 29 32 35 37 39 40 41
18 35 38 34 19 40 21 23 28 42 31
19 32 34 35 36 39 20 22 25 26 28 29 30 37
20 22 23 26 27 28 33 34 35 36 37 38 39 40 41 42
21 32 37 38 33 40 41 22 23 24 28 30 31
22 23 24 27 29 32 33 34 37 39 40
23 36 42 41 25 26 28 30 37
24 26 27 29 30 33 36 37 38 40 41 42
25 26 27 28 29 30 33 35 36 37 40 41 42
26 27 28 29 31 33 35 37 41
27 28 30 32 33 34 35 38 39 40 42
28 30 34 37 39 40 41 42
29 29 32 34 36 37 38 41
30 36 37 40 41 42
31 33 34 37 39 40 35 36 38
32 42 35 34 39
33 36 38 41 40 42
34 35 38 39 41 42
35 40 41 42
36 39 40 42
37 39 42
38 39 41 42
39 42
40
41
42
