#kunkel.py
# GMT Wed Apr  3 12:21:56 2019
# 
18 41 10 20 17 39 5 32 42 34 21 19 29 38 16 13 36 26 14 3 27 40 30
9 0 17 4 32 28 6 5 34 21 19 35 29 16 37 14 1 22 31 13 7 3 24 15
10 20 0 8 4 39 32 11 6 5 33 19 35 14 26 22 31 7 2 3 27 40 30
15 22 12 31 14 0 42 28 4 23 11 6 5 27 20 17 7 3 24 36 30
20 38 12 31 36 8 5 23 26 11 41 7 21 2 3 35 24 40 30
0 38 34 39 36 42 41 28 5 26 1 32 11 12 7 4 33 2 19
42 41 8 4 6 33 21 19 35 38 37 13 36 23 31 25 2 3 40 30
39 12 5 32 28 41 6 21 19 29 16 37 14 36 11 23 7 25 31 24 40
5 16 33 37 13 17 1 11 7 34 21 31 3 40 30
8 38 12 37 14 36 17 23 1 32 28 7 21 2 19 35 26 40 29
32 28 41 6 34 29 35 16 37 36 26 1 22 7 25 3 30
28 17 41 4 11 12 34 21 19 14 36 26 1 7 25 3 40 30
41 38 4 23 1 22 7 21 6 29 35 27 36 40 30
6 33 37 13 22 1 11 31 14 25 2 19 27 24 30
4 33 17 34 2 21 35 13 23 1 7 25 12 24 40 31
34 38 37 13 17 23 22 31 25 2 19 24 3 40
2 12 14 17 26 1 25 22 21 3 27 24 19 35
21 12 33 19 35 29 16 37 24 23 25 3 26 27 40
19 29 38 16 13 36 26 1 25 24 40 30
35 17 33 35 16 13 36 23 1 22 31 26 24
29 17 11 12 38 16 37 14 23 1 22 25 3 27 30
38 12 16 23 1 31 33 13 25 26 3 40
23 37 17 25 11 22 33 14 3 40
16 17 11 12 33 37 13 1 22 7 31 27 40
37 33 26 14 1 31 7 3 24 40 30
13 33 14 36 1 22 7 25 27 40 31
33 12 17 11 14 1 3 24 40 30
24 12 11 14 26 22 31 25 3 27 40
11 12 17 1 25 22 7 27 36
26 12 14 36 1 22 7 27 40 31
1 36 31 25 27
22 17 27 31 7 14 30
7 36 31 25 30
17 12 36 25 3 40 30
14 12 36 27 40 30
25 31 40 30
12 12 27 30
3 36 31 27
30 31 27
27 36 40
36 31 40
40
31
