#kunkel.py
# GMT Wed Apr  3 12:21:16 2019
# 
0 32 1 2 34 5 38 33 9 42 11 12 13 15 17 18 19 22 26 27 30 37
1 6 7 8 12 14 15 16 17 18 19 22 25 27 30 33 34 35 36 39 40 41
2 2 3 4 5 9 10 13 15 18 20 22 25 28 29 30 32 33 35 36 40 41 42
3 33 35 4 38 39 8 9 10 12 16 17 18 40 21 23 36 27 29 30 31
4 6 8 10 13 15 16 17 18 19 20 22 24 25 26 27 29 31 32 35 37
5 6 7 10 11 12 13 15 18 19 22 24 27 29 31 32 36 39 40 41 42
6 34 35 33 41 12 14 15 18 19 21 22 23 36 26 28 37 31
7 32 34 35 38 33 8 9 10 39 13 16 17 18 20 21 27 28 42 31
8 9 10 11 13 14 15 19 21 23 24 25 29 31 33 34 36 37 39 41 42
9 11 12 17 19 20 23 26 27 28 29 31 33 34 35 38 39 41 42
10 11 12 14 15 16 18 20 21 23 24 26 28 30 31 32 42
11 33 34 38 12 13 14 40 18 20 22 24 25 27 42 30 37
12 14 15 18 24 25 26 28 30 32 33 35 36 37 39
13 32 41 42 14 15 17 19 20 22 23 25 40 36 31
14 16 17 18 19 20 21 22 23 27 31 32 33 35 36 41
15 16 19 22 23 24 26 27 31 33 34 37 39 41
16 17 18 20 22 23 24 25 26 28 29 30 33 35 36 37 38 39 42
17 18 19 21 23 25 26 28 32 34 35 36 39 41
18 35 20 21 25 26 38 39
19 19 20 21 22 24 26 27 29 32 37 38 39 40 41
20 22 23 24 27 28 30 31 33 34 35 37 40
21 35 34 38 41 23 24 25 26 28 29 30
22 23 25 26 29 30 35 36 38 39 42
23 24 28 29 32 33 34 35 36 40 41
24 24 25 27 28 30 31 35 37 39 41 42
25 26 30 32 34 35 37 39 40 41
26 28 31 33 36 37 38 40 42
27 29 31 32 33 34 37 38 40 41
28 29 31 32 35 37 38 40 41 42
29 30 31 33 34 35 36 38 39 40 42
30 36 33 38 32 34 42
31 31 32 33 34 39 40
32 33 37 38 40 42
33 34 35
34 36 37 40
35 37 38 40 41 42
36 39 42 40 38
37 38 41 40
38 40 39
39 39 40 41
40 42
41 42
42
