#kunkel.py
# GMT Wed Apr  3 12:21:57 2019
# 
18 12 33 20 0 4 28 41 5 34 21 19 26 38 16 37 13 36 11 23 22 7 31 24
9 38 41 14 0 42 28 4 23 26 11 12 7 34 25 2 3 35 27 15 40 29
34 38 16 28 35 14 36 42 41 8 15 1 11 12 33 21 19 23 3 30
20 12 16 10 37 13 0 22 4 23 1 32 28 41 7 25 33 21 31 24 36
0 8 5 39 28 41 19 29 38 14 36 1 22 7 13 31 27 15 40 30
17 12 10 42 39 5 32 28 41 33 21 35 16 13 11 26 22 31 25 2 27 15 40
12 12 41 39 4 32 28 5 21 38 16 37 11 23 22 25 27 30
8 41 33 4 32 6 21 19 35 29 38 16 26 1 22 31 7 2 3 24 40
5 41 31 13 36 42 39 4 15 21 28 6 25 2 3 24 40 29
39 38 33 13 4 26 32 11 7 10 27 6 19 35 24 40 30
32 10 42 6 33 21 19 38 14 36 1 22 13 2 3 27 40 30
28 33 4 6 19 26 29 38 37 14 23 22 31 2 3 30
41 6 4 35 13 36 24 26 1 22 7 2 3 27 15 40
6 42 6 33 19 35 29 16 37 14 26 31 7 2 3 40 30
4 33 19 35 29 16 14 36 24 11 1 13 25 27 40
10 38 16 37 42 23 1 22 7 33 27 25 2 3 30 24 15 29
2 33 21 35 16 14 11 23 22 7 25 2 3 24 30
21 16 42 37 14 23 1 11 13 3 24 29
19 33 29 35 16 37 14 36 23 1 25 24 15 30
35 38 27 36 23 22 33 25 26 24 40 31
29 33 26 16 13 36 11 23 1 7 31 3 27 15
38 42 26 14 11 23 1 22 31 3 15 40
33 24 16 37 13 36 11 23 7 25 27 15
16 11 16 37 13 1 22 7 25 27 15 40 30
42 37 14 36 23 25 11 13 31 3 26 40 30
37 36 15 11 22 14 31 26 24 3 30
14 26 13 23 1 7 25 27 15 31
36 13 36 23 22 31 25 3 26 15 30
24 1 25 27 26 15 30
11 26 23 22 7 3 27 40 30
23 13 1 7 40
1 7 3 27 15 40 30
22 26 22 25 15 40
7 26 31 25 40 30
13 31 3 27 15 40 30
25 26 27 15 30
31 26 31 3 27 15 40
3 27
26 27 40 30
27
15
40 30
30
