#kunkel.py
# GMT Wed Apr  3 12:21:57 2019
# 
18 12 20 0 17 39 4 32 11 9 6 33 29 38 37 13 36 23 22 31 3 24 40
12 41 34 20 0 17 5 32 6 4 33 21 19 35 29 16 37 13 26 1 22 7 25 2 3 15
34 38 20 36 31 5 26 32 28 41 7 10 27 21 2 19 23 24 29 40 30
20 16 33 42 13 17 8 4 39 1 11 22 5 27 2 19 26 24 40
0 17 8 5 28 10 19 26 38 16 42 37 36 23 1 22 31 25 3 27 30
17 9 19 37 14 22 8 4 39 1 32 31 33 3 27 15 30
8 9 10 39 5 32 11 33 29 38 42 14 24 1 22 2 3 27 15 40 30
5 9 33 42 4 39 28 6 19 29 38 16 24 36 11 1 27 15
39 41 4 39 32 11 6 10 27 21 35 42 13 23 1 22 26 24 15 40 30
32 33 10 28 41 6 29 35 16 42 36 22 31 2 27 15 40 30
28 38 41 16 14 31 4 23 22 6 10 25 2 3 35 36 29
41 33 42 4 9 21 19 35 29 14 24 11 26 31 25 2 3 27 15
6 9 33 21 19 29 38 37 14 36 11 26 1 7 2 3 15 40
4 38 16 37 14 7 33 13 25 19 35 24 30
10 37 14 36 23 1 11 22 27 13 2 3 35 26 40 30
21 9 33 42 11 19 35 16 14 36 23 1 22 31 25 2 27 40 30
33 19 26 29 38 14 23 31 13 25 3 24 40
19 9 29 35 38 13 23 1 7 2 26 30
26 9 42 11 35 14 36 7 13 25 2 3 24 30
29 42 35 38 16 37 13 1 22 31 25 7 3 15 30
38 9 37 24 36 23 7 25 2 27 15 30
9 11 23 42 14 24 7 25 3 27 15 40 30
35 37 36 42 1 11 7 25 31 23 30
16 42 37 13 36 23 1 22 14 2 24 15 40 30
42 42 37 13 24 22 7 25 31 27
37 13 36 22 2 25 7 27 15 30
14 13 36 1 11 22 7 3 24 31
36 1 11 27 3 24 40
24 1 22 7 25 31 3 15 40
11 23 1 22 7 25 3 27 15
23 13 1 7 2 3 27 15 40
1 15 30
22 7 13 31 3
31 13 25 2 27 40 30
7 13 27 3 40
13 25 15 40 30
25 2 3 15
2 2 3 27 15 40
3 30
27 40
15 40 30
40
30
