#kunkel.py
# GMT Wed Apr  3 12:21:58 2019
# 
18 20 17 8 5 39 32 6 34 21 19 26 29 16 37 13 36 23 1 31 25 3 15 40 30
9 38 12 16 33 37 14 0 42 28 5 26 25 11 22 31 34 21 2 24 40 30
10 38 12 33 36 17 8 4 23 1 32 11 22 34 25 2 3 35 27 15 40 30
20 12 0 17 8 32 28 41 33 19 29 38 16 37 14 36 26 1 13 3 24 15 30
0 17 41 39 28 12 6 34 35 16 37 13 36 23 25 3 26 27 15 40 30
17 38 39 8 4 23 1 32 11 7 27 21 6 26 24 15 40 30
41 34 37 13 28 4 31 1 25 11 22 7 27 21 6 19 24 29 40 30
39 12 8 4 32 28 6 33 21 19 42 37 14 11 23 31 13 2 24 30
4 22 28 37 14 36 5 1 32 42 12 6 34 7 29 15 40 30
8 38 16 34 37 13 36 31 7 30 21 2 19 35 24 15 29
11 38 16 13 5 19 32 22 25 33 14 21 3 24 15 40 30
32 6 5 33 19 38 16 13 26 1 22 7 25 2 3 24 15
28 33 6 34 19 38 37 14 24 23 1 22 13 25 2 3 27 30
12 42 6 33 27 35 38 14 36 23 22 31 3 26 24 15 30
6 33 34 29 35 38 42 37 27 36 26 22 2 24 40
5 16 34 37 42 23 1 22 31 33 25 2 3 35 27 29 40
34 21 35 38 16 37 14 24 1 25 2 3 27 30
21 33 19 35 16 42 24 23 1 7 2 3 26 27 31
19 42 33 16 37 14 1 22 7 13 2 27 40 30
35 33 29 38 14 36 24 23 31 13 25 2 3 27 40
29 2 37 14 23 1 33 13 7 3 26 36 40 30
38 42 23 1 22 7 25 2 26 15 40
33 33 42 16 24 36 26 22 7 25 2 3 27
16 42 16 14 36 7 25 27 15 40 30
42 13 15 1 2 7 3 26 27 14 31
37 26 36 23 1 25 27 15 40
13 26 14 31 2 3 24 15
36 14 26 22 31 7 2 24 15 30
24 23 31 25 2 40 30
31 22 25 7 27 2 3 30
23 14 26 1 22 7 27 15 40
1 14 22 3 15
22 14 22 7 25
7 26 14 2 3 40 30
14 2 3 15
25 26 2 15 40 30
2 26 27 40
3 26 40
26 30
27 15 30
15 40
40
30
