#kunkel.py
# GMT Wed Apr  3 12:21:58 2019
# 
18 9 0 17 8 32 28 41 34 21 29 35 38 37 14 36 11 23 1 7 25 2 40
41 12 20 0 42 39 5 4 10 21 29 35 38 16 37 14 1 22 31 2 3 30
33 9 34 42 14 36 17 8 4 1 11 12 22 5 27 20 25 19 35 24 3 30
20 12 17 5 32 11 34 21 19 35 29 38 16 42 37 24 26 1 2 27 40 30
0 17 39 4 32 28 5 26 38 16 42 13 36 11 23 1 22 7 25 3 30
17 12 10 8 5 9 21 29 38 16 37 14 36 23 7 13 31 3 15
39 38 12 16 13 42 5 23 36 32 31 27 14 25 2 19 35 24 15 40
4 10 28 13 8 5 26 1 32 11 12 31 4 34 27 21 3 24 36
8 9 10 32 42 12 5 34 21 19 35 37 36 26 1 22 7 27 40 30
32 28 29 35 38 16 37 36 23 1 22 31 2 26 24 15 40 30
28 42 6 5 21 19 29 38 16 37 13 36 26 7 25 2 3 40 30
12 16 37 13 10 36 11 34 2 19 23 26 15 40 29
6 9 16 37 13 42 5 1 25 22 7 30 14 21 2 19 35 27 15 40 29
5 36 16 34 42 10 1 15 25 35 26 40
10 26 31 37 14 42 23 1 7 27 2 3 35 24 15 29
2 42 34 29 38 37 24 11 26 22 7 31 27 15
21 24 19 35 29 14 36 23 1 13 25 3 26 27 40
29 16 37 36 26 25 9 7 3 24 40
26 42 23 25 22 31 3 35 24 15
19 42 34 19 38 37 14 36 11 23 7 25 3 27 15
38 9 34 35 16 42 11 22 7 25 24 15 31
9 42 16 31 37 13 23 22 7 27 3 24 40 30
35 37 14 42 1 25 22 7 30
16 34 14 36 1 13 3 15 40 30
42 34 37 23 1 7 3
37 34 14 22 7 13 25 27 15
13 22 14 23 25 11 34 24 40 30
36 34 14 11 23 22 7 31 27 40 30
11 34 23 1 31 14 25 3 15 40 30
23 14 1 22 3 27 40
1 34 7 31 15 40
22 14 31 25 3 27 40 30
7 24 31 25 3 27 30
34 31 25 24 15 40 30
27 14 25 3 24 40 31
14 24 15 40 30
25 24 31 15 30
31 24 3 15 40 30
3 15 40
24 15 30
15 40 30
40 30
30
