#kunkel.py
# GMT Wed Apr  3 12:21:58 2019
# 
18 18 12 33 0 17 39 4 8 28 9 6 34 21 38 42 37 14 11 26 7 25 3 40
12 20 0 42 39 5 28 4 34 29 38 37 14 36 1 22 7 2 3 27 40 31
34 42 28 41 6 10 26 9 16 14 36 11 23 22 25 2 3 24 15 40 30
10 38 9 16 28 37 27 17 41 39 4 26 11 22 31 21 19 24 3 29
20 9 17 41 8 5 39 32 19 26 29 38 37 14 36 24 23 22 3 27 15 40 30
0 17 8 5 32 28 2 19 16 14 24 11 26 1 22 31 25 7 27 15 30
17 9 39 32 11 41 6 21 29 35 37 13 36 24 26 22 7 31 27
41 9 42 36 8 4 26 11 22 7 14 25 2 3 35 24 31 30
8 9 42 5 32 28 33 21 38 16 37 13 11 1 22 7 2 40 30
5 42 39 4 32 9 6 29 35 38 16 37 14 24 23 31 3 27 15 40
39 4 32 28 6 33 21 19 42 13 11 26 1 22 25 15 30
32 35 16 14 23 25 42 7 30 33 21 2 19 26 15 29
28 42 6 21 16 37 24 23 22 31 2 3 27 15 40 30
9 33 4 11 6 21 19 35 38 37 24 1 22 31 25 27 15 40 30
6 33 21 19 35 38 16 42 37 13 36 24 11 22 31 25 27 40 30
4 33 13 42 26 25 22 21 2 29 35 24 15 31
33 42 11 30 19 35 38 16 13 36 23 7 2 26 24 40 31
21 23 37 36 11 2 19 35 27 15 40 31
19 38 16 37 14 23 1 22 25 13 26 27 36
23 31 16 14 15 1 11 7 25 2 30 3 40 29
29 38 16 42 14 35 1 11 13 25 3 27 24 40
31 26 35 14 7 13 3 24 15 40
38 16 37 14 36 26 1 22 13 2 3 24 30
35 11 16 42 14 36 26 1 13 3 27 15
16 37 13 11 30 15 40
42 14 36 26 7 25 2 3 24 15
37 14 36 1 13 3 24 15
14 26 1 25 2 27 40
36 11 13 36 26 1 2 3 27 15
24 13 1 22 7 3 40
11 1 7 25 3 15
26 1 7 25 2 3 40
1 22 7 13 25 2 40 30
22 25 27 15 40 30
7 13 27 2 3 40 30
13 30 2 3 15
25 15 3 40
2 27 15 30
3 27 30
27 30 40
15
40
30
