#kunkel.py
# GMT Wed Apr  3 12:21:58 2019
# 
18 18 9 10 0 17 39 5 28 12 33 29 26 38 35 16 36 23 22 7 25 24 40
12 41 10 0 42 4 32 28 5 34 21 29 35 14 36 26 31 13 25 2 3 24 30
33 9 17 8 4 32 28 10 19 35 29 38 42 14 11 23 1 22 7 13 25 31 27 40 30
20 24 10 39 8 32 11 41 34 19 35 29 16 37 14 36 26 1 7 13 31 3 27
0 17 8 5 32 28 2 21 19 29 38 37 13 36 11 23 1 31 25 7 24 15 40
17 9 4 41 6 5 34 29 26 16 10 23 1 22 7 2 27 36 40 31
41 39 5 8 28 34 21 19 35 29 38 16 42 36 23 1 31 25 2 24
8 38 16 14 42 4 23 6 5 34 2 21 7 19 35 26 36 30
5 39 4 32 6 5 10 38 37 13 36 23 1 7 14 3 15
39 9 11 6 34 21 29 26 38 16 37 13 36 23 22 25 3 24 40
32 10 42 4 28 6 38 16 37 14 11 23 1 22 31 25 2 15 40
28 16 27 4 15 11 9 31 10 25 19 26 24 3 40 35
9 34 19 35 10 42 4 26 1 11 7 21 6 3 30 15 29
6 26 14 36 4 1 22 31 2 19 23 24 15 40 30
4 10 19 35 29 38 16 42 14 26 1 22 31 13 25 7 3 15
10 34 19 29 37 14 36 1 7 2 15 40 30
2 16 34 27 23 42 25 21 7 29 24 15 40 31
21 38 22 16 37 13 42 1 11 7 34 35 27 26 31
19 42 38 37 36 11 23 22 7 25 3 24 30
26 34 38 14 11 23 1 7 31 27 40 30
29 42 37 13 11 31 14 35 24 15
38 42 11 14 36 24 23 7 13 27 15
35 16 34 36 22 25 14 27 15 40 30
16 42 37 13 36 7 14 25 3 24 40 30
42 11 37 14 36 24 1 22 31 3 27
37 36 34 23 1 22 7 13 24 3 40
13 14 25 11 22 34 3 27 40 30
36 34 23 1 22 25 15 30
11 14 24 23 1 3 27 15 30
23 34 22 31 3 24 30
1 22 31 24 15 40
22 34 22 7 25 3 27 40 30
31 34 24 25 3 27 30
34 3 27 30
27 7 25 3 15 40
14 25 3 24 15 30
25 24 3 15 40
7 3 15 30
3 40
24 30
15 30
40 30
30
