#kunkel.py
# GMT Wed Apr  3 12:21:59 2019
# 
18 9 20 0 17 8 5 28 41 4 2 19 42 13 24 23 1 22 31 25 12 3 27
12 12 33 20 0 17 5 32 28 6 34 19 35 29 37 13 11 22 31 25 2 24 40 30
10 41 0 39 5 32 28 21 19 29 16 14 36 23 1 22 31 13 25 3 24 15 30
20 9 17 8 4 32 28 6 21 35 38 42 37 36 11 26 1 31 25 2 3 24 15 40
0 17 8 5 42 41 33 29 26 38 16 14 36 24 23 1 22 7 25 3 27 40
17 17 41 39 5 8 9 6 34 29 26 16 14 23 25 2 3 27 30
8 9 39 28 41 6 33 21 19 35 29 16 42 26 31 7 3 24 15
5 33 4 32 34 19 35 29 38 16 14 23 1 25 3 26 40 30
39 9 4 28 41 6 33 35 38 16 37 36 23 31 25 2 3 15 40 30
32 38 33 35 42 23 28 22 6 34 2 21 7 19 26 27 36 31
42 9 33 4 11 6 34 38 16 14 36 23 22 7 2 15 40 31
41 38 34 14 19 11 6 2 7 3 35 24 15 40 31
6 28 33 21 19 26 29 14 11 23 1 7 13 25 2
4 31 28 37 13 36 26 1 11 7 33 2 19 35 27 15 29
33 11 34 21 19 35 16 14 36 26 1 13 2 27 30
21 16 37 14 23 1 28 22 13 25 2 29 27 24 15 30
29 9 11 34 19 26 38 13 36 23 1 22 2 15 30
26 26 16 37 36 23 1 31 7 2 24 15 30
19 28 34 19 35 36 23 1 22 25 3 27 40
38 9 34 27 35 16 37 14 36 31 2 3 24 15 40
9 24 34 37 13 36 23 22 7 14 25 2 30 27 31
35 11 34 16 37 13 23 1 2 3 27 40 30
16 34 16 37 13 23 22 31 3 24 30
28 11 37 13 23 31 25 7 3 27 40 30
37 23 1 25 7 34 13 24 15 30
14 22 13 25 11 2 7 3 27 36 40
36 27 36 1 31 25 3 24 15
24 11 13 1 22 2 3 15 40 30
11 34 23 1 22 7 25 2 3 27 15 40
23 13 22 40
1 34 13 7 2 27 15
22 13 30 3 27 15 40
7 34 25 2 27 40 31
34 15 30 27 3
13 31 2 3 15
25 2 3 27 30
2 31 40
3 27
30 27 31 40
27 15 40
15 40
40 31
31
