#kunkel.py
# GMT Wed Apr  3 12:22:00 2019
# 
18 9 10 17 41 8 5 39 28 12 33 21 19 29 42 13 24 11 1 7 14 2 3 27 40 30
9 41 10 20 0 17 39 5 32 28 6 34 21 19 35 29 16 42 11 1 22 15
33 38 39 12 20 17 8 5 26 1 25 11 6 34 21 31 19 35 24 3 40
20 0 17 39 4 28 5 21 19 29 42 37 14 36 24 11 26 22 7 2 27
0 38 16 37 14 36 17 39 4 23 1 32 11 6 10 7 29 26 40 30
17 38 16 10 37 13 42 39 5 12 31 27 24 36 40 30
12 8 4 39 32 6 5 34 21 19 35 38 16 10 26 31 25 2 3 40 30
39 41 28 6 19 35 29 38 16 37 14 36 26 22 13 25 3
4 10 5 32 11 41 6 34 21 29 38 37 24 36 23 22 25 27 15 30
8 10 42 32 11 6 19 35 29 38 13 36 24 23 1 22 7 14 25 27
32 10 28 6 34 21 29 26 35 14 36 23 1 22 7 13 31 27 15 40
11 38 28 37 14 42 1 41 22 31 13 21 19 24 40
41 16 13 35 31 23 1 25 6 21 2 19 26 24 36 40 30
6 28 34 29 16 37 13 36 26 7 25 27 15 40
5 38 16 34 14 10 23 1 28 22 21 3 35 40 30
10 28 21 19 29 38 42 37 14 23 22 13 3 40 30
27 24 42 21 19 35 29 37 13 31 7 25 2 3 27 15 30
21 42 34 21 29 35 26 1 25 15 40
29 35 38 16 14 24 23 22 7 25 3 15
26 19 35 38 16 37 14 1 13 25 2 3 15 40 30
19 42 28 34 2 38 13 1 22 31 7 3 15 40 30
31 16 42 14 28 15 1 22 2 35 24 3 40
38 34 42 13 36 23 2 24 15 30
35 42 28 16 37 24 23 25 7 3 15 30
16 22 37 13 42 1 25 34 7 3
42 34 37 14 36 23 1 7 15
37 28 34 37 13 23 7 24 40 30
14 34 1 22 7 25 2 30 24 40
36 28 34 23 1 7 25 2 3 24 40 30
28 13 23 1 22 25 3 24 15
23 34 13 23 1 25 3 15 30
1 2 3 15
22 7 25 2 3 15
7 15 34 13 2 40
34 13 25 2 3 40 30
13 24 25 2 3
25 24 2
2 24 3 15 40 30
3 24 15
24 30
15 15 30
40
30
