#kunkel.py
# GMT Wed Apr  3 12:22:01 2019
# 
18 41 33 0 17 8 4 39 32 11 10 21 38 37 14 36 23 1 22 31 13 25 2 24
41 11 12 16 37 13 17 39 26 1 32 42 22 6 24 10 31 19 35 27 15
33 9 34 20 0 8 4 32 28 10 21 19 35 29 16 37 13 36 26 31 2 3 27 15 40 30
20 38 29 42 16 0 17 3 4 26 32 11 22 34 25 2 19 24 15 30
0 38 9 16 37 14 36 42 39 4 26 1 12 6 17 25 31 40 30
17 12 42 39 28 6 21 19 26 35 16 37 14 36 23 22 25 2 3 15 40
12 38 36 10 42 13 39 5 1 28 22 34 14 25 2 29 35 15 30
8 29 9 10 35 14 11 5 26 32 28 7 34 21 6 3 23 24 36 30
4 9 39 32 28 10 27 21 35 16 37 13 36 7 25 3 24 40 30
39 34 5 32 10 27 19 35 14 36 26 22 7 13 31 24 30
32 9 42 11 6 34 21 19 35 38 16 37 28 7 3 15 40
11 38 9 36 22 5 23 6 25 10 13 21 2 19 35 15 30
9 34 42 5 21 19 35 29 37 13 36 23 31 7 25 2 26 27 15 40
6 42 34 27 21 19 23 38 16 13 28 26 1 7 2 3 24 40 31
5 38 10 37 13 36 1 31 34 2 21 7 3 15 40 30
10 34 42 21 29 16 37 13 28 26 22 7 31 15
27 38 34 37 14 36 22 23 28 7 13 2 29 35 24 3
21 23 38 14 36 28 26 22 34 13 3 24 15
19 34 29 35 16 37 14 1 7 2 3 24 15 30
35 23 29 38 16 28 26 31 25 2 3
29 37 36 22 23 1 31 7 25 2 26 3 30
7 42 37 13 24 26 1 22 25 3 40 30
38 37 42 1 28 24 34 14 2 3 31
16 42 28 16 13 23 22 31 14 2 3 40
42 34 23 14 26 22 25 2 24 15 40 30
37 28 14 24 26 1 34 15 40
14 28 34 24 36 26 1 22 2 40
36 15 1 25 28 23 3
28 23 1 34 13 25 24 30
23 24 23 22 31 2 15 40 30
1 22 15 34 13 31 40 30
22 13 24 15 40 30
31 25 2 3 26 15 40 30
34 25 2 24 30
13 25 15 40
25 26 3 24 15 30
2 15 30
3 40
26 24 15 40
24 40
15 15
40 30
30
