#kunkel.py
# GMT Wed Apr  3 12:22:01 2019
# 
18 12 10 0 39 32 11 41 33 27 19 23 34 37 14 26 7 13 25 31 24 15 40 30
12 9 10 0 42 4 32 28 41 6 5 34 29 35 16 37 14 33 23 31 25 7 26 15
10 33 20 0 42 39 5 11 41 6 34 21 38 16 37 14 36 23 7 17 2 24
20 24 41 16 34 14 17 39 5 23 11 32 28 6 7 33 2 3 27 29 40
0 9 14 17 11 4 26 1 28 41 7 5 33 2 21 30 27 40 31
42 9 17 39 8 11 6 33 21 19 29 38 37 13 26 1 22 31 25 24 40 30
39 41 34 8 5 25 28 6 38 16 37 13 36 26 1 22 7 17 2 3 24 30
5 38 9 16 17 4 8 1 29 41 22 34 21 3 35 26 31
8 9 11 41 4 29 23 19 38 35 16 13 24 28 26 22 25 2 27 15
32 9 34 6 33 21 19 35 16 37 13 36 26 22 7 25 2 3 24 15 40 30
11 9 17 4 33 29 38 16 37 13 36 1 14 2 3 15 30
41 28 9 19 35 29 37 13 36 23 1 2 26 27 30
6 4 28 33 27 21 19 35 38 13 23 1 7 31 24 15 30
4 17 33 19 29 37 14 36 24 28 26 22 31 13 2 27 30
33 37 14 28 15 22 21 2 19 24 36 29
27 9 17 34 21 26 38 13 36 23 1 7 14 25 3 30
21 9 13 17 26 1 14 25 2 29 30 36 40 31
16 17 9 34 19 35 29 38 37 14 31 2 3 24 40 30
19 9 34 29 37 14 23 22 31 13 25 3 40 30
23 38 37 24 26 1 14 7 35 15 40 30
29 34 38 14 36 26 7 2 3 24 40 31
34 9 28 34 14 36 1 22 7 25 3 15
9 38 24 28 22 31 2 3 15 40 30
35 38 22 13 36 17 1 28 25 3 24 15 40
38 37 36 28 1 22 7 25 2 3 26 24 15 30
2 17 22 14 25 13 15
37 26 13 36 28 1 31 25 3
14 13 1 22 31 25 15
36 17 28 26 1 7 25 15 40
28 1 22 7 3 24 15 40
26 15 25 31 40
1 22 13 7 3
22 7 31 13 40 30
7 17 31 15 40 30
17 13 17 25 3 40 30
13 25 3 24
25 31 24 15
31 3 15 40 30
3 24 30
24 15 40 30
15
40 30
30
