#kunkel.py
# GMT Wed Apr  3 12:22:01 2019
# 
18 41 0 42 39 5 4 34 21 19 35 29 16 37 14 23 1 22 13 26 27 15 40
36 12 10 0 42 39 8 11 41 33 21 19 26 35 14 24 23 7 13 25 31 3 27
41 17 20 42 39 32 11 34 29 35 19 16 14 28 26 1 22 31 2 3 27
33 12 34 8 5 32 28 9 4 10 27 21 29 38 16 14 11 23 1 7 2 3 24
25 12 0 42 39 4 8 32 11 6 34 21 19 35 38 37 13 17 2 3 40 30
20 9 42 32 11 6 10 27 21 19 35 38 16 37 13 12 22 7 17 2 3 24 40 30
0 12 34 42 39 5 11 9 4 10 21 38 16 14 24 1 7 17 27 40 30
42 17 39 32 6 34 21 19 35 37 23 1 7 2 3 24 30
12 34 39 4 8 32 21 19 38 37 13 23 1 22 7 2 3 24 15 40
39 9 8 4 32 28 6 35 16 14 24 26 2 27 15 40
5 9 17 4 32 6 34 21 19 26 29 38 35 16 37 13 23 22 31 14 2 27 15 40
8 4 8 11 6 38 37 14 24 28 26 1 31 3 27 15 40 30
32 10 11 6 29 23 38 16 13 26 22 31 34 24 15
28 38 22 9 10 28 14 17 4 11 6 34 21 29 26 27 19 30
9 11 2 19 29 38 13 26 1 22 7 14 31 24 15 40 30
6 17 34 21 29 35 38 16 37 14 11 23 1 3 26 30
4 11 10 37 17 1 21 22 7 31 29 35 40
34 19 35 29 16 37 14 11 31 2 24 40 30
21 10 29 16 37 14 22 7 17 2 27 30
19 29 16 13 11 26 22 7 2 3 27 40
35 38 37 22 27 31 29 30 24 15 7
29 17 10 38 16 1 7 2 3 27 15 40 31
38 10 26 13 23 7 31 3 15 30
16 17 10 37 13 23 22 3 24 15 30
37 11 13 26 1 7 14 17 27 15 30
14 17 10 13 24 31 2 3 27
10 17 23 1 7 15 26 24 27 30
24 13 11 15 2 3 27
11 26 31 27 40 30
23 13 26 1 22 2 31 3 40 30
1 26 22 31 2 3 27 15 40
22 17 31 13 15 30
31 17 26 2 7 15
7 17 13 26 7 3 15
13 13 3 27 15 40
17 26 2 15
2 3 15 40
3 26 40 30
26 40
27
15 30
40 30
30
