#kunkel.py
# GMT Wed Apr  3 12:22:02 2019
# 
18 41 10 20 0 17 5 28 6 4 33 21 19 35 29 38 36 23 1 7 3 24 30
41 11 9 13 36 17 8 4 26 1 32 28 22 31 5 10 25 24 3 35 27
10 9 0 42 8 4 39 11 34 21 19 38 16 37 28 1 22 7 25 2 24 15 30
20 9 0 17 32 28 34 27 21 29 35 38 16 37 14 36 1 13 25 2 3 24 30
0 42 39 5 32 11 6 4 19 35 29 38 16 37 27 28 1 7 3 24
17 12 42 39 8 32 28 6 33 19 29 9 13 36 22 7 14 25 2 3
8 9 34 4 32 11 6 27 29 35 16 13 28 1 22 7 14 25 31 3 24
5 12 42 32 11 6 33 19 29 38 9 37 36 23 22 25 3 15 40 30
39 42 39 4 32 11 6 19 29 16 37 26 1 7 25 2 27 15 40 30
11 42 11 6 21 19 35 16 14 36 26 22 31 13 25 24 15
32 9 42 4 25 28 21 29 35 37 14 36 26 1 7 13 31 15 40 30
28 42 33 27 19 26 35 16 37 14 36 23 2 24 40
9 12 33 21 19 35 38 24 23 1 34 25 3 27 15 40 30
6 12 33 21 19 38 16 14 36 24 22 7 13 2 27 40
4 29 16 23 42 1 31 34 21 3 26 36 40 30
33 12 42 21 29 16 37 13 24 26 1 7 2 3 30 27 31
2 38 12 16 42 26 1 22 13 21 7 19 24 14 30
21 31 15 7 34 27 25 29 26 24 36 35
19 12 34 27 35 16 37 14 23 1 24 15 40
35 42 23 29 37 14 36 26 1 22 31 7 3 15 30
29 37 13 23 1 7 25 31 26 24 40
38 12 13 37 42 36 7 34 25 31 3 27 14 30
14 12 42 16 14 23 1 22 7 3 30 15 40 31
16 12 23 37 13 26 31 25 27 15 40 30
42 37 36 23 34 13 3 26 15
37 12 23 31 34 13 27 40
27 12 34 13 31 25 24 15 30
36 12 23 26 31 15 40 30
31 12 22 23 25 13 3
23 12 26 22 13 25 7 24 40
1 34 26 22 13 25 40 30
22 34 13 26 7 3 15 40 30
7 12 13 25 3
34 26 25 12 13 3 24 15 40
13 24 15
25 26 12 24
12 12 26 3 15
3 15
26 15 30
24 40 30
15 40 30
40 30
30
