#kunkel.py
# GMT Wed Apr  3 12:21:18 2019
# 
0 42 33 3 5 38 9 10 11 12 14 16 18 35 20 21 25 37 28 29 30 31
1 2 3 4 5 6 8 9 11 13 17 19 20 21 23 32 33 34 36 37 38 41 42
2 42 34 3 4 5 38 7 8 41 10 39 13 14 15 19 21 24 33 27 29
3 4 6 10 12 15 16 17 18 19 20 21 23 25 26 27 33 34 38 40 42
4 5 9 15 16 18 19 22 23 25 28 29 30 31 32 34 35 36 38 41 42
5 6 8 11 12 14 15 16 17 18 21 23 25 31 34 37 39 40 41 42
6 38 7 40 41 42 12 14 17 18 35 21 22 23 25 33 28 29 37
7 32 38 39 9 10 12 15 17 18 20 21 22 23 24 25 27 29 30
8 10 13 14 18 19 20 22 23 24 26 27 28 29 32 33 35 38 39 40
9 10 11 13 15 18 20 23 25 26 29 30 34 35 36 39 40 41 42
10 13 14 15 17 19 20 21 23 30 31 32 34 36 38 39 40 41 42
11 13 14 16 20 21 22 23 24 26 28 30 31 33 34 37 38 40 42
12 13 14 19 22 23 24 25 26 27 28 30 33 34 35 36 39 41
13 15 16 19 20 23 24 26 28 30 31 33 34 35 36 40 41
14 32 35 15 16 17 21 40 24 26 27 28 29 31
15 17 18 19 20 21 24 25 27 28 30 31 32 35 37
16 17 18 19 20 21 22 25 28 29 30 31 33 36 37 39
17 34 36 40 18 19 21 22 26 27 29 30 35
18 19 20 21 22 24 25 26 27 28 32 35 36 38 39 41
19 21 24 26 29 32 33 34 35 37 38 42
20 32 40 41 23 24 25 27 39 31
21 23 25 28 29 34 35 36 40
22 32 33 35 38 42 40 39 24 36 26 27 30
23 24 27 28 31 32 33 36 37 40 41
24 32 34 36 41 25 26 28
25 26 27 30 34 35 37 38 41
26 29 30 32 33 37 39 40 41 42
27 31 32 33 35 36 37 38 39 40
28 29 31 32 33 35 36 39 40 42
29 33 35 37 42 39 29 30
30 32 34 35 36 37 38 42
31 32 34 38 33 36 42 39 37
32 34 35 37 42
33 37 41 42
34 36 37 38 40
35 36 38 39 40 41
36 37 39 41
37 38 39 41
38 40
39 40 41 42
40 40
41 42
42
