#kunkel.py
# GMT Wed Apr  3 12:22:05 2019
# 
18 36 9 16 33 20 0 40 39 1 11 22 14 10 13 25 2 3 35 27 15 12
9 12 20 0 42 8 5 28 41 6 10 38 14 36 24 11 23 1 7 27 15 30
10 12 17 39 32 28 6 33 21 19 26 38 16 14 36 23 7 25 2 3 31
20 42 5 28 34 21 38 16 37 13 36 24 11 26 22 7 17 25 3 27 15 30
0 42 39 5 32 41 6 33 21 19 35 16 37 13 36 26 1 31 25 12 3 15 30
42 17 4 28 6 5 34 35 38 16 13 11 23 1 31 14 25 3 15 40
41 17 39 32 28 6 34 21 29 35 37 24 36 11 26 22 7 31 3 27 15 40
39 29 34 28 4 8 26 32 11 22 6 25 3 23 27 19 40 35
5 12 34 4 32 28 33 35 13 36 1 7 17 31 3 24 15 40 30
8 38 37 36 17 3 4 23 1 7 33 25 31 19 26 27 15 40 30
32 12 4 32 28 6 33 21 19 29 38 16 36 1 22 27 15 40
11 12 34 11 6 33 21 35 38 37 14 1 22 7 17 2 27 40
12 4 28 34 19 26 38 14 33 23 22 7 13 31 27 30
6 38 34 28 37 4 15 22 21 7 29 24 3 31
4 17 34 21 19 38 37 14 23 1 7 13 25 2 40 30
33 36 17 1 7 25 21 31 19 35 24 3 40 30
21 17 29 26 35 16 37 13 36 23 7 2 3 24 15
19 34 28 38 16 37 24 26 1 22 7 25 2 27 36
35 16 28 13 23 22 7 17 34 14 2 27 40
29 38 16 2 14 36 17 23 28 22 34 13 7 27 24 31 30
31 38 16 17 23 36 34 25 7 26 3
38 16 28 23 2 7 13 25 40
16 17 37 26 28 15 14 7 24 40
37 28 34 26 13 23 1 7 14 25 2 3 24 15
14 34 36 22 17 25 2 3 24 15 40 30
36 36 24 23 1 22 25 2 27 40 30
24 26 1 22 13 25 2 15 40 30
28 34 23 1 7 17 25 3 27 30
23 1 22 17 2 27 15 30
1 26 2 3 27 15 40 30
22 17 26 7 13 3 15 40 30
7 17 25 3 27 30
34 2 26 13 27
17 3 15 30
13 26 25 27 2 40 30
25 3 27 15
2 26 40 27 30
3 26 27
26 15 30
27 40
15 40
40
30
