#kunkel.py
# GMT Wed Apr  3 12:22:06 2019
# 
18 12 20 0 42 8 39 32 11 9 6 33 21 35 16 14 36 26 31 25 2 24 15 30
12 41 10 17 39 4 32 34 19 35 38 16 37 13 36 23 1 2 3 26 15 30
34 16 19 14 36 17 39 4 23 1 32 42 41 22 33 25 7 3 35 29 40
10 20 39 5 32 28 41 6 21 35 9 37 14 24 23 1 22 13 25 26 27 40
20 41 0 17 5 32 6 33 29 35 16 14 36 26 22 7 25 2 24 15 40 31
0 41 17 39 4 32 28 6 5 19 29 16 36 11 26 1 22 7 25 2 27 15
42 41 33 17 8 32 6 21 29 35 37 14 36 24 23 1 31 25 2 26 27 15
41 9 33 39 4 41 2 21 19 35 38 14 23 22 7 13 31 30
8 4 5 21 19 35 29 38 37 13 36 1 22 31 7 2 3 24 15 40 30
4 2 13 32 28 9 6 25 14 21 7 19 35 27 40 30
39 17 5 32 28 6 27 21 19 26 38 14 33 11 23 31 13 3 24 30
32 9 17 6 5 26 13 33 28 23 7 14 31 3 27 15 40 30
11 38 9 17 3 23 1 21 22 31 33 25 7 29 26 27 15 30
9 38 16 33 13 28 5 23 6 14 25 3 35 26 40
6 17 21 19 38 16 37 14 28 26 1 25 3 40 30
5 33 17 5 38 16 37 14 36 24 1 31 13 25 2 27
33 36 26 1 22 14 21 13 29 35 24 30
27 28 21 19 35 16 13 36 23 22 7 25 24 40 30
21 16 28 37 24 30 25 7 26 15 31
19 35 38 16 37 36 22 7 25 2 3 24 15 40 30
35 28 16 37 24 36 1 22 17 3 40 30
29 17 28 29 38 16 37 13 36 23 22 7 25 31 3 30
38 17 28 16 13 26 1 7 14 2 3 15 31
23 16 37 13 1 7 25 3 24 15 40 30
16 28 37 24 31 25 2 3 26 40
37 30 15 1 28 22 17 2 40 31
14 1 7 17 2 3 15 40 31
36 25 28 26 1 22 17 2 3 40
28 17 13 1 7 2 40 30
26 2 15 13 7 24
1 22 7 2 15 31
22 15 31 13 25 7 30
31 3 15 40 30
7 24 13 3
17 25 13 17 2 3 15 30
13 15 24
25 25 2
2 3 24
3 24 40
24 24 40 30
15 40 30
40
30
