#kunkel.py
# GMT Wed Apr  3 12:22:06 2019
# 
18 12 20 0 42 39 32 28 6 19 35 29 37 14 23 1 7 25 31 26 27 15 40
12 38 9 16 2 37 20 0 42 39 4 26 1 22 6 34 13 7 29 24 36
10 9 16 37 20 0 17 8 5 39 1 6 14 34 13 2 3 35 24 36 40 29
20 8 4 39 32 28 9 34 21 26 16 13 36 23 1 22 7 3 24 15 40
0 42 8 5 32 28 6 33 21 19 37 13 36 11 26 1 17 15 40 30
42 9 42 32 41 33 2 29 35 16 37 14 23 1 31 13 25 3 26 30
41 38 9 34 14 21 23 32 28 22 40 33 13 25 2 19 26 24 15 27
39 8 4 28 9 6 33 21 29 26 37 13 11 23 7 14 2 3 15 31
4 33 4 11 6 34 27 35 38 16 14 26 1 7 25 3 24 15 40 30
8 9 34 17 5 32 28 38 37 14 36 1 7 13 25 31 24 40 30
32 9 5 32 11 34 2 35 38 16 26 7 25 17 31 3 15 30
28 9 6 33 21 19 29 16 37 36 23 7 25 2 3 27 15 31
9 33 6 34 21 19 35 38 16 14 11 1 22 7 13 31 27 30
6 38 16 13 17 23 11 22 5 31 3 27 15 40
5 33 21 19 35 29 38 16 13 36 22 7 25 2 3 15 40 31
34 17 21 19 29 16 37 27 36 26 31 25 2 24 40 30
2 33 38 16 37 13 11 26 1 22 25 24 15 30
21 17 19 35 16 13 11 23 1 22 7 14 25 31 3 24
19 17 11 33 27 29 38 16 14 26 22 31 3 24 15
35 33 29 16 14 36 26 22 31 13 25 3 15 40 30
29 38 37 36 23 1 31 17 33 3 40 30
38 16 37 22 7 11 33 30 27 40 31
33 27 37 13 36 7 25 24 40 30
16 11 13 36 24 31 7 25 27 30
37 11 26 37 23 7 17 25 27 36 40
14 13 26 25 11 22 17 27 3 40 30
36 23 22 31 27 7 24 30
24 3 17 23 1 11 7 27 40
11 17 23 13 26 22 7 27 30
23 3 15 25 22 27 31 1 30
1 26 13 7 27 17 31 15 40 30
22 13 26 7 3 30
7 3 15
17 3 25 26 15 31 40 30
13 31 15
25 3 26 27 15 40
31 26 15
3 27 26 15 30
26 27 40
27 30
15 15 40
40
30
