#kunkel.py
# GMT Wed Apr  3 12:22:07 2019
# 
18 12 16 37 20 0 28 13 15 6 11 9 31 7 33 14 2 29 27 24 19 30
12 9 20 17 39 5 32 6 10 27 19 29 16 14 23 1 31 13 3 24 40 30
10 16 42 13 0 17 8 4 23 1 32 11 41 7 5 20 21 25 26 36
20 0 17 8 32 41 6 21 29 35 36 23 1 7 25 31 3 15 40 30
0 41 39 4 28 6 5 33 21 19 35 38 13 36 11 26 7 2 24 15 40
17 34 8 4 32 28 9 21 29 35 38 13 11 26 7 25 2 27 15 30
41 9 39 4 32 11 33 21 19 29 38 16 37 36 26 1 22 31 3 27 15 40
39 9 42 8 5 32 28 6 33 29 26 14 36 23 22 31 13 25 2 24 30
5 9 34 42 6 21 19 29 16 37 13 33 26 1 7 25 31 3 27 30
8 38 13 36 4 26 1 11 6 14 34 2 3 35 24 15 40 30
32 9 16 37 36 22 42 6 13 21 2 35 27 15 40 31
28 9 24 42 4 1 28 6 34 2 25 7 19 35 27 15 40 30
9 6 21 35 38 16 37 13 36 11 23 1 22 2 30
6 4 34 21 19 35 38 14 36 26 7 13 25 3 40 30
38 4 11 34 21 19 35 29 38 16 37 14 23 7 31 3 40
33 16 31 37 14 36 23 11 7 15 27 21 2 3 26 24 35
2 15 37 42 11 22 31 25 29 35 26 40 30
21 4 42 16 37 36 11 23 22 25 24 15 30
29 42 25 34 19 16 37 13 23 22 14 3 24 15 40
26 4 16 37 13 23 1 22 7 25 3 27 30
19 42 34 37 13 36 11 23 1 22 7 25 31 24 40
34 37 13 36 23 1 22 25 7 3 30 24 40 31
35 42 4 16 37 13 36 24 1 31 3 27
4 42 16 37 14 22 7 13 25 31 3 15
16 37 13 22 1 11 24 3
42 15 37 14 23 1 22 31 25 3 7
37 14 36 23 1 7 25 30
13 14 36 1 31 25 3 24 40
36 27 23 22 3 24 30
24 11 31 25 7 27 15 30
11 27 14 23 22 7 30 15 31
23 14 22 31 25 27 30
1 14 3 40 30
22 14 31 25 27 15 40
31 7 27 40
14 25 27 3 40 30
25 27 15
7 3 40
3 27 15
27 15 40 30
15 40
40
30
