#kunkel.py
# GMT Wed Apr  3 12:22:07 2019
# 
18 12 20 0 17 8 4 11 41 21 19 35 29 9 37 14 36 1 13 2 3 24 30
12 10 0 42 39 5 32 28 33 19 35 29 38 13 36 11 1 22 7 34 24 15 40
34 16 10 28 42 20 17 8 5 39 15 11 41 7 4 33 13 23 27 26 40
33 33 20 8 4 39 28 41 6 10 21 29 35 16 14 23 1 13 3 26 27 15 30
20 16 13 0 17 39 4 26 19 32 22 7 6 3 27 29 40 30
0 23 36 42 11 39 1 21 28 7 25 31 19 26 24 15 40 30
17 41 8 32 28 6 19 35 38 36 23 1 22 25 2 3 27 15 40 30
8 9 10 39 5 41 6 4 21 19 35 16 37 22 31 25 3 24 15
4 38 16 13 36 5 39 1 11 22 6 10 31 19 23 24 3
39 9 5 32 11 41 21 38 16 37 14 36 26 1 7 13 40
32 11 9 6 29 35 38 16 37 13 28 23 1 22 7 31 3 27 15 40
11 10 28 41 2 21 19 35 38 9 14 31 27 7 3 24 40 30
41 9 42 5 41 21 35 38 13 24 26 31 25 27 40 30
6 42 10 6 21 35 38 16 37 23 22 7 25 2 3 26 27
5 10 21 29 26 9 16 37 36 23 1 22 7 2 3 27 40 30
10 22 16 28 14 42 9 21 31 3 35 24 29 30
27 42 28 21 35 37 13 1 31 25 7 24 15 30
21 42 28 29 35 38 37 14 23 22 2 26 24 15
19 28 9 29 35 16 13 36 23 22 31 14 25 3 40
35 9 16 37 14 23 7 13 2 24 15
29 28 9 38 16 37 13 36 1 7 14 25 2 3 31
38 42 23 9 16 37 36 26 1 7 31 3 24 40
9 28 37 14 36 23 22 7 31 15 40
16 14 36 1 22 25 24 40 30
42 28 13 36 23 1 22 7 14 25 31 24 40 30
37 28 14 26 22 7 2 3 24 40 31
14 13 23 1 22 25 2 15 40 30
36 26 13 23 1 22 31 2 24 15
28 13 1 22 25 3 24 15
23 13 26 25 2 15 30
1 26 31 13 25 2 24 15 40 30
22 26 31 2 30
31 13 26 25 7
7 15 2 3 30
13 26 25 2 40 30
25 3 15 26 40 30
2 3 15 24 26 30
3 26 30
26 40
24 24 15 30
15
40
30
