#kunkel.py
# GMT Wed Apr  3 12:22:08 2019
# 
18 12 34 20 0 42 5 11 41 4 10 27 21 29 9 16 14 26 1 31 13 25 3 24 40 30
12 9 20 0 17 8 28 41 6 10 19 26 37 27 36 11 23 31 25 2 3 24 30
34 38 42 20 36 17 8 4 26 11 32 28 22 31 10 13 25 2 19 35 24
15 9 33 0 42 8 5 39 32 28 6 10 29 38 1 22 17 25 2 3 27 40 30
20 9 33 0 5 32 11 4 10 21 19 35 29 38 37 14 22 31 13 40 30
0 9 42 39 8 32 11 6 33 27 19 35 29 16 13 26 1 17 25 24
42 38 41 16 28 14 17 39 5 23 11 6 24 19 26 27 36 40
39 9 8 4 25 28 6 10 19 29 38 37 14 36 24 26 17 3 27 30
5 16 10 28 17 8 4 23 1 32 11 22 31 33 14 13 3 24
8 33 32 11 6 4 10 21 19 35 38 14 28 1 31 3 24 40
32 38 9 16 13 36 17 1 21 22 7 25 6 19 26 27
11 9 10 25 41 21 29 35 16 37 27 23 1 7 40 17 2 3 24
41 9 4 6 33 21 19 29 16 14 28 23 22 31 17 2 3 24 40
6 17 37 13 36 1 22 10 21 31 23 27 40 30
4 33 17 21 29 26 16 37 24 23 1 22 7 31 27 30
10 33 17 27 29 35 38 13 36 23 31 14 3 24
27 28 9 35 37 13 36 22 7 17 3 40 30
21 28 19 35 29 16 13 36 23 1 7 14 25 2 40
29 33 28 19 35 16 37 36 26 1 25 3 30
23 16 33 37 13 36 26 25 9 2 3 24
19 38 33 28 9 22 30 2 35 36 31
38 33 28 2 35 16 37 14 26 22 31 25 7 30
9 33 16 37 36 28 26 7 2 40 31
35 17 28 35 16 13 26 22 31 2 3 24 30
16 37 14 26 22 7 3 40
2 37 14 36 17 1 25 33 24 40 30
37 1 33 7 24 31 40 30
14 33 14 36 7 17 25 3 30 40 31
33 17 28 33 36 1 22 25 40 30
28 13 24 26 1 22 7
26 13 36 7 25 3 24 30
1 25 22 7 24 36 30
22 17 13 7 40 30
31 36 13 3 40 7
17 7 3 24 36
13 25 7 3 40
25 36 7 24 30
7 24 3 40 30
3 36
24
36 40 30
40 30
30
