#kunkel.py
# GMT Wed Apr  3 12:21:19 2019
# 
0 2 4 5 6 7 10 11 12 13 17 18 27 30 31 32 36 37 38 39 40 41 42
1 1 6 9 11 12 17 18 20 22 23 25 26 27 28 29 30 31 36 38 39 40 42
2 33 3 4 5 38 7 8 9 10 11 15 17 18 42 20 21 40 24 26 29
3 3 5 7 8 11 12 14 15 17 19 20 21 23 26 27 29 31 35 37 38 41
4 6 7 8 9 10 12 13 14 15 16 18 20 21 22 23 26 31 34 36 38 41
5 33 36 7 8 11 34 16 40 19 20 21 25 26 27 28 29 30 31
6 9 10 11 14 15 17 18 21 22 23 25 28 31 32 33 35 36 38 40 42
7 9 10 11 14 15 17 21 24 25 26 27 29 30 31 32 33 40 42
8 10 12 13 14 16 17 19 21 24 25 28 32 33 35 36 37 38 39
9 11 13 14 15 17 19 22 23 25 27 28 29 35 37 39 41 42
10 11 12 17 19 20 21 22 23 24 28 29 30 31 32 33 34 35 37 38 42
11 12 13 14 15 16 19 22 25 27 29 30 32 33 36
12 13 16 19 20 21 22 23 24 25 26 31 36 37 38 40
13 14 15 18 20 22 27 28 29 30 32 33 35 36 39 40 42
14 16 17 19 22 23 24 26 27 28 29 31 34 36 37 39 41
15 15 16 17 18 23 25 26 27 28 32 34 35 36 41 42
16 17 18 20 21 22 24 29 30 31 32 34 38 39 41 42
17 20 25 26 29 30 32 33 35 37 39 42
18 20 21 23 24 26 27 28 30 32 33 35 38 40 41
19 20 21 25 26 28 31 34 35 37 38 39 40 41 42
20 22 23 27 28 32 34 38 39 40 41 42
21 22 23 28 29 30 31 32 33 35 38 40 41 42
22 22 23 25 26 29 32 34 37 39 41
23 24 26 27 30 32 33 37 40 41
24 32 33 35 37 38 34 40 25 26 28 29
25 34 33 42 41 40 39 26 35
26 28 30 33 35 36 37 41 42
27 30 31 34 35 36 37 38 39 41
28 31 33 34 36 37 38 42
29 32 38 40 35 39 31
30 35 32 40 36 37 39 31
31 33 34 36 39 40 41
32 33 34 35 37
33 34 36 37 41 42
34 38 41 42 37
35 42 36 38
36 41 39 37
37 41
38 39
39 39 40 41 42
40 42
41 42
42
