#kunkel.py
# GMT Wed Apr  3 12:21:20 2019
# 
0 2 3 4 6 7 8 9 10 11 12 15 19 22 26 27 31 32 33 38 39 40 41
1 3 5 6 7 8 9 16 18 19 20 24 27 28 29 32 33 34 35 38 40 41 42
2 33 4 5 6 40 9 10 11 12 13 17 19 21 22 23 24 27 41 42 31
3 4 5 7 9 11 14 16 17 18 19 23 24 31 32 36 37 38 39 40 41
4 10 13 14 15 19 20 21 25 28 29 30 32 34 36 37 39 40 41 42
5 6 9 11 12 13 14 18 19 20 21 22 23 25 30 33 35 37 38 42
6 33 36 7 9 11 18 19 21 22 24 25 26 37 29 30 31
7 8 10 14 15 17 18 21 22 25 26 27 31 32 33 37 38 39 40
8 9 10 11 12 13 14 15 18 20 21 24 26 33 34 35 37 40 41 42
9 11 12 13 14 15 16 17 18 23 26 28 30 31 38 41
10 12 14 15 16 17 18 19 20 23 24 25 27 28 32 35 36 40
11 13 16 17 18 21 22 24 25 27 28 29 33 34 36 37 38 39 41 42
12 12 13 16 18 19 25 28 29 31 32 35 36 37 38 40 42
13 16 18 19 20 21 24 25 26 28 30 31 34 35 38 40
14 17 19 20 21 22 23 25 26 27 28 29 32 33 34 41
15 15 16 18 20 21 23 26 27 28 29 30 31 34 39 41 42
16 17 19 20 21 22 23 24 26 27 29 35 36 38 39 40
17 18 20 23 26 27 28 33 34 35 36 37 39 40 42
18 20 21 24 25 38 29 39 37
19 20 21 23 24 28 29 31 36 39 40 41 42
20 42 34 41 40 23 26 27 29 30
21 22 23 24 31 32 34 35 38 39
22 23 24 28 30 31 33 34 35 36 37 38 39 40 42
23 32 35 39 40 25 27 28 31
24 32 33 41 34 40 30 35
25 32 33 34 38 42 39 27 29 30 31
26 34 35 36 37 39 38 27 29 30
27 35 36 33 38 28 42 31
28 29 30 32 33 35 36 37 39 41
29 35 37 33 41 42 38 36
30 32 34 35 39 40 42 36 41 31
31 31 32 34 35 36 37 40 41 42
32 33 34 36 37 39 40 42
33 36 38 39 41 42
34 36 37 38 39 40 42
35 36 38 37
36 37 38 42
37 42 38
38 39 40 41
39 41 42
40 41
41
42
