#kunkel.py
# GMT Wed Apr  3 12:21:24 2019
# 
0 1 4 5 7 8 9 11 12 13 14 15 16 17 19 20 22 23 24 27 30 33 34 35 36 37 38 40 41 42
1 2 3 4 7 9 10 11 13 14 15 16 17 19 20 21 23 24 26 27 28 29 30 31 33 34 35 36 37 38 39 40 41 42
2 3 4 5 6 7 9 10 11 12 13 14 18 19 20 21 22 25 26 29 31 34 35 36 37 38 39 41 42
3 5 6 7 8 9 11 15 17 19 20 21 22 29 30 31 32 38 40 41 42
4 8 9 10 11 12 13 14 17 20 21 23 25 26 28 29 30 35 38 39 42
5 6 7 10 12 13 18 19 22 23 24 25 27 28 29 30 32 33 34 37 40
6 13 14 19 20 21 23 25 26 27 28 30 31 32 33 35 37 38 39 40 41 42
7 7 8 10 11 12 14 16 18 21 24 25 26 27 28 29 31 32 33 35 36 38
8 32 34 37 38 40 9 42 11 16 18 20 21 22 41 39 26 30
9 10 13 15 19 22 23 27 31 32 33 34 35 36 37 38 39
10 12 14 18 19 20 21 22 23 26 27 29 30 35 36 39 40 41 42
11 13 16 21 22 23 24 25 26 27 30 32 33 38 40 41
12 15 16 18 19 22 25 26 27 29 30 32 33 36 37 39 41 42
13 16 17 19 20 21 22 25 26 28 31 32 33 34 36 39
14 15 16 17 18 20 21 22 23 25 28 30 32 34 35 36 38 39 40
15 16 17 18 24 25 27 28 29 30 31 32 35 36 38 39 40 42
16 19 20 21 22 24 25 27 30 31 32 33 35 38
17 19 20 24 25 26 29 30 35 36 37 38 39 40 41 42
18 36 38 41 39 34 20 21 22 23 24 26 27 28
19 21 23 28 29 30 31 33 34 38 39 41
20 32 35 21 24 27 28 42 30
21 22 25 27 31 32 39 40 42
22 26 29 32 34 35 36 37 39 41
23 33 40 41 24 39 26 38 28 29 37
24 35 32 38 42 36 27 29 30 37
25 25 28 29 32 34 36 37 38 40
26 31 33 34 35 37 38 39 41
27 28 29 30 31 34 35 40 41
28 29 31 33 34 35 37 40 42
29 40 34 30 37
30 33 34 35 36 37 38 40 41
31 32 33 34 35 36 38 39 41
32 34 35 37 39 41 42
33 34 36 40 42 39
34 37 38 41 42
35 40 41
36 37 40 41
37 37 39 40 42
38 40 42
39 42
40 41 42
41
42
