#kunkel.py
# GMT Wed Mar 27 21:43:44 2019
# 
0 3 4 5 8 9 11 12 13 15 16 17 18 19 20 21 22 24 30 31 32 35 36 37 38 39 40 42
1 4 5 7 10 11 12 14 15 16 18 19 20 21 23 26 27 28 29 30 31 33 34 35 36 37 38 39 40 41 42
2 3 4 8 10 11 12 14 15 16 17 20 22 24 25 26 27 28 29 30 31 32 33 34 35 36 37 38 39 40 41 42
3 7 9 10 13 15 16 18 20 21 22 23 24 25 26 27 28 29 30 31 33 35 36 37 38 40 41
4 6 7 10 11 12 13 14 15 16 17 21 23 24 25 28 30 31 32 33 35 36 37 39 40 41
5 6 7 9 11 13 14 15 16 17 19 20 21 22 23 24 25 27 28 29 30 31 33 34 36 37 38 39 40 41
6 7 8 9 10 11 13 15 17 18 19 20 21 22 24 26 27 28 30 33 34 35 36 37 38 39 40 41
7 8 9 11 12 13 14 15 16 18 19 20 22 25 26 27 28 31 32 33 35 37 38 39 41 42
8 9 10 11 12 13 16 17 18 19 20 22 23 24 26 27 28 30 32 34 35 37 38 39 40 41 42
9 10 11 12 13 14 15 16 17 18 20 21 22 24 25 26 27 28 30 31 35 36 37 38 39 40 41 42
10 11 14 15 16 21 22 23 24 25 26 29 30 35 36 38 39
11 14 15 16 17 18 20 22 23 26 29 31 33 34 39 40 41
12 16 18 19 20 22 24 25 27 28 29 30 32 33 34 35 36 39 40 41
13 18 21 22 24 25 27 28 31 32 33 34 35 37 38 40
14 15 18 19 20 21 22 23 26 28 29 30 31 38 39 40 42
15 15 16 19 25 27 29 31 32 33 36 38 39 42
16 17 20 21 22 23 26 27 28 30 31 33 38 42
17 18 19 20 22 23 26 27 28 29 30 32 37 38 39 40 41
18 25 26 29 30 31 34 35 36 39 40 42
19 20 21 22 25 26 27 29 31 33 35 37 40 41
20 21 23 24 26 28 32 34 35 39 41 42
21 24 26 27 28 29 31 33 34 36 38 39 40 41 42
22 25 28 31 32 33 34 36 37 38 39 41 42
23 32 42 41 37 35 24 36 27 29 31
24 25 28 29 30 32 33 34 36 41 42
25 26 27 29 33 34 35 38 39 42
26 29 30 31 33 36 37 39 40
27 28 32 34 35 36 39 41 42
28 29 32 34 35 38
29 30 32 33 34 42
30 32 35 36 37 38 39
31 34 36 38 41 42
32 33 35 36 37 38 39 40 41
33 37 39 40 41 42
34 35 37 40 41 42
35 36 37 38 39 40
36 37 38 42
37 37 38 40 42
38 40
39
40 41
41 42
42
