#kunkel.py
# GMT Wed Mar 27 21:43:46 2019
# 
0 1 3 5 6 8 9 10 11 12 13 16 17 19 20 21 22 23 24 25 27 28 29 30 31 32 33 35 37 40 41
1 3 6 8 10 11 12 13 14 15 16 18 19 21 22 23 24 25 28 29 30 31 32 33 34 35 37 38 41 42
2 3 4 9 11 13 15 16 18 19 20 22 23 24 26 27 28 29 30 32 33 35 37 38 39 40 41 42
3 4 5 7 10 11 13 14 16 17 18 20 21 23 24 26 27 28 29 31 32 33 34 35 37 38 39 41
4 5 7 10 12 13 14 17 18 19 20 21 22 23 24 25 26 27 28 29 30 31 32 33 34 35 36 37 38 39 40 41 42
5 6 8 10 12 14 15 17 20 21 23 24 25 26 28 29 30 32 33 34 37 38 39 40 41 42
6 7 8 9 10 11 12 14 15 16 17 18 20 21 22 24 25 26 28 30 33 34 35 36 37 38 39 41 42
7 10 11 12 13 15 16 17 18 19 20 21 22 24 25 26 27 28 30 31 32 33 34 35 36 37 38 41 42
8 9 10 12 13 14 15 18 19 20 21 22 24 25 26 27 28 29 31 32 33 36 37 38 39 40 41 42
9 11 12 13 14 15 18 21 22 24 25 26 28 29 31 32 34 35 36 37 38 39 40 41 42
10 10 11 13 18 19 21 23 24 25 26 27 28 31 33 34 35 36 39
11 12 14 15 17 18 20 23 25 26 27 31 32 34 36 38 39 41 42
12 13 14 16 18 22 23 24 29 30 31 33 34 36 37 39 40 42
13 15 16 17 19 20 22 24 26 29 33 35 38 39 40 42
14 15 20 21 22 24 26 27 30 32 33 34 36 39 40 42
15 17 19 20 23 25 26 30 33 34 36 37 38 39 40
16 18 20 23 24 26 28 29 30 33 34 35 37 39 41
17 18 19 24 26 28 29 31 32 34 35 37 39 40 41
18 20 21 23 25 27 28 32 33 35 37 39 40
19 21 22 24 26 27 30 31 33 35 38 39 40 42
20 21 22 24 31 32 36 37 38 39 41
21 23 25 31 32 34 35 37 40 41 42
22 23 25 26 27 30 31 32 34 36 39 40 42
23 25 26 30 32 35 36 37 38 41 42
24 24 27 28 29 37 38 41 42
25 26 27 28 29 30 35 38 40
26 27 30 35 37 38 40 41
27 28 31 33 34 36 37 38 41 42
28 29 33 34 38 42
29 30 31 32 33 34 36 37 40 42
30 32 35 36 39 40
31 33 34 36 37 40 41
32 33 34 36 37 38 40 42
33 34 36 37 40
34 38 39
35 36 37 39 40 41 42
36 38 41 42
37 38 42
38 41 42
39
40 41
41
42
