#kunkel.py
# GMT Wed Mar 27 21:43:30 2019
# 
0 34 4 5 38 39 40 41 11 12 13 14 15 37 19 21 24 26 29 30 31
1 2 5 6 9 12 15 16 18 19 20 22 23 26 28 29 30 33 34 35 36 37 40
2 4 38 6 7 40 9 42 11 12 14 17 19 20 23 24 25 26 27 28
3 32 35 36 5 38 7 8 9 42 12 13 14 16 17 18 19 21 24 26 30 31
4 5 6 8 10 12 14 16 17 18 19 20 22 25 26 27 29 32 34 35 37 42
5 5 6 7 8 11 12 15 16 17 21 23 24 25 27 28 29 32 33 34 39 40 42
6 7 10 13 15 17 18 22 24 25 27 28 30 34 37 38 40 41 42
7 32 33 8 9 34 14 16 40 35 20 22 41 25 26 27 28 29
8 10 11 12 13 14 16 17 18 20 25 29 31 33 34 36 39 40 41
9 32 33 10 39 13 15 34 18 19 20 23 24 25 27 28 30
10 11 12 17 18 20 21 23 25 27 28 29 35 36 38 39 40 41 42
11 32 35 36 39 12 40 17 18 20 23 24 25 26 27 28 37
12 13 14 15 18 19 21 22 24 29 30 36 37 38 41
13 15 16 17 19 20 21 22 23 24 25 26 27 28 29 31 32 34 35 37 38
14 16 17 21 23 26 29 30 31 32 34 35 36 37 38 39 41 42
15 16 18 19 22 25 26 27 31 32 33 35 37 38 39 40 42
16 18 19 20 24 25 28 31 33 35 37 38 39 42
17 18 21 22 23 24 26 30 33 35 36 38 40 42
18 21 22 23 24 26 27 28 31 32 36 37 42
19 37 38 32 40 39 20 41 24 27 28 29
20 21 22 25 26 27 29 30 32 33 36 38 39 41
21 21 22 23 24 26 27 28 29 31 36 37 38 39 41
22 22 23 28 29 31 32 34 35 36 37 39 42
23 32 36 33 40 27 28 42 37
24 33 34 25 27 28 30 31
25 34 40 35 41 39 26 31
26 29 31 32 35 36 38 39 40
27 29 31 33 35 36 41 42
28 29 30 32 33 36 39 42
29 34 35 41 40
30 34 36 33 32 42 39 35 41 37 31
31 32 33 35 37 38 41 42
32 33 35 36 37 41
33 36 38 39 41 37
34 35 37 38 39 40 41 42
35 36 37 39 40 41
36 38 40 41
37 40
38 38 39 42
39 41 42
40
41 42
42
