#kunkel.py
# GMT Wed Mar 27 21:44:05 2019
# 
0 1 4 5 8 10 11 12 13 14 18 19 20 21 27 29 30 31 32 33 35 36 38 42
1 2 4 5 10 11 13 14 15 20 22 23 24 25 28 29 30 32 33 34 35 36 37 38 39 40 41 42
2 3 4 6 8 9 13 14 16 17 23 24 25 27 29 30 31 32 34 35 36 37 39 40 41 42
3 5 6 8 9 13 17 18 19 20 23 25 26 28 29 30 32 33 34 36 37 38 39 40 41 42
4 5 7 8 12 13 14 15 16 20 21 25 28 29 30 32 33 34 36 39 40 41
5 8 13 17 18 19 24 25 26 27 28 29 30 32 33 34 35 37 38 39 40
6 7 8 10 11 12 13 14 16 17 19 26 28 29 30 31 34 35 36 37 38 39 40 41 42
7 9 13 16 19 20 22 24 25 27 28 29 30 33 34 35 36 37 38 39 41 42
8 8 9 10 11 13 15 18 20 22 27 29 30 31 32 34 35 37 38 39 41 42
9 12 14 15 17 18 21 22 23 24 25 27 28 30 31 35 36 37 38 40 41 42
10 11 12 13 15 17 23 24 26 28 29 30 31 32 33 35 36 37 38 39 41 42
11 12 14 15 16 18 19 20 21 22 25 28 29 30 31 33 35 37 38 39 40
12 13 14 16 17 18 21 22 23 24 25 27 29 31 32 33 34 35 37 38 41 42
13 13 14 15 17 22 23 24 25 29 33 34 35 36 37 38 40 41 42
14 18 19 21 22 23 24 26 27 28 29 30 31 32 33 34 37 38 40 42
15 17 19 21 24 25 26 28 30 31 32 33 35 36 37 38 40 41 42
16 17 19 21 22 24 26 27 28 29 31 32 33 34 36 37 38 39 41
17 17 18 19 21 23 24 30 33 34 35 36 37 40 41 42
18 19 20 21 24 25 28 29 30 31 32 33 34 35 36 37 38 40 41 42
19 20 21 25 26 29 31 32 37 38 39 41 42
20 21 22 24 25 29 33 34 36 37 38 39 40 41 42
21 22 26 28 29 30 31 32 34 35 37 38 39 40 41 42
22 23 24 25 26 27 28 30 33 34 35 36 37 38 39 40 41 42
23 24 25 26 28 29 30 31 33 34 35 37 38 39 40 41 42
24 29 30 31 32 34 35 36 37 38 39 40 41 42
25 30 31 33 35 37 38 39 40 41 42
26 27 28 29 30 31 32 33 34 36 38 41 42
27 29 30 31 32 33 34 35 37 38 39 40 41 42
28 30 32 33 34 35 36 38 39 40 42
29 30 32 34 35 36 37 39 40
30 33 35 36 37 39
31 31 32 33 34 35 39 40 42
32 33 34 35 37 38 41 42
33 34 36 37 40
34 34 36 39 40 42
35 38 39 42
36 37 40 41 42
37 38 40
38 38 42
39 40 41 42
40 42
41
42
