#kunkel.py
# GMT Wed Mar 27 21:43:31 2019
# 
0 2 4 5 7 12 17 18 19 22 23 24 26 28 29 31 32 34 35 37 38 40 41 42
1 2 7 8 11 12 14 15 16 18 20 28 29 30 31 32 33 34 35 36 38 41 42
2 34 3 4 5 32 10 13 14 16 17 35 20 21 22 24 26 27 37 31
3 4 5 6 7 8 9 10 14 15 17 22 23 24 28 29 32 33 34 38 39 41 42
4 33 37 7 8 9 39 12 13 16 34 18 35 40 21 23 24 27
5 6 7 10 13 14 16 17 18 21 23 25 26 27 28 31 32 34 35 39 40
6 33 36 38 8 9 12 13 16 18 35 20 22 41 25 26 27 28 37 31
7 9 11 18 21 22 23 24 25 27 32 33 35 36 38 40 41 42
8 33 40 41 10 11 13 14 15 16 18 19 20 24 25 27 39 35
9 35 37 38 39 12 13 14 15 19 21 22 25 26 27 36 29 31
10 11 12 13 15 20 21 22 23 25 26 28 29 31 36 37 38 39 40 42
11 14 15 16 20 21 22 23 27 29 30 31 32 33 35 37 38 39 40 41
12 14 15 16 17 18 19 20 23 25 26 28 30 31 34 36 37 40 42
13 14 15 17 18 21 25 26 27 28 29 33 37 38 39 40 41 42
14 17 18 19 22 25 29 30 31 32 34 37 38 39 41 42
15 18 19 21 22 23 24 26 29 30 31 32 33 40 41
16 17 18 19 20 22 24 25 26 28 32 33 38 40 41 42
17 19 25 26 27 28 29 31 33 34 35 37 38 40 42
18 20 21 22 23 26 27 31 32 36 37 38
19 32 37 39 42 40 41 22 23 24 26 28 30 31
20 35 36 37 41 40 22 24 25 28 42 30
21 35 41 22 39 24 25 26 36 37 30 31
22 23 24 26 27 28 29 33 34 35 36
23 32 34 38 40 25 27 42 30 36
24 32 41 42 39 36 27 28 29 30
25 26 27 28 29 30 31 36 42
26 29 30 32 35 36 41
27 28 29 30 31 32 34 39 41
28 30 32 34 37 38 40 41
29 34 33 40 39 42 30
30 31 32 37 38 40 41 42
31 33 35 36 37 38 41 42
32 33 34 37 38 39
33 34 35 36 37 38 39 42
34 38 41 39 35
35 36 37
36 38 39 40 41 42
37 40 41
38 41
39 42 41
40 40 41
41
42
