#kunkel.py
# GMT Wed Mar 27 21:44:13 2019
# 
0 3 4 5 6 7 8 11 12 13 16 19 20 21 23 24 25 27 34 36 37 38 40 41
1 2 3 7 8 11 12 16 17 20 22 26 28 30 31 32 33 34 35 36 37 39 40 42
2 3 4 5 6 8 9 12 15 16 17 18 23 26 28 29 30 31 32 33 36 39 40 41 42
3 4 11 13 14 15 16 20 21 22 24 28 30 31 33 34 37 39 41 42
4 7 8 9 13 14 16 17 19 21 22 25 26 27 28 32 33 36 37 39 42
5 7 8 9 10 13 14 15 17 21 24 25 26 28 29 32 33 34 35 40 41 42
6 7 8 10 11 12 13 16 18 19 23 24 25 27 30 34 35 37 40 41 42
7 7 8 9 11 12 15 16 18 24 29 30 33 34 38 39 40 41 42
8 11 13 14 17 18 20 25 26 29 30 31 32 34 35 40 41 42
9 10 13 15 16 19 20 22 24 26 28 30 32 33 34 36 38 40 41 42
10 33 39 38 41 13 17 18 40 21 22 23 24 25 26 27 28 42 30
11 12 15 16 17 18 19 20 24 25 27 28 29 30 31 35 38 39 40 42
12 13 14 15 17 19 21 27 30 31 32 33 34 36 37 39 40 41 42
13 13 15 16 18 20 22 24 26 27 28 29 31 35 37 38 39 41 42
14 15 17 19 21 22 23 24 25 27 28 32 34 35 36 37 40 41 42
15 15 16 17 18 21 22 23 25 26 28 29 30 33 35 38 41 42
16 18 23 25 31 32 35 36 38 39 41 42
17 18 22 23 24 26 27 31 33 34 39 40 41 42
18 20 23 25 27 28 31 33 34 36 37 38 40 41 42
19 34 35 37 39 41 20 21 22 23 24 25 36 31
20 21 22 23 26 27 29 31 34 35 36 37 38 39
21 32 34 35 39 23 24 26 42 29 30 31
22 23 25 27 28 32 33 34 38 39 40 41
23 24 27 29 35 38 39 40 41 42
24 29 30 33 36 37 38 39 40 41 42
25 27 28 29 32 33 35 38 40 42
26 32 34 39 42 41 36 27 29 30
27 28 29 30 33 35 36 39 40
28 28 29 31 32 34 37 39 40 41 42
29 30 31 32 34 36 39 40 41 42
30 33 34 36 37 38 39 41 42
31 33 34 36 39 40 41 42
32 33 35 36 37 38 40 41
33 34 35 36 39 40 41 42
34 35 38 39 40 41 42
35 37 38 39 40 41
36 37 38 39 40
37 40 41 42 39
38 39 41 42
39 40 41
40 41
41 41
42
