#kunkel.py
# GMT Wed Mar 27 21:44:16 2019
# 
0 0 4 7 12 13 14 15 16 18 19 20 21 23 25 27 28 29 31 32 33 34 35 36 37 38 39 40
1 2 9 10 13 14 15 16 17 18 19 20 21 22 23 24 25 27 28 30 31 32 33 34 35 36 37 38 40 41 42
2 3 4 6 8 9 10 13 14 15 17 19 20 22 23 24 25 26 27 28 29 30 32 33 34 36 37 38 39 42
3 5 8 9 10 13 14 17 18 19 20 21 22 23 24 25 26 27 28 30 31 32 33 34 35 36 37 40
4 5 7 11 15 17 18 19 20 21 22 23 24 25 26 27 29 31 33 34 35 36 37 38 39 40
5 6 9 13 14 15 16 18 20 21 22 24 25 26 27 28 30 31 33 35 36 37 39 40 41 42
6 8 12 13 16 18 19 20 22 23 24 25 26 27 28 29 30 35 36 37 38 39 40 41 42
7 8 10 12 14 17 18 19 20 21 23 25 26 27 29 30 31 32 35 36 40 41 42
8 10 12 14 18 19 20 21 22 23 26 27 28 29 30 31 32 33 34 36 37 39 40 42
9 11 16 17 20 21 22 23 24 25 27 28 29 30 33 34 35 36 37 38 39 40 42
10 11 12 15 16 18 20 21 23 24 25 26 27 28 29 30 31 34 35 37 38 39 41 42
11 12 13 14 15 17 23 25 26 27 28 29 30 32 33 34 35 36 37 38 39 40 41 42
12 13 14 15 16 17 18 19 20 21 22 23 24 25 26 28 30 33 34 35 36 39 40 41 42
13 15 17 20 21 22 23 25 26 29 30 33 36 37 38 40 42
14 18 19 20 21 22 24 25 27 28 29 32 33 34 36 37 38 39 41 42
15 17 21 22 23 24 25 26 27 28 29 30 31 33 34 35 36 37 38 39 42
16 18 22 23 24 25 27 29 30 31 32 33 34 36 37 38 40 41 42
17 18 21 23 25 26 27 28 29 31 32 34 35 37 38 40 41 42
18 19 22 23 24 25 26 28 30 31 33 37 39 41 42
19 20 21 22 24 25 27 28 30 31 32 34 35 39 40 42
20 21 22 23 26 27 28 31 32 33 35 37 40 42
21 23 26 28 29 30 34 35 38 39 40 41
22 23 24 25 29 36 38 39 41 42
23 26 27 29 30 32 33 34 35 36 38 40
24 26 27 28 31 33 34 35 37 39 40 41 42
25 26 28 29 31 32 34 35 39 40 41 42
26 28 31 32 33 34 35 39 41 42
27 28 29 32 40 41 42
28 29 30 34 36 37 38 39 41
29 30 32 34 35 37 38 40
30 31 33 34 36 38 39 41 42
31 32 33 37 38 41
32 34 35 37 38 39 40
33 35 36 37 38 39
34
35 36 37 39 40 41
36 37 38 39 40 41 42
37 40 41 42
38 39 40 42
39 40 41
40 42
41 41 42
42
