#kunkel.py
# GMT Wed Mar 27 21:44:17 2019
# 
8 17 18 31 4 22 14 29 41 25 42 13 2 16 26 24 32 0 7 39 37
9 25 28 6 32 22 14 41 3 40 13 21 31 15 30 10 12 0 27 20 36 39
3 36 12 34 30 18 35 23 33 5 42 17 11 25 27 13 32 37 24 7 2
4 36 28 22 41 18 35 23 33 13 38 17 15 31 26 12 0 21 7 39 37
32 22 11 28 40 18 13 36 16 15 19 26 5 41 38 25 39 14
22 6 12 14 41 38 42 5 36 31 15 30 24 33 1 7 39
15 28 13 33 17 30 5 10 38 39 16 6 14 23 2 11 27 26 20 25
41 28 18 13 16 5 1 36 37 17 29 14 2 11 10 26 27 25 24
38 35 6 34 28 27 23 33 5 36 31 19 26 40 1 20 25 37
35 28 40 42 13 17 19 5 10 7 39 29 6 34 14 33 31 11 27 26 0 20 25
40 12 28 18 13 21 16 30 24 1 39 37 29 34 14 33 31 27 0 25
18 12 13 33 24 1 7 39 29 6 34 14 23 2 36 27 26 0
13 5 42 16 37 17 29 6 34 11 33 0 20 25
21 31 28 6 34 20 25 2 33 42 11 30 10 12 0 19 36 37
16 28 34 11 14 23 7 17 30 27 5 0 20 36 39 37
30 17 34 42 28 2 25 19 26 24 12 27 1 7 33
19 28 5 24 36 37 29 1 6 14 23 42 31 11 10 0 20 25
5 31 29 20 23 33 42 10 27 1 39 37
12 17 36 37 29 6 14 23 2 42 11 10 26 0 20 25
10 2 39 37 29 6 14 42 23 33 31 10 26 20 25
1 24 36 39 37 29 6 14 7 31 11 26 0 20 25
7 33 24 36 37 17 29 6 42 23 2 31 11 26 25
39 24 36 37 17 6 34 2 26 20 25
37 28 36 6 14 23 2 31 27 24
17 42 33 29 14 23 2 31 11 26 20
29 6 34 14 28 2 25 0 24
28 24 2 11 42 23 33 26 27 20
6 24 42 23 33 26 0 27
34 2 24 36 23 33 42 11 27 0 20 25
14 33 31 11 0 27
42 23 2 11 0 27 20 33 24
23 31 26 27 20 25
2 36 33 26 0 20 25
36 25 11 27
31 33 26 0
11 24 0 20
27 0 24 25
26 24 20
0 25
20 24
25 33
33
24
