#kunkel.py
# GMT Wed Mar 27 21:44:17 2019
# 
8 9 4 33 40 5 21 17 30 41 10 38 19 36 39 6 11 42 2 31 15 27 0 20
9 18 22 28 40 5 38 16 30 24 32 1 7 34 3 23 42 36 11 10 0 20 25
4 22 28 35 40 38 16 30 21 19 37 17 29 42 31 15 10 26 41 27 20 25
12 25 18 28 14 41 21 35 42 13 33 17 11 27 26 5 0 37 1 36 39 29
22 35 40 18 13 38 16 30 5 32 36 14 3 33 7 42 15 19 0 27 20 24
28 15 40 18 13 2 17 19 21 36 39 34 14 33 7 31 11 27 0 20 25
38 41 35 40 38 16 30 1 39 37 6 14 23 2 11 10 26 0 20
35 41 35 21 17 30 1 7 37 16 29 6 34 42 3 2 31 11 19 0 25
40 34 14 3 18 13 36 42 19 26 24 0 37 25 39 29
18 13 19 24 1 36 39 37 6 34 11 3 2 31 15 26 41 20
13 21 30 24 32 1 36 39 29 14 42 23 33 31 11 26 0 20
21 16 30 5 32 1 7 39 37 6 14 42 31 11 19 0 24
16 41 30 24 19 2 29 1 14 3 33 31 15 10 26 0 37
30 41 2 5 32 36 17 1 6 34 14 23 33 10 25
19 34 14 3 2 5 11 27 32 0 17 7 29
41 5 36 39 29 6 34 14 23 42 7 15 27 26 0
5 31 34 42 3 33 17 15 26 32 0 23 1 27
32 6 42 25 23 2 17 15 0 37 1 20 7 39 24
1 7 37 6 34 3 2 31 15 0 25 24
7 24 7 6 3 23 36 31 11 27 26 0 20 25
39 31 34 42 2 17 27 26 24 37 25 29
37 15 2 24 36 29 34 14 23 33 11 26 0 20 25
17 34 11 2 31 15 10 26 0 27 36
29 36 42 3 23 33 25 10 26 27 20
6 15 34 14 23 42 36 11 10 24 26 27
42 42 2 34 14 3 23 33 31 11 10 26
34 36 14 33 31 10 0 27 20
14 24 36 14 3 23 2 26 27 25
3 25 15 33 11 26 24 0
23 36 33 31 15 10 0 27 20 25 24
2 24 33 31 15 10 0 20 25
36 33 11 10 20
31 11 15 10 20
15 33 24 11 26 20
10 33 27 24 0 20
26 11 0 24
0 25
27 33 25 24
11 24 33 25
20 33 24 25
25 33 24
33
24
