#kunkel.py
# GMT Wed Mar 27 21:44:19 2019
# 
8 18 4 22 28 38 33 17 30 24 32 1 19 7 29 6 34 3 23 2 36 10 0 20
9 36 18 31 4 22 15 3 23 42 13 38 17 11 12 0 6 1 20 7 39 2
31 12 22 15 28 40 13 38 17 19 5 32 36 39 37 6 14 3 23 2 11 20
4 35 32 22 14 23 3 36 2 5 38 16 30 19 12 27 17 21 7
32 18 41 35 42 13 21 19 5 7 39 14 15 3 23 33 11 27 26 24
22 22 28 35 40 5 21 17 24 1 36 39 37 29 14 42 2 15 27 0 11 25 33
41 17 29 6 34 14 28 42 2 5 33 16 15 19 24 12 0 27 1 20 39
35 17 18 6 34 28 36 2 13 42 16 15 30 27 5 0 20 25 37
40 18 6 34 11 28 14 42 21 16 15 10 26 12 0 38 19 25 39 37
18 28 13 33 19 1 7 6 3 23 2 42 15 10 26 27 20 25
13 17 6 34 28 33 5 36 16 11 30 27 26 24 0 1 7
21 36 28 12 34 14 23 33 2 17 30 10 26 24 0 27 38 25
16 27 28 34 11 2 38 17 15 19 5 12 0 23 1 37
30 38 17 5 10 1 36 6 34 14 3 2 7 27 26 20 25 24
19 28 42 33 24 1 36 17 29 34 15 3 2 11 10 26 27 20 25
24 12 28 38 5 7 39 29 1 6 3 23 33 15 20 25
12 17 34 14 2 5 10 28 36 20 7 39 37
2 28 38 39 37 29 6 34 23 15 26
5 15 17 29 34 14 3 23 42 11 10 26
38 36 39 17 29 6 34 14 23 26 0 20 25
7 42 10 1 36 39 37 29 6 33 11 27 26 0 20 25
39 36 29 34 42 3 23 33 11 10 26 27 25
37 17 29 6 34 14 3 25 11 42 10 26 27 1
17 28 29 3 23 42 0 27
28 42 33 23 11 1 36
1 42 25 36 10 26 23 20 27
6 29 34 33 11 27 26 0 25
34 29 3 42 10 0 27 20 25
15 42 14 3 23 33 10 26 0 27 20
3 36 29 11 3 23 26 0 27
23 36 42 10 27 25
33 11 20 14 29 10 0
36 14 10 26 20 25
42 26 0 20 25
11 29 14 11 26 0 20 25
10 29 14 26 0 27 20
26 29 14 0 27
0 20 25
14 29 25
27
20 20
25 29
29
