#kunkel.py
# GMT Wed Mar 27 21:44:20 2019
# 
8 4 22 35 40 13 38 17 19 5 32 7 39 37 16 14 3 23 33 11 26 0 20 25
18 9 22 40 13 38 30 24 32 1 39 29 34 11 3 23 2 31 15 19 0 27 20
4 22 28 40 38 30 21 36 39 29 6 34 11 3 23 2 42 15 27 26 0 33
12 9 22 28 35 40 33 17 30 1 7 39 37 16 29 6 34 14 2 31 15 10 0 20
22 9 41 5 38 16 30 24 32 1 37 29 6 34 14 2 27 26 0 25
28 29 35 6 34 11 41 14 40 2 13 21 17 15 30 26 0 20 25 39
35 9 5 33 16 19 41 36 39 17 29 14 23 2 7 31 10 0 20 25
40 9 38 13 21 17 41 5 32 1 36 39 14 42 2 15 10 26 0 27 25 24
9 25 6 32 42 41 3 2 21 17 11 30 10 23 1 36 27
5 13 2 16 30 32 21 19 7 37 17 1 6 34 15 42 33 11 10 26
21 33 17 30 24 38 19 39 29 6 14 42 2 15 27 0 20 25
16 41 13 38 17 30 32 1 19 36 39 6 3 2 7 31 10 0
30 6 34 42 20 3 10 37 1 19 36 39 29
19 41 38 24 32 2 17 29 1 3 33 11 26 0 20 25
41 17 24 32 7 39 37 29 6 34 23 42 15 27 26 0 20
13 6 11 23 3 33 25 15 42 10 26 38 20 36 37
32 31 34 14 23 2 11 26 24 0 17 36 29
10 17 31 6 34 29 23 33 7 25 27 36 37
38 15 42 38 7 37 1 34 14 3 2 31 11 0
7 31 6 34 14 3 2 15 25 24 0 27 36 37
39 14 3 29 42 26 24 17 1 33 37
37 29 11 14 23 36 31 15 26 1 37
17 24 36 29 6 34 14 3 15 27
29 24 14 3 2 11 0 27 20 25
1 36 6 34 11 23 42 31 15 27 20
6 6 14 23 42 36 15 0 27 25
42 2 34 14 3 23 33 31 27 26 25 24
34 24 15 3 23 33 36 31 11 0 25
15 36 33 26 20 24
3 2 24 36 14 33 26 0 20
23 2 36 14 33 31 27 26 20
33 36 11 20 0 27 25
36 11 26 20 25
31 14 2 11 26 24 0 27
11 14 2 11 0 25
27 24 2 26 27 20 25
26 25 24
0
14 24 2 25
2 20 25
20 25 24
25
24
