#kunkel.py
# GMT Wed Mar 27 21:44:21 2019
# 
8 12 41 35 5 21 17 19 24 32 1 39 6 34 14 3 23 31 10 26 0 27 25
9 17 29 31 6 41 21 3 30 2 38 16 15 25 10 26 24 0 1 20 7 39
4 18 12 22 28 40 13 42 30 32 1 7 29 34 11 23 33 31 15 26 41 20 25
32 36 31 6 34 11 40 3 23 2 42 16 15 30 19 17 37 25 14
22 18 35 34 14 28 3 2 13 21 16 15 10 26 12 27 38 20 25 39 29
41 28 35 40 18 13 21 17 38 37 29 1 34 42 2 15 27 26 0 20 33
38 36 6 15 42 23 2 13 21 11 10 26 5 0 27 1 7 39 37
35 18 34 14 3 23 42 5 21 40 15 19 26 12 0 1 20 25 36
40 27 28 3 23 2 33 17 11 19 12 0 6 37 1 20 36 29
42 28 5 19 13 1 39 37 29 34 11 23 33 31 15 27 20 24
13 17 18 6 14 21 3 33 16 15 10 24 0 1 25 27 37
21 28 17 30 5 39 37 29 14 23 11 10 26 0 27 24
17 28 6 14 18 3 2 31 27 12 0 1 39 37
30 12 28 18 16 30 36 37 14 3 23 2 7 31 11 10 0 25 33
5 28 24 12 36 39 37 6 34 14 23 2 7 31 27 26 0 20 33
12 33 16 10 1 37 29 6 15 3 23 2 11 27 26 25
1 28 16 19 39 6 14 2 31 11 27 26 0
19 2 16 24 7 39 37 6 34 14 3 23 33 10 26 20 25
7 6 34 14 18 3 33 16 26 24 0 20 36 39 29
27 18 28 16 36 39 37 34 15 3 23 11 10
37 18 36 16 14 23 33 31 15 26 0
16 31 6 34 29 25 33 36 16 15 20
29 28 24 36 6 34 14 23 2 31 26 0 25 33
28 18 24 36 39 6 3 23 33 11 25
6 14 20 18 10 0 33
34 31 2 15 26 24 0 20
14 18 23 2 10 26 0 25 24
3 18 36 39 23 2 11 0 25
23 18 36 39 31 15 10 0
33 18 36 39 31 11 10 0 24
36 2 11 10 24 20 25
31 11 18 2 15 26 20
15 24 39 2 11 26 0 25
10 18 2 24 11 26 0 20
26 11 26 20 25
39 18 25 24 20
0 11 20 25
2 18 24 11 20 25
18 24 11 20
11 24
20 24 25
25
24
