#kunkel.py
# GMT Wed Mar 27 21:44:22 2019
# 
8 34 22 11 32 23 40 33 13 42 31 15 30 24 12 0 27 21 20 36 39 2
18 12 38 35 5 2 16 30 13 32 1 19 39 29 6 21 3 23 33 31 11 10 0 25
4 17 9 6 34 14 3 40 5 38 31 15 30 26 24 32 27 1 19 25 39 37
12 41 35 5 33 17 30 32 10 19 7 39 11 3 2 31 15 27 26 0 25
22 9 41 38 5 21 17 19 1 7 39 37 29 28 3 42 36 10 26 0 27 20 33
41 9 28 40 38 16 30 24 1 7 39 37 6 3 23 42 31 11 10 41 20
38 28 2 16 19 24 32 36 39 17 29 14 3 23 42 31 11 10 26 27
35 40 9 21 16 19 24 32 10 1 36 39 2 29 14 23 33 27 26 20 25
40 5 21 17 19 13 32 1 7 37 28 14 23 42 25 11 10 0 20 33
9 2 16 30 24 1 19 36 37 34 14 3 23 33 42 15 10 26 27
13 10 6 14 28 25 33 36 16 15 19 24 32 23 11 20 7 37
42 5 17 30 24 32 36 39 37 29 6 34 3 33 7 11 27
16 1 0 34 14 3 23 2 15 19 26 24 28 20 39 37
30 32 28 5 17 19 10 1 36 37 29 34 31 27 26 20 25
24 19 32 37 17 29 6 34 14 23 25 11 26 28 33
32 28 5 1 7 39 3 33 15 10 0 25
5 5 21 17 19 7 39 2 14 23 15 10 26 0 11
10 21 17 36 37 6 2 7 11 26 0 20
21 6 34 29 28 2 7 15 26 0 23 1 36 27 37
19 17 36 39 29 6 11 2 7 31 15 0 20 25
36 20 29 17 11 2 27 1 25 39 14
39 2 37 6 34 14 3 23 15 27 26 11
2 17 29 6 34 33 31 11 27 20
17 1 29 6 34 23 7 31 27 37 20
29 28 29 23 31 15 27 0 37 25 33
1 15 1 7 6 14 3 23 33 31 11 26 0 20
6 7 28 34 14 26 0 37 20 25 33
34 14 23 33 31 15 27 0 37 11 25
15 14 3 23 31 27 26 0 20
3 31 0 14 25 28 7 37
23 37 33 31 27 25
33 14 11 20 7
7 27 11 28 37
31 20 26 27 25
11 14 25 26 27
27 28 14 26
26 28 37 0 25
0 28 37 14 20
14 28
28 20 25
37
20 25
25
