#kunkel.py
# GMT Wed Mar 27 21:43:32 2019
# 
0 1 3 4 7 40 9 42 11 12 13 14 16 17 19 41 24 25 27 30 31
1 4 5 7 8 10 13 14 15 18 19 20 23 24 25 26 27 29 30 32 34 35 37 38 41 42
2 3 5 10 11 12 15 18 19 21 23 24 27 30 31 32 33 34 35 36 37 38 40
3 4 6 9 11 14 15 18 20 22 24 27 29 32 33 34 36 38 40 41 42
4 7 8 10 11 13 15 18 19 22 24 25 28 29 30 32 33 35 38 40
5 10 11 12 16 17 18 19 20 22 23 24 25 28 30 31 32 33 35 36 39 40
6 32 33 34 37 35 39 8 41 10 11 15 16 18 19 20 26 38 42 29 31
7 8 9 13 14 15 16 19 20 21 22 26 27 28 29 30 31 32 33 35 38
8 9 10 11 13 14 16 17 18 21 22 25 28 29 30 32 33 34 37
9 11 12 14 16 18 19 22 24 26 29 30 32 33 34 35 36 37 40 41
10 32 11 14 15 16 40 18 19 22 24 25 26 27 28 30
11 13 15 17 18 19 22 23 24 27 30 32 39 40 41 42
12 32 34 36 38 39 37 13 15 16 18 19 23 25 27 28 29 31
13 14 15 17 20 21 23 24 27 28 31 32 33 35 40 41
14 34 37 38 39 15 17 21 25 26 27 42 30 31
15 16 17 19 23 26 28 31 32 33 34 35 37 40
16 17 18 20 21 22 23 24 25 27 29 31 33 37 38 41 42
17 18 19 20 22 27 28 29 32 34 35 36 38 39 41 42
18 27 28 29 31 33 34 36 41 42
19 21 24 28 29 30 31 32 34 39 42
20 21 22 25 28 29 30 31 35 36 37 38 39 40 41
21 23 26 27 28 31 32 33 34 35 37 39 40 41 42
22 38 35 41 40 23 36 39 28 30 37
23 35 36 38 33 24 39 26 28 37 31
24 25 27 28 30 34 35 36 37 38 42
25 38 33 41 39 40 26 27 28 29 37
26 34 36 33 40 39 41 38 28 29 37
27 28 30 35 36 39 40 42
28 28 35 36 37 38
29 29 31 32 34 36 39 41
30 34 41 36 33 39
31 32 36 41 42 39
32 35 36 38 40 41 42
33 34 40 38 37
34 36 38 39 40 42
35 41 42 37
36 37 38 42
37 39 40 42
38 39 42
39 39
40 41
41 42
42
