#kunkel.py
# GMT Wed Mar 27 21:44:23 2019
# 
8 9 0 6 34 22 41 35 40 21 17 11 10 26 24 32 28 4 1 20 7 27
9 32 41 33 17 30 24 12 1 36 39 37 6 14 23 42 31 15 10 26 27 11
4 28 35 13 38 16 19 24 32 1 39 29 6 34 3 23 42 31 15 10 0 33
12 0 22 28 35 40 13 38 30 32 1 19 37 29 34 14 3 2 31 10 41 20 33
22 18 22 23 42 13 38 16 11 30 26 24 32 0 27 17 1 36 39 2
15 18 35 40 13 21 16 30 32 7 39 29 6 34 14 3 42 31 11 10 26 0 20 25
41 18 32 41 35 40 13 21 17 30 24 38 7 37 3 23 33 11 27 26 20 25
38 29 34 20 28 23 42 5 21 17 11 30 26 24 37 19 7 2
35 29 3 40 13 7 31 11 27 16 32 14 6 17 37 25 24
40 18 40 5 21 19 13 1 7 39 2 29 6 3 23 42 26 28 25 24
18 13 16 30 32 1 7 39 37 29 6 14 42 36 31 11 19 0 20 25
13 5 21 17 24 36 39 34 14 3 23 2 31 27 28
21 28 2 16 5 32 7 17 29 1 6 3 42 36 0 20 33
17 5 16 30 24 37 29 6 34 14 23 2 31 27 28 25
30 28 30 19 36 39 6 14 3 42 25 27 26 11 33
24 28 16 32 1 39 29 34 3 42 11 10 26
32 0 19 36 2 3 42 31 11 26 28 25 33
2 29 1 6 23 3 31 19 26 10 20 25 39 36
5 16 1 6 34 14 3 23 33 11 25 10 26 28 27 7 36
1 14 29 11 19 7 0 6 37 20 36
19 34 28 3 31 0 10 37 6 7 39 29
7 37 29 34 3 42 25 10 26 0 20 33
39 31 42 28 3 16 27 11 33 14
37 0 28 36 29 6 14 3 31 11 10 26 27 20
16 28 23 42 31 10 26 0 36 20 25 33
28 42 6 33 31 11 26 27 20 25
6 36 34 23 42 10 0 33
34 10 11 14 3 23 25 0 20 36
14 10 36 11 33 27 26 0 20 25
3 29 27 0 25
23 42 29 25 27 26 20 36
42 36 29 42 10 33
36 29 33 31 10 26 25
31 29 26 0 10 33
11 29 33 27 0 20
10 33 26 0 25
26 29 27
0 33 27 20 25
27 29 25
20 29 25 33
25 29
33 29
29
