#kunkel.py
# GMT Wed Mar 27 21:44:23 2019
# 
8 9 28 35 40 5 38 16 19 24 12 21 36 37 17 34 14 3 42 31 15 27 26 41
9 4 22 40 5 21 16 13 32 38 17 29 34 14 3 23 2 31 27 26 20 25
0 10 18 3 6 14 28 35 40 33 7 16 11 30 26 12 23 20 36 39 37
4 28 5 21 30 13 38 7 2 29 6 34 3 42 36 31 11 10 26 41 27 37 25
32 22 41 13 21 16 30 38 7 39 37 6 34 14 23 2 36 31 15 26 20 25
22 18 41 35 5 38 30 13 12 1 19 7 34 23 42 36 31 15 10 26 24
28 18 34 41 35 40 42 13 21 11 10 26 24 27 38 20 39 37
35 18 41 29 13 42 16 24 38 7 2 34 14 3 33 31 10 26 27 20
40 41 5 38 16 30 13 19 7 2 6 34 42 36 11 10 20 25 33 24
18 1 25 18 6 41 3 23 42 2 17 30 24 10 21 19 33 39
5 13 42 17 30 24 12 1 36 2 29 6 23 33 15 19 26 20
21 12 13 38 17 10 1 7 39 29 6 34 2 27 26 25 33
16 6 12 34 41 29 13 38 31 11 10 23 17 1 33 37
30 31 41 3 23 2 13 33 11 19 26 27 1 36 37
19 6 34 41 3 2 36 17 26 24 12 27 1 7 39 37
7 41 17 24 12 38 36 1 6 3 23 2 27 26 20 33
24 15 2 12 38 37 14 23 42 36 11 10 20 33
12 41 38 39 17 29 6 34 14 42 31 10 26 27 25
10 17 3 42 2 15 41 23 38 36 37
38 39 37 3 33 31 11 27 20 25
36 39 29 6 34 14 3 23 42 15 13 27 11
39 1 41 13 2 29 6 3 42 11 27 37 25 33
37 13 29 6 34 15 42 11 27 41 20 33
17 6 34 14 41 3 15 26 1 25 29
29 31 11 33 2 42 15 26 13 1 20
1 41 34 14 23 2 15 27 26 11 20 33
6 31 34 11 14 15 25
34 14 3 23 2 31 11 27 25 33
14 13 33 14 3 42 31 15 26 20 25
3 2 23 42 31 15 26 25
23 25 11 41 2 15 33
42 13 2 31 26 27
25 15 41 13 2 11 27 20 33
31 41 2 11 26 20
15 41 13 2 11 26 27 20
27 2 20 33
26 2 20
13 41 11
41 33 20
2
11
20 33
33
