#kunkel.py
# GMT Wed Mar 27 21:44:24 2019
# 
8 9 4 12 22 28 13 38 16 30 24 32 1 36 39 37 29 6 34 23 33 31 11 27 26 41 25
9 0 4 22 28 38 35 40 21 17 30 24 32 1 7 39 29 14 3 2 15 19 41 27 11
3 4 28 35 40 18 13 38 30 24 12 1 39 37 29 34 23 42 11 10 41 20 25
4 12 22 41 35 5 2 16 19 24 32 21 37 15 42 31 11 10 0 27 33
12 18 28 0 40 5 38 17 30 24 21 36 37 29 6 34 14 2 31 15 19 41
22 28 35 5 38 30 24 32 21 36 6 34 42 11 19 26 41 27 20 25
28 40 18 5 42 19 2 29 6 23 33 31 15 10 26 0 27 37 20
35 38 18 13 21 19 24 32 1 36 39 2 29 6 34 14 33 15 11 20 25
40 13 33 16 30 1 7 2 29 6 34 14 23 42 36 31 19 0 20
18 16 31 23 33 13 7 17 15 30 26 24 0 1 20 36 37
13 41 21 17 19 32 36 2 29 6 34 42 11 10 26 0 27 37 25
38 32 5 16 30 36 37 17 34 14 42 15 10 26 27 11 20
16 41 5 33 17 21 2 29 6 14 23 42 31 15 10 26 0 37 20
42 41 0 17 24 32 1 6 34 23 33 31 11 27 26 20
30 34 14 23 31 15 10 26 24 0 27 19 7 39
24 32 2 17 1 36 29 6 14 7 15 27 0 25
32 1 6 34 21 2 31 15 10 26 20 36 37
0 25 34 14 33 11 26 10 1 7 2
5 31 1 34 11 14 33 15 10 26 27 17 21 19 36 2
10 17 1 7 39 29 6 34 14 23 33 15 10 26 27 20 25
1 41 21 36 2 6 34 23 33 7 26 20
19 21 39 37 29 6 34 14 23 2 15 20 25
36 36 39 37 6 14 23 2 27 20 25
39 41 21 17 29 34 14 23 7 31 15 26 11 20 25
37 31 14 29 11 25 26 27 17 7
17 41 21 7 2 29 23 31 11 27 33
29 6 34 41 25 15 7
6 41 2 6 14 33 11 26 25
34 7 14 2 15
15 41 23 31 7
21 31 14 23 2 11 26 20 25
14 41 31 27 20 25
23 41 7 11 27 26 20
33 2 31 11 41 20 7
7 11 27 25 2
31 26 27
11 41 27 25
27 41 20 25
26 25
41 41 2 20
2
20
25
