#kunkel.py
# GMT Wed Mar 27 21:44:24 2019
# 
8 29 6 34 23 35 40 42 13 21 16 11 30 26 5 0 10 1 7 25 24 37
9 4 28 35 40 5 38 30 13 12 7 39 37 6 34 14 42 31 15 27 41 20 25 24
0 18 3 4 34 15 28 35 24 33 13 38 17 11 19 5 12 6 20 27 37
4 4 12 22 41 40 38 16 32 1 36 2 29 34 15 3 23 33 42 11 10 26
32 16 18 22 14 40 35 23 42 13 17 11 19 26 12 27 1 36 39 37
22 41 13 38 16 30 5 12 19 36 37 17 29 34 3 23 33 15 27 25 24
28 15 33 35 40 18 38 30 29 6 34 14 3 23 42 31 11 10 27 20 25
35 40 5 38 17 30 24 7 2 29 6 34 3 23 42 36 31 11 10 26
40 12 18 5 21 16 1 36 37 29 14 3 23 7 31 15 10 26
18 41 13 21 16 10 1 39 37 17 34 14 3 23 2 42 15 27 25 33
5 41 16 19 1 7 39 17 34 15 3 23 2 31 11 10 26 20
38 13 38 30 21 7 2 1 6 34 3 42 36 31 19 37 20 33
16 41 13 2 12 21 36 39 29 6 14 42 11 10 26 33 24
30 34 15 23 42 13 31 11 10 26 12 27 21 36 33 29
13 1 15 12 14 41 17 11 27 21 20 25
12 33 21 24 1 39 37 17 14 3 23 42 11 27 25
10 41 21 24 1 7 6 34 42 36 31 11 27 20
21 31 20 33 27 29 17 26 1 24 25 39 37
19 31 36 6 34 14 41 3 23 33 17 26 20 25 39 37
7 41 17 24 1 7 29 14 23 42 25 31 15 27 26 33
39 31 6 34 14 29 23 17 11 26 15 20 36 37
37 41 24 37 29 6 3 42 31 11 27 26 2 20 33
17 33 42 15 26 2 20 25 29
29 41 1 36 6 14 3 23 2 31 25
1 41 6 34 11 3 33 36 31 15 26 20 25 24
6 24 14 3 23 2 15 27 26 20
34 24 36 14 3 23 2 11 26 41 20
14 33 2 3 23 42 15 26 20
3 31 15 2 25
23 15 11 26 27
42 2 26 24 41 33
36 41 24 2 33 31 11 27 25
31 2 41 25
15 2 11 27 20 25 24
27 41 11 26 24
26 33 2
41 33 11 20 25 24
2 24 11 33 20 25
11 25
20 33 24
25 24
33
24
