#kunkel.py
# GMT Wed Mar 27 21:44:26 2019
# 
8 4 22 35 40 5 33 16 30 13 1 36 29 6 14 3 23 42 11 10 27 20 24
18 9 12 22 41 38 5 21 24 32 1 39 29 6 34 14 42 15 27 26 0 11 33
4 12 22 41 35 40 5 13 32 1 7 39 29 6 3 31 15 10 26 27 20 25 24
32 10 17 31 7 14 28 40 29 13 38 16 15 19 26 24 12 6 1 33
22 1 34 42 41 21 35 23 2 33 31 10 26 12 0 38 19 25 37
15 31 14 41 3 9 5 2 42 11 25 10 7 24 0 26 36 39 37
41 9 40 5 21 16 30 13 12 7 39 37 17 6 34 14 2 31 27 0
38 12 28 35 5 16 19 13 1 36 37 17 6 34 3 42 31 10 26 27 24
35 1 34 28 3 42 5 2 16 30 26 24 12 6 7 25 37
40 9 6 14 27 23 2 42 17 30 7 39 37 21 19 25 33 20
9 9 2 16 30 24 39 6 34 11 3 23 42 25 31 10 26 27 33
5 7 14 29 2 13 17 30 26 12 21 19 25 39 20
33 12 13 16 30 24 1 19 39 37 17 6 34 3 23 27 26 20
16 12 21 17 19 24 1 39 29 6 34 3 23 2 25 31 26
30 13 12 1 7 37 14 3 42 36 31 11 10 26 20 25
13 29 23 21 11 7 24 12 28 10 19 25 39 36
12 39 2 17 34 3 42 31 10 25 24
1 28 19 36 29 34 14 3 2 7 31 25 27 20
19 19 7 37 29 6 14 23 2 36 11 26 0 25
36 28 2 17 39 37 6 34 3 42 11 27 26 0 20 25
39 21 28 34 23 2 11 10 0 24 29
2 28 7 37 29 6 34 10 26 27 20
17 31 29 6 34 14 21 11 24 28 23 20 37
29 28 6 14 3 23 31 10 0 20 24
28 25 3 34 14 21 11 27 26 24 20 37
6 7 14 3 23 31 11 10 0 20 25
34 21 7 25 42 10 0 27
14 21 24 10 26 0 27 20 25
21 7 3 23 31 11 10 26 0 20 25 24
3 10 11 25 27 20
23 31 42 11 26 24 27 20
42 31 11 26 0 10 20 37
7 11 0 20 25 37
31 24 37 10 0 27 20
11 24 10 27 26 0
10 24 27 0 20
26 27 0 20 25
0 27 20 37
27 24 37
37 25 24
20
25
24
