#kunkel.py
# GMT Wed Mar 27 21:44:26 2019
# 
8 8 18 0 4 22 41 35 13 21 16 30 10 36 39 37 29 34 14 3 2 11 19 28 20
18 6 31 4 22 34 41 3 5 38 17 15 30 27 12 28 10 0 20 1 37
0 4 12 15 41 35 23 13 38 16 11 10 26 5 32 6 1 20 7 24
4 22 9 5 38 16 13 7 39 2 17 29 34 14 3 33 10 26 20 25
32 17 29 6 19 28 3 23 2 5 38 31 33 30 12 41 10 36 20 7 39
22 34 42 28 35 23 33 5 21 17 15 30 26 7 10 19 36 39 29
15 25 6 14 41 35 40 29 38 17 15 30 26 24 21 19 7 33 37
41 35 13 21 16 12 1 7 39 29 6 34 14 23 33 11 26 25
35 40 13 42 16 19 24 1 2 17 34 3 23 33 31 27 26 20 25
40 9 28 40 13 21 16 30 24 1 7 39 37 17 6 14 2 36 31 10 33
9 38 5 21 16 30 13 12 1 17 6 34 14 3 23 42 31 10 26 20 25
13 28 5 21 30 24 12 36 29 6 14 3 42 7 25 10 26 27 33
21 6 14 29 42 31 24 12 28 2 1 25 39 37
16 5 16 30 24 1 19 7 39 37 29 6 33 36 11 27 26 20
42 25 34 28 23 29 38 17 11 30 26 12 2 1 7 27 37
30 28 38 5 1 39 29 34 23 31 11 27 26 33
7 33 19 24 1 36 29 34 11 3 31 10 27 25
5 34 20 25 33 2 31 27 6 38 19 36 37
12 28 19 38 39 2 29 34 14 23 11 10 26 25 33
10 28 38 17 19 1 37 14 3 23 2 11 27
38 28 2 24 36 39 37 6 23 31 27 26 20 25
36 19 39 37 17 34 3 23 2 31 11 26 20 25 24
39 24 29 34 3 2 11 27 26 28 20
37 28 2 17 29 6 34 14 31 26 27 20 25
17 19 1 29 34 14 3 23 31 26 27 25
29 24 2 11 3 31 19
1 24 19 2 6 14 23 31 26 27
6 34 11 3 2 31 27 26 33 24
34 33 24 2 14 11 19 28 27 20
14 19 2 14 23 33 26 20 25
3 19 23 33 31 24 20 25
23 2 28 31 27 20 25
2 31 11 26 20 25
25 11 19
31 24 11 27
11 27 26 24 20
19 33 24
26 28
28 27 20 33
27 20 33 24
20 33
33
24
