#kunkel.py
# GMT Wed Mar 27 21:44:27 2019
# 
8 9 6 34 14 41 18 0 42 13 25 15 27 7 5 12 28 21 36 39 29
9 4 5 21 16 30 32 1 36 37 29 6 34 14 3 23 2 7 31 11 27 26 25
4 4 12 22 35 40 18 5 38 16 30 24 32 1 37 6 34 14 3 23 33 42 0 2
32 22 28 40 18 5 21 17 30 13 1 36 34 14 7 31 15 19 26 0 20 24
22 28 35 40 2 17 30 12 21 7 39 37 29 1 3 23 42 36 10 26 0 20
28 29 6 12 14 41 3 23 33 5 31 15 19 26 24 13 1 20 37
38 18 41 35 13 2 17 19 5 7 39 29 6 15 33 36 11 27 26 0 20 24
35 18 33 40 16 19 1 39 29 6 15 3 23 42 31 11 27 0 20 25
40 27 7 14 23 42 13 33 16 30 26 0 10 1 20 36 37
18 41 13 21 16 30 10 7 39 6 34 14 3 23 2 31 11 19 33
13 41 5 2 17 24 39 29 6 34 14 23 42 25 31 15 10 20 33
21 6 12 14 29 27 2 36 16 15 19 24 10 1 25 39 37
16 5 17 19 12 1 36 39 3 23 42 7 31 15 10 26 0 20
30 17 14 29 41 3 5 33 31 42 6 36 20 23 39 37
41 17 12 1 7 39 14 29 15 3 23 36 31 11 27 37 25
5 12 24 36 2 34 14 23 42 31 15 26 11 25
12 0 3 42 11 10 26 24 6 1 7 36 33 2
10 17 6 34 23 3 33 11 19 0 10 1 25 27 37
1 17 29 11 19 26 24 36 37
19 17 36 39 2 29 34 15 42 11 26 0 37 20 25
36 24 39 2 6 34 14 3 42 25 31 11 33
39 31 6 34 42 15 27 17 7 37
37 7 6 34 14 3 2 31 26 27 20
17 31 27 34 11 3 2 15 26 24 7
29 0 7 34 15 42 23 2 31 11 26 25
6 24 14 42 7 15 0 20 25
34 42 24 33 31 11 0 27 20 25
14 0 2 14 3 42 31 27 26
3 23 33 7 15 27 11 25
23 25 2 15 24 7 33
42 33 7 15 20 25 24
7 24 2 11 27 26 0 33
31 0 33 24 2 15 27 11 20
15 11 26 20
27 33 11 0 20
26 25 2 20 33
0 33 11 20
2 24 11 25
11 11
20 24 25 33
25 24 33
33 24
24
