#kunkel.py
# GMT Wed Mar 27 21:44:29 2019
# 
8 9 4 28 38 40 18 13 42 16 24 32 21 7 37 29 6 3 23 2 27 26 20 25
9 18 6 34 28 3 23 2 5 21 31 15 19 24 32 27 17 20 25 37
0 41 35 40 38 17 19 32 36 39 2 29 6 14 23 42 31 15 26 28 37 25 33
4 18 12 28 35 40 5 38 19 24 32 1 36 29 14 3 23 42 31 10 26 27
12 18 22 38 40 13 33 16 30 24 1 36 39 2 6 34 21 3 42 11 26 20 25
22 22 28 35 40 5 38 30 24 21 7 2 34 14 23 42 31 19 26 41 37 25 33
15 31 14 28 21 25 23 42 5 7 16 11 30 13 24 1 19 36 39 20
28 41 40 5 38 16 30 13 7 39 37 6 25 2 36 31 19 33
35 18 41 38 5 21 16 13 10 1 39 37 29 6 34 33 27 26 20 25 24
40 18 34 14 3 33 13 21 17 42 19 7 5 6 1 25
18 32 5 38 16 30 10 1 7 39 17 34 14 3 42 27 20 25
13 32 5 2 16 19 38 7 39 17 29 1 34 11 3 23 42 27 41 20
38 17 30 24 29 34 14 3 33 31 10 26 41 20 25
16 3 41 21 17 11 25 30 31 26 32 10 20 36 39
30 5 24 32 21 36 29 1 34 14 23 33 31 27 26 41 11
24 41 5 17 32 10 7 39 37 29 34 14 3 42 36 31 19 20
32 5 2 1 36 37 6 34 14 3 23 33 31 10 26
10 41 5 19 1 7 2 6 14 3 42 36 11 27 37 33
21 11 23 3 33 31 42 17 27 1 20 37
19 33 1 36 39 29 6 11 23 42 27 41 20
7 5 2 1 36 39 37 34 14 23 33 31 27 20
39 2 1 29 34 14 23 33 31 11 26 25
2 31 6 14 3 23 5 17 26 27 20
17 5 1 36 29 14 3 23 42 31 26 37 20 25
29 31 41 23 33 11 25 27 1 36 37
1 41 37 25 42 36 31 33
6 31 34 14 41 33 42 26 20 36 27
34 14 23 33 26 20 36 37
5 41 37 14 42 36 27 11
14 41 33 36 20
3 33 11 27 26 25
23 42 33 36 31 11
42 11 27 20 25
36 33 26 27 11 25
31 37 27 26 25
11 25 41 27 26 37
27 37 26
26 33 25
41 33 20 37
37 20
20
25
33
