#kunkel.py
# GMT Wed Mar 27 21:43:33 2019
# 
0 33 3 37 6 8 10 11 12 14 16 17 18 19 22 23 26 38 35 42 30 31
1 2 4 6 7 8 9 12 14 19 20 22 24 25 26 28 29 32 34 35 39 40 41
2 4 6 7 10 12 15 17 19 21 22 23 25 26 28 29 30 31 34 35 37 39 40
3 7 9 12 13 15 18 19 21 23 24 27 29 30 31 32 33 35 36 38 39 41 42
4 5 7 8 9 10 13 14 19 20 21 23 24 25 26 31 33 34 36 39 40 42
5 34 35 37 39 8 9 11 12 13 14 16 19 20 41 22 23 24 26 27 31
6 6 9 10 12 13 14 17 19 20 21 22 23 24 25 26 32 35 36 42
7 7 9 11 13 14 15 17 18 19 26 27 29 30 31 33 34 40 42
8 9 11 12 13 14 15 16 22 24 26 27 28 29 30 32 33 34 42
9 10 13 17 21 22 23 26 27 28 31 34 36 37 39 40 41
10 33 38 40 11 13 17 18 20 21 23 24 27 28 29 30 31
11 12 13 15 16 22 23 28 30 31 34 35 36 37 38 39 41 42
12 16 18 19 24 26 28 31 32 33 34 35 36 37 39 40 41 42
13 42 33 34 35 19 23 36 27 28 37 31
14 16 17 18 19 22 24 26 27 28 29 31 32 37 38 41 42
15 33 37 42 34 39 17 18 20 21 40 23 24 25 26 28 30
16 32 34 35 38 39 17 18 19 20 22 23 24 40 29 30
17 35 37 38 34 19 20 41 24 25 27 30
18 20 21 22 23 27 29 31 33 34 36 37 40 41 42
19 21 31 32 33 34 35 37 40 41 42
20 21 23 25 26 27 28 29 30 31 32 38 39 41 42
21 22 24 25 26 30 32 33 36 37 38 39 40 41
22 23 26 29 31 33 34 35 37 40 42
23 23 24 25 29 30 32 35 37 40 41 42
24 25 26 27 29 30 31 33 37 38
25 32 35 38 39 41 34 36 26 29 31
26 30 35 37 38 42
27 32 42 36 38 35 41 40 37 31
28 32 34 36 38 33 40 42 41 29 30
29 32 36 33 38 41 42
30 31 35 36 37 39 41
31 32 33 36 38 39 40
32 33 34 36 37 38 39 40
33 33 34 36 39 40
34 36 37 40 42
35 36 41
36 37 39 41
37 39
38 40 41 42
39 39 41 42
40
41
42
