#kunkel.py
# GMT Wed Mar 27 21:44:30 2019
# 
8 17 9 1 4 22 34 11 12 35 23 2 13 21 31 15 27 32 0 38 20 7
9 18 28 13 38 17 19 12 1 2 29 3 23 33 31 10 26 0 27 37 20 25
4 18 28 35 40 13 21 16 19 38 36 39 2 17 29 6 34 14 42 15 27 26 37
32 18 41 35 40 5 17 30 12 1 36 39 37 29 34 3 23 42 7 31 11 10 25
22 41 35 40 5 17 30 13 1 36 39 29 6 14 23 42 7 31 15 10 26 0 25
16 41 35 40 13 38 30 12 21 19 36 39 29 1 3 23 42 7 10 26 27 20 25
28 1 14 29 3 42 5 33 17 27 10 26 24 0 6 38 19 39 37
38 6 35 23 18 13 42 30 5 41 40 17 1 20 33 2
35 18 23 27 2 5 42 31 15 30 26 24 10 19 25
40 18 12 41 13 21 30 24 19 7 39 34 3 42 15 27 0 20
18 12 5 17 30 13 1 7 6 11 3 23 33 36 31 15 24
13 41 12 21 37 17 29 6 34 14 3 2 42 11 27 26 0 33
21 29 19 34 14 3 25 31 11 10 5 27 1 20 36 39 24
17 12 41 17 5 1 39 24 15 27 26 0 20 29
30 25 34 33 42 31 27 7 12 41 1 36 39 29
19 6 23 14 41 29 5 15 27 7 24 11 25 39 37
41 24 36 39 2 23 42 31 15 26 0 37 20 25
5 6 34 15 29 31 11 10 26 24 0 33 37
12 6 34 14 23 37 33 26 24 36 25 39 29
10 14 29 36 3 23 42 31 11 24 1 7 39 2
1 2 24 7 39 37 6 34 23 42 11 26 20 25
7 11 6 34 14 20 3 33 31 15 0 37
39 0 24 36 37 29 14 33 15 27
37 2 6 11 3 42 31 15 27 0 20 25
36 24 6 34 14 23 42 25 31 11 26 20 33
29 6 34 14 23 2 31 15 11 20 33 24
6 34 14 25 23 2 31 11 33 24
42 34 2 15 24 20 33
34 14 3 33 31 15 27 26 0
15 2 3 31 11 26 0 20
3 14 25 31 27 24 0 23 33
23 2 25 26 0 33
2 11 14 31 26 0 20
25 14 11 26 0 27
31
11 14 33 27 26 20
27 24 14 33 26 0 20
26 33 20 24
0 14 20 24
14 20 33
20 24
33 33 24
24
