#kunkel.py
# GMT Wed Mar 27 21:44:30 2019
# 
8 9 4 28 35 40 21 16 24 10 7 39 29 6 14 3 2 31 11 27 26 20 25
9 18 3 34 22 14 32 23 35 40 2 21 16 30 26 31 0 1 19 39 29
4 22 13 38 16 30 12 1 36 39 2 17 29 6 23 33 31 15 27 26 0 37
12 15 41 35 13 17 30 5 32 1 7 39 29 6 14 42 36 31 11 27 0 20
22 28 40 5 21 16 30 13 1 19 7 37 17 29 6 14 2 15 27 20 25 24
15 29 35 14 28 3 42 13 38 17 11 27 26 7 21 20 36 37
28 18 35 40 13 33 16 1 36 39 37 17 29 34 3 42 31 10 26 0 20
38 31 18 3 34 11 35 23 2 42 17 27 19 16 32 6 20 36 39 24
35 18 5 21 16 32 1 7 37 29 14 3 33 36 27 26 0
40 18 5 21 16 30 10 19 36 39 37 17 23 42 7 31 27 26 20 25
18 27 36 6 34 42 13 16 30 19 5 41 10 23 39 2
5 32 41 13 21 19 1 36 39 6 34 14 3 42 31 11 0 25
21 3 34 11 23 42 17 10 26 0 14 27 1 7 29
16 13 16 19 32 1 7 14 3 31 10 26 27 20
42 11 34 14 27 2 13 31 30 26 23 19 7 37
30 41 13 1 7 39 29 6 34 3 2 36 27 26 0 20 25
41 29 6 34 14 20 3 23 33 17 27 0 10 19 25 39 24
24 2 17 19 32 36 39 37 29 1 6 14 3 33 7 10 0 27 20 25
32 19 13 7 37 6 34 14 3 23 33 36 10 26 0 27
10 1 7 37 17 6 34 14 23 33 11 26 20 25
1 13 36 29 14 23 2 7 31 26 0 27 20 25
19 34 14 29 33 11 19 23 20 7 37
7 33 29 6 11 3 23 31 0
39 34 3 13 31 25 26 23 36 37
37 31 29 11 13 2 17 25 27 33
17 0 29 6 34 3 23 2 11 26 27 25
29 36 2 31 11 26 25 33
6 13 6 34 23 2 31 11 0 20 33
34 0 36 3 25 31 27 20 33
14 3 20 13 25
3 13 23 2 31 11 20 33
23 13 25 27 26 20 33
2 31 33 11 25 36 27
36 25 11 26 33
31 13 27 33
11 13 26 0 27 20 25
27 13 0
26 25 33
13 33 13 0
0 33 25
20 25
25
33
