#kunkel.py
# GMT Wed Mar 27 21:44:31 2019
# 
8 8 12 28 40 13 21 17 30 5 32 19 7 37 6 34 14 23 42 15 10 26 11 20 24
9 18 4 12 38 35 40 13 21 16 24 32 1 36 39 29 6 14 2 10 26 0 20 25
4 22 28 40 5 42 24 32 36 39 37 29 6 34 23 2 7 31 15 10 26 0 33
12 22 34 28 3 23 2 13 38 16 36 30 26 24 17 1 19 25 37
22 18 0 22 28 35 13 42 17 30 24 32 7 37 29 34 33 10 26 41 27
28 18 41 35 21 16 30 7 37 29 34 14 3 23 2 25 15 27 20 33
35 41 40 5 17 30 32 1 39 37 16 29 34 3 2 31 15 19 0 20
40 15 40 18 13 21 16 30 24 1 17 29 14 42 33 11 27 20 25
18 38 13 21 17 30 5 1 19 7 29 34 11 23 42 36 15 10 26 41 27 20 33
13 38 16 42 30 24 32 39 6 14 3 23 33 31 11 19 25
21 6 34 29 3 5 42 31 15 25 19 26 16 32 17 7 37
17 41 5 38 16 32 7 39 37 29 6 14 2 31 11 26 33
30 38 41 5 32 1 39 37 29 6 14 3 2 15 0 24
41 36 6 14 29 5 38 15 27 26 24 10 20 25 39 37
5 42 32 37 6 34 14 3 23 2 31 10 0 27 25
32 24 1 36 29 34 14 3 23 2 31 15 19
38 10 6 14 42 23 2 26 0 27 36 19 7 39 29
19 2 24 1 36 29 6 34 14 33 31 15 27 26 0 25
7 31 42 3 29 11 27 26 6 37 33 39 2
39 2 16 24 36 37 34 11 42 31 15 27 0 20
37 24 1 29 15 42 31 11 10 27 20 25
16 1 36 6 34 14 3 33 42 15 10 26 0 11
29 1 6 34 14 31 11 27
1 3 6 14 2 11 24 0 20 36
6 6 3 23 2 42 10 0 20 25 33 24
34 36 23 2 31 10 26 0 20 25
14 36 2 11 10 27 20 33 24
3 25 15 23 42 11 26 33 2
23 10 36 42 31 15 27 25 33 2
42 36 15 31 11 25 24
36 33 26 0 20 25
31 15 27 26 0 20 25 24
15 2 11 10 27 20 25 33
10 24 33 27 26 0 11 25
26 11 20 33
27 24 33 0 11 20
0 20 33 11 25
2 11 20
11 33 20
20 33 25
25
33 24 33
24
