#kunkel.py
# GMT Wed Mar 27 21:44:31 2019
# 
8 9 22 41 35 40 18 2 17 36 39 37 16 29 6 3 23 42 7 11 27 26 0 33
9 4 41 35 40 13 21 16 30 24 1 19 36 39 17 6 23 42 11 10 26 25
4 12 40 38 17 19 24 32 1 37 16 29 6 34 21 23 2 11 10 26 0 20 25
32 18 28 35 13 21 17 19 41 5 36 37 34 14 3 23 42 7 15 27 26 0 24
22 29 6 28 38 3 36 2 5 21 16 30 7 24 27 17 1 20 25 39 37
15 16 29 28 14 41 35 40 42 21 31 10 24 0 39 23 1 7 33 37
41 12 14 40 38 42 23 18 21 16 30 26 10 17 1 19 27 29
38 35 40 13 2 17 12 7 39 37 16 29 6 14 3 33 42 11 27 20 25
35 12 28 40 5 17 30 13 19 37 6 34 14 23 33 10 26 25
40 28 18 17 30 24 39 37 34 3 23 2 11 10 26 33
18 13 21 16 30 24 12 1 19 7 39 29 3 23 31 11 10 26 28 20
13 12 5 33 16 19 36 2 29 6 3 23 42 31 27 26 0 37 25
2 1 14 3 42 5 33 16 25 27 26 0 6 7 24
16 34 14 31 30 26 5 0 27 21 20 7
30 5 21 19 12 7 37 17 29 34 14 3 31 10 0 27 25
24 36 23 42 10 26 0 27 37 1 20 7 39 29
12 17 12 1 36 39 28 14 3 23 42 31 11 27 26 0 33
5 29 34 28 3 23 42 17 11 25 10 19 36 27 20
10 28 1 36 37 29 6 3 42 19 26 27 20
21 31 34 29 36 17 0 27 1 19 25 37
19 17 1 7 34 23 42 36 31 11 28 20 25 33
36 17 6 34 3 23 31 11 0 27 20 25
39 28 1 7 29 34 14 3 42 31 27 0 11 25
37 28 7 37 29 3 23 33 31 26
17 29 34 3 33 31 26 28 27
29 1 29 28 6 14 42 0 11 20 33
1 34 14 23 42 31 27 11 25
6 31 34 14 28 42 26 0 20 25 33
34 28 34 7 11 27 26 0 20
14 7 3 23 31 26 0 20 25 33
3 28 31 11 0 20 33
23 28 42 31 27 0 20 25
42 20 26 7
7 28 26 11 33
31 33 27 0 20 25
11 28 25 0 33 20
25 28 26
27 28 26 0 20 33
26 20
0 20
28 33
20 20
33
