#kunkel.py
# GMT Wed Mar 27 21:44:32 2019
# 
8 18 4 41 38 30 24 12 21 19 36 29 14 42 23 2 7 15 27 26 0 25 33
18 9 3 32 34 11 35 29 13 36 17 15 30 26 5 12 31 10 7 39 37
3 22 41 40 9 5 38 17 30 13 32 1 19 39 2 6 34 14 42 10 0 20 33 24
4 9 41 13 42 16 30 24 12 36 39 37 29 6 34 23 2 7 19 26 0 27 20
32 22 35 9 5 38 16 12 1 36 39 29 6 34 14 15 10 26 27 11 20
22 25 29 34 14 41 21 40 42 13 38 11 19 26 5 12 0 1 7 37
41 9 35 40 38 16 30 12 19 36 29 14 23 42 15 10 27 11 25
35 28 5 21 17 19 13 38 36 37 16 29 14 2 31 15 10 26 27 20 33
40 29 6 34 28 2 13 21 17 11 30 26 24 5 27 1 25 39 37
9 13 21 16 5 1 7 39 37 29 6 14 2 11 0 20 25 33 24
13 28 38 17 30 21 19 7 39 29 14 23 42 36 10 26 20
38 5 21 16 30 12 36 39 37 17 29 34 7 27 0 25 24
17 31 6 34 15 42 21 16 11 27 26 12 0 20 39
30 21 19 1 36 37 29 28 6 15 23 2 11 10 0 33
24 28 5 2 16 19 21 36 39 37 29 23 42 31 11 0 20
12 5 21 19 36 37 28 1 14 42 7 31 10 0 20 33
5 28 19 1 36 39 37 21 23 2 10 26 25
10 21 1 29 34 14 2 42 15 26 28 11 20 33
21 28 16 1 7 29 14 23 33 15 20 25
19 0 28 7 39 29 6 34 14 23 31 15 27 11 20 25
36 16 6 34 14 23 42 31 15 27 28 11
39 29 23 31 26 6 1 25 27 37
37 28 16 7 34 14 42 2 31 15 27 26 11 25
16 1 34 15 23 33 11 27 28 20 25
29 1 34 23 42 26 28 25 33
1 2 7 34 14 23 33 27 0 25
6 31 34 11 28 2 42 15 25 0 33
34 14 23 2 31 15 0 27
14 15 23 7 31 11 28 20
42 33 15 2 11 26 0 27 25
23 28 2 7 31 20 33
2 15 33 31 11 20
7 33 31 26 0 20 25
31 28 25 11 0 27 33
15 11 26
27 11 26 20 25 33
26 25 0
0 28 11 20
28 33 20
11 33
20 20 25
25 33
33
