#kunkel.py
# GMT Wed Mar 27 21:44:32 2019
# 
8 9 3 4 32 42 35 23 29 38 17 11 30 24 12 0 10 20 19 27 2
9 12 22 41 40 13 21 17 19 24 32 38 37 6 34 15 3 23 33 42 11 27 0
4 29 35 6 28 3 36 42 13 38 17 15 27 7 24 31 0 21 25 39 37
32 6 22 28 35 27 33 13 21 25 19 41 26 12 0 10 38 20 7 39
22 41 35 40 18 5 38 17 19 13 12 1 36 16 34 14 42 15 10 26 0 20
15 28 35 40 5 38 30 13 12 36 29 6 14 23 2 7 31 26 20 33
28 18 35 5 21 16 19 24 12 1 36 39 34 23 7 11 27 26 13 20 25
18 16 6 34 14 35 40 2 21 17 11 30 26 7 23 20 25 39 37
35 40 13 42 41 5 38 37 21 3 23 2 31 11 27 26 0 14 33
40 21 17 30 12 19 7 39 37 16 29 14 3 23 33 10 11 20 25
42 21 16 30 24 1 36 39 17 29 6 34 23 33 7 31 19 27 20
5 6 34 41 21 23 2 13 36 31 30 26 24 12 10 1 7 37
21 0 2 16 30 13 1 17 6 34 3 19 41 25 24
17 41 13 16 30 1 39 2 6 3 23 11 19 26 20
30 41 13 38 16 19 36 37 1 6 34 14 27 26 0 11 25 33 24
41 12 10 38 19 7 39 37 3 2 31 27 26 0 25
13 16 1 36 37 6 3 33 31 27 20 25
12 38 24 1 36 29 14 23 2 7 11 27 0 25
10 31 34 3 2 38 16 25 27 24 0 23 20 36 37
38 2 1 19 39 37 29 34 23 33 11 20 25
7 16 1 36 39 29 6 14 31 11 26 0 20
39 29 3 27 26 24 6 1 20 36 33 37
37 16 11 27 26 24 0 6 33 23
36 16 24 19 29 34 14 3 23 31 0 11 25
29 19 1 2 34 3 23 33 11 27 0 20 25
1 6 34 14 3 23 2 31 19 26 0 20 33
6 34 33 11 19 0 20 25
34 14 3 23 2 31 11 20 25 33
14 31 3 11 2 16 19 26 0 27 20
16 25 3 2 24 0 33 27
3 19 24 2 26 27
23 0 27 2
2 26 31
25 33 11 26 20 25
31 19 26 24 0 27 20 33
11 19 33 27 0 20
19 27 26
26 24 20
0 24
27 24
20 33
33 24
24
