#kunkel.py
# GMT Wed Mar 27 21:44:32 2019
# 
8 9 6 32 14 23 40 29 13 38 16 19 5 12 28 4 1 20 25 33 24
9 18 22 41 35 16 30 24 12 1 19 7 17 29 28 6 34 14 3 23 36 11 10 0 27 25
31 18 4 22 41 13 42 17 30 38 7 39 29 1 14 23 33 11 10 26 0 27 20
4 15 41 40 13 42 19 24 12 36 29 14 3 2 7 11 10 26 27 20 25
12 28 35 18 13 21 16 30 1 7 2 29 6 3 23 42 10 41 27 20
22 38 18 13 42 17 30 5 32 1 36 2 29 6 21 23 33 7 10 26 37 20
15 36 18 35 34 41 3 42 5 25 11 30 24 13 0 10 33 1 7 27 37
28 41 35 40 5 21 16 30 1 7 39 34 14 3 23 2 36 42 19 27 33
35 32 40 18 13 21 16 19 5 7 39 2 6 3 23 42 11 10 0
40 13 38 30 5 1 19 7 29 34 3 23 2 42 11 10 26 0 20 25
18 6 34 14 41 21 23 29 13 2 10 5 1 19 7 20
13 32 41 16 24 1 7 37 17 29 14 23 2 10 20 25
38 6 14 41 3 33 5 21 11 10 26 16 0 27 17 1 7 37
16 21 17 30 32 36 39 29 14 42 33 7 19 41 20 25
19 34 14 33 11 27 41 24 32 0 6 23 39 37
41 32 21 17 30 5 7 1 34 42 11 0 20
5 17 24 32 36 39 29 6 14 3 2 25 42 10 0 27 33
32 21 30 1 36 37 14 3 2 7 11 10 26 27 25 24
10 42 21 14 3 33 26 11 25 24
1 24 21 7 39 37 29 3 23 33 11
36 21 30 39 37 6 3 23 2 25 27 26 0 20 33
39 21 17 30 24 37 34 14 42 7 11 0 20 25 33
2 21 17 30 26 0 23 20 25 27 37
17 34 29 42 30 26 0 27 21 33 37
29 21 30 6 14 23 11 27 26 0 24
6 3 34 14 42 0 27 21 20 25 37
34 11 3 21 42 26 0 27 20 25 37
14 21 30 37 23 26 20 24
21 21 30 26 0 27
3 37 3 33 7 11 26 25
23 42 11 26 25 37
33 25 26 24 7 37
7 30 24 27 26 20 25
42 27 11 0 20
11 24 37 26 27 20
30 25 24 0
26 24 0 27
0 24 37 20
27 24 37
37 37
20 25
25 24
24
