#kunkel.py
# GMT Wed Mar 27 21:44:33 2019
# 
8 9 4 35 40 18 33 16 30 12 21 19 37 29 6 14 3 42 31 10 26 0 27 20
9 22 28 38 13 21 16 19 24 12 1 36 39 37 17 29 2 31 15 27 26 20 25
4 18 12 28 35 5 42 32 1 36 37 34 14 3 23 33 31 15 10 41 27 20 25
32 17 11 34 14 41 35 23 2 5 25 31 15 30 26 16 1 19 7 39 20
22 35 34 29 33 3 40 42 13 21 16 15 30 26 27 23 10 20 7 39 2
28 41 38 35 13 21 17 30 24 1 37 29 6 34 14 3 23 31 10 26 27 25
38 31 6 19 34 14 23 18 5 33 17 15 30 12 0 40 10 20 36 39
35 18 40 13 21 30 24 19 39 6 3 23 33 31 11 10 41 27
40 41 16 30 24 12 1 37 17 29 34 14 23 2 31 15 19 26 27 25
18 7 34 3 23 33 13 31 30 26 5 12 0 6 1 20 19
13 3 6 14 41 30 2 17 42 19 7 24 10 0 20 36 37
33 2 16 24 7 39 37 31 14 3 23 33 42 15 10 0 20
16 41 5 2 17 30 12 1 37 29 34 14 42 11 27 0 20
30 41 24 12 7 37 14 3 2 11 0 20 25
41 5 21 12 1 36 39 37 6 34 3 23 42 7 31 10 20 25
24 25 6 14 29 42 17 11 19 26 23 20 36 39 37
12 31 34 14 3 5 11 25 26 0 21 7 36
2 5 42 21 19 36 6 34 23 7 31 15 27 26 25
21 0 36 37 29 6 34 14 23 42 7 31 27 20 25
19 1 42 31 15 10 26 0 27 17 7 39
36 5 17 7 39 37 29 6 14 23 15 27 26 0
39 6 34 14 3 23 31 11 10 26 27 20 25
37 29 5 1 14 3 42 11 10 0
17 31 10 14 25 29 15 23 20 7 27
29 31 6 3 42 5 15 27 26 1
1 14 0 5 42 15 26 6 11 20 27
6 5 34 3 23 7 31 27 0
34 7 14 3 42 15 27 26 0 11
5 15 25 23 42 11 26 7
14 11 31 15 20 25
3 7 15 42 11 10 0 20 25
23 31 27 26 0 20
42 15 31 11 10 26 27
7 31 11 26 20 25
31 0 11 10
15 25 0
10 11 25 26 27 0
26 11 0 20 25
0 11 27
27 11
11 20 25
20
25
