#kunkel.py
# GMT Wed Mar 27 21:44:33 2019
# 
8 9 12 28 40 38 17 30 24 32 21 36 39 1 3 2 7 31 27 26 20 25 33
9 18 3 28 21 35 36 42 5 38 16 15 10 26 24 0 17 1 20 7 37
4 18 28 35 5 42 17 30 24 12 1 19 39 16 34 14 23 33 15 10 26 41 27 20
12 31 35 34 41 3 36 42 5 38 16 15 13 32 28 33 17 0 7 39
22 31 18 6 14 28 35 40 33 13 21 17 11 30 26 5 0 10 38 20 39 24
28 35 18 13 21 30 24 1 7 37 29 6 23 2 36 19 26 27 25
38 41 35 40 18 13 21 17 5 7 39 37 6 34 3 23 42 11 27
35 0 21 19 32 36 39 37 29 6 34 3 42 11 27 41 20 33
40 29 11 41 3 23 2 13 17 15 42 19 24 32 27 25 7 39
18 21 30 32 39 37 29 6 14 23 42 31 11 19 26 0 2 25 33
5 13 42 17 30 24 10 19 39 29 1 34 33 31 11 27 26 20 25
21 34 14 13 11 10 41 32 0 20 2 19 33 37
17 41 13 16 1 7 37 29 6 34 3 33 31 0 24
30 11 3 23 33 13 42 16 15 10 6 37 1 19 36 24
41 15 29 34 14 33 11 42 19 0 27 1 36 37
24 31 16 29 33 26 13 27 1 20 23 39
32 6 14 3 23 2 11 25 10 26 0 27 1 7 39 37
10 1 34 42 23 33 36 16 15 7 0 6 20 25 27
1 16 36 39 6 11 23 42 7 31 15 26 0 25
19 36 39 2 29 34 14 3 42 7 31 15 26 25
7 13 2 39 16 29 6 14 23 42 31 15 26 0 33
39 14 23 33 31 25 26 27
37 16 0 6 42 13 15 26 27 20 25 14
16 13 2 36 6 34 14 23 33 26 0 20 25
29 34 14 2 25 15 42 0 23 11 20 27
6 13 36 34 2 31 27 20 25 33
34 13 36 14 3 23 31 15 0 20 25
42 14 23 15 26 0 25
3 13 2 36 14 33 31 15 27 26 11 20
23 13 2 15 31 11 0 33
2 31 13 11 25 26 27 20 33
36 15 13 11 31 26 27 14
31 14 15 27 0 11 25
15 33 11 27 20 25
27 0 14 13 20 25
26 14 0 25
13 14 0 33
0 33
14 11 20 33
11 20
20 33
25 33
33
