#kunkel.py
# GMT Wed Mar 27 21:44:34 2019
# 
8 4 12 22 35 40 13 21 17 30 5 32 10 38 36 39 16 23 33 11 27 26 20 24
18 25 22 34 14 41 3 23 2 13 21 10 26 5 12 28 37 1 19 36 24
0 17 29 4 32 34 35 23 33 13 21 31 11 25 30 26 5 12 6 1 20 19
4 9 6 34 14 28 40 29 5 25 16 11 19 41 27 17 1 20 7 36
12 41 9 5 21 17 13 32 7 37 29 34 15 3 23 2 11 27 26 20 25
22 31 20 41 3 40 2 5 7 16 15 30 28 23 17 38 19 25 27 36
15 9 28 35 40 13 38 17 30 32 10 7 39 37 16 34 11 27 26 41 25
41 28 35 40 13 38 16 19 24 1 37 29 6 34 42 11 26 33
35 9 28 38 40 13 21 16 19 24 32 1 39 17 6 34 3 2 31 26 25 33
40 28 13 16 19 32 1 36 39 37 29 34 23 42 11 10 27 25
9 31 29 32 34 28 3 23 2 38 16 30 26 10 36 7 27 37
13 29 5 2 19 37 28 6 34 3 42 31 10 20 33
21 5 42 17 30 24 10 1 36 39 37 29 6 3 2 27 20 25
16 5 30 19 7 39 37 6 34 23 31 10 26 27 20
42 5 38 17 19 10 1 7 39 37 6 34 14 3 23 33 31 27 25
30 24 1 39 2 17 29 6 34 3 23 33 31 26 37 20
5 28 38 2 19 24 7 37 34 14 23 36 31 10
32 28 19 24 1 39 37 6 34 14 3 2 31 27 26 11 20
10 14 23 3 38 25 27 26 6 17 33 37
38 3 11 36 2 17 19 26 28 20 7 33 29
19 1 36 37 29 14 23 2 20 33
36 34 14 28 31 7 39 20 25 33 37
39 31 6 34 14 23 7 24 17 1 20 33
2 28 17 1 29 3 27 26 20 25 24
17 28 29 31 11 26 20 25 33
29 24 7 37 6 34 14 23 11 26 27
1 3 14 31 11 24 23 33
6 37 28 14 3 23 25 11 26 20 33
34 33 28 3 7 11 27 20 25
14 3 7 25 31 27 26 24 20
3 24 7 37 23 27 26
23 28 33 24 7 31 11 25
33 7 31 11 26 27
7 25 24 37 11
31 28 25 26 20
11 27 26 24
27 26 27 20
26 28
28 37 20 24
37 25 24
20 24 25
25 24
24
