#kunkel.py
# GMT Wed Mar 27 21:44:34 2019
# 
8 31 18 4 34 35 23 2 13 42 16 11 30 26 5 12 0 21 19 39 37
18 29 4 14 28 35 40 42 2 31 15 25 30 16 0 24 17 20 36 37
4 12 22 41 35 40 21 30 32 1 7 37 28 11 23 2 15 19 26 0 27 20 33
32 22 28 13 17 30 24 12 1 7 37 16 29 14 3 23 42 15 19 26 41 20
22 9 41 13 38 17 30 24 21 39 16 1 6 14 23 42 31 15 10 11 20 33
15 9 28 35 40 13 21 17 5 12 39 37 29 6 3 2 11 20 33 24
28 31 3 12 14 35 23 9 38 16 42 30 10 17 11 7 39 29
38 9 35 40 13 2 17 30 5 12 7 37 16 29 34 14 25 42 36 31 11 19 27 33
35 34 29 21 3 23 2 5 31 11 27 40 6 1 7 36
40 41 9 17 30 24 12 36 39 34 14 3 23 33 7 10 0 27 25
9 29 11 6 34 14 21 33 5 31 10 26 24 0 1 20
13 6 12 14 3 2 31 25 27 26 24 0 17 21 20 7 39
42 41 21 16 19 12 36 39 37 23 2 31 11 27 26 0 25 33
16 12 41 21 23 29 17 30 24 10 19 25 39 37
30 5 21 19 36 39 1 6 3 23 2 25 31 0 33
41 5 17 12 21 36 39 37 6 34 14 3 33 11 10 2 25
5 21 12 10 19 36 39 37 29 6 14 3 27 0 11 20 25
12 21 19 39 2 1 6 3 10 26 0 24
10 21 19 24 36 39 37 29 6 34 14 3 27 26 0
21 33 36 17 6 34 14 3 7 31 0 27 20
36 17 1 39 2 29 34 23 31 26 37 20 25
39 37 17 6 14 23 7 31 27 25
37 19 29 34 14 3 26 0 27 33
17 19 24 29 3 23 7 31 26 20 25
29 3 34 23 0 2 7 33
1 2 24 7 6 34 14 3 23 33 11 19 26 0 25
6 19 7 3 31 27 26 20 25 24
34 24 3 2 7 31 11 26 20 25 33
14 7 23 33 31 26 0 20 24
3 11 23 2 26 27 33 24
23 33 7 11 20 25
2 24 27 19 7 33
7 19 24 11 27 33
31 26 27 0 19
11 0 19 24 27 26 20 25
19 27 26 20
26 25 24
0 33 27 20
27 20 25 24
20 20 25 24
25 24
33 24
24
