#kunkel.py
# GMT Wed Mar 27 21:43:34 2019
# 
0 1 3 4 6 7 8 9 11 12 14 15 17 19 23 25 27 28 30 34 35 38 40 41 42
1 1 3 4 7 12 15 16 18 19 20 24 26 28 29 31 33 35 36 37 38 39 40
2 4 5 39 37 10 14 15 16 17 18 42 20 24 36 26 27 28 29 30 31
3 33 4 5 38 7 40 9 10 14 17 20 21 22 23 36 26 27 28 42
4 5 9 11 17 18 19 21 24 25 26 29 31 32 33 35 36 40 41 42
5 6 8 9 10 13 19 20 22 23 25 26 27 29 31 32 34 35 38 40
6 8 9 11 12 14 16 20 21 24 25 28 32 33 34 35 36 37 38 39 40 42
7 9 10 11 12 16 18 19 20 21 25 28 30 31 35 36 37 40 41 42
8 9 10 13 18 19 21 23 25 26 27 28 29 30 32 35 39 40 41 42
9 10 11 15 17 18 19 22 24 25 29 30 31 34 35 42
10 14 15 16 18 19 20 22 24 25 27 29 32 33 34 36 37 38
11 32 34 33 40 42 12 13 16 17 41 24 25 38 37 36
12 13 17 18 19 20 21 22 24 25 27 30 32 36 37 38 39 42
13 32 33 34 35 36 39 41 14 15 17 19 22 23 24 27 31
14 32 38 39 40 41 15 16 22 23 24 26 27 29 31
15 34 35 33 17 18 19 21 22 41 26 28 29 30 31
16 32 33 17 18 42 20 22 23 24 25 26 28 37 31
17 19 21 22 31 33 34 35 37 38 39 40 42
18 35 33 39 40 42 23 36 26 27 29 30
19 21 23 28 30 31 32 34 36 37 38 39 41 42
20 21 22 23 25 26 27 28 30 32 35 36 38 39 41
21 21 22 23 25 26 27 29 30 34 36 37 38 39
22 23 26 31 33 36 37 38 39 40 42
23 25 27 28 32 33 35 37 38 40 41 42
24 34 37 39 40 36 26 38 28 29 30
25 26 27 28 29 33 34 37 40 41
26 27 30 32 33 34 37 39 42
27 32 33 39 30 37
28 33 41 42 40 37 30 35
29 30 31 32 34 35 37 38 39 40 41 42
30 32 33 36 37 38 41 42
31 32 35 38 41 36 33 37
32 32 33 35 41
33 33 34 35 36 38 39
34 35 39 41 38 37
35 37 38
36 37 39 40 41
37 40 41
38 41
39 41 42
40 40 41
41
42
