#kunkel.py
# GMT Wed Mar 27 21:43:35 2019
# 
0 33 34 35 36 5 39 8 10 11 12 14 16 17 18 19 22 26 37 29 31
1 2 7 8 9 12 14 15 16 18 19 21 22 23 24 25 27 28 34 35 39 40 42
2 32 3 4 5 6 37 9 42 14 17 18 35 20 41 22 40 26 27 29 31
3 32 33 38 39 8 9 42 12 14 15 17 18 21 23 25 26 27 28 30 31
4 5 6 8 10 11 12 14 15 16 17 18 21 24 26 29 30 31 32 36 40 41
5 6 8 9 13 17 18 19 20 21 24 27 28 29 30 33 35 36 37 38 41
6 7 9 13 16 17 18 19 20 21 22 25 26 27 29 32 33 35 38 42
7 35 36 37 38 8 9 10 11 12 14 40 21 22 23 39 27 28 29 30
8 9 10 11 12 15 17 19 20 22 29 30 31 32 33 39 41 42
9 12 13 15 16 17 18 20 21 25 26 28 31 32 34 35 36 37 40
10 32 33 41 11 36 14 40 18 21 22 24 25 27 28 39 31
11 33 34 38 13 14 16 17 19 20 40 36 26 27 29 30 42
12 14 15 21 22 23 24 27 29 32 36 37 39 40 41 42
13 14 17 18 19 20 23 24 25 29 30 31 32 33 34 36 37 39 41
14 16 17 18 19 22 29 30 31 33 35 37 41 42
15 16 19 20 23 25 26 27 31 33 35 36 37 38 39 41 42
16 34 35 37 39 38 40 18 19 20 41 25 26 27
17 20 22 23 24 26 27 28 33 34 35 36 38 39 40 42
18 19 21 22 26 27 28 29 30 33 39
19 35 39 40 20 22 23 24 37 30 31
20 23 24 25 28 29 34 35 36 38 41 42
21 40 33 22 23 36 26 38 28 30 31
22 35 41 40 25 29 30 42
23 25 26 27 29 30 31 32 34 36 37 39 40
24 34 38 33 40 41 39 25 26 27 28 42 37
25 26 27 28 31 32 34 35 37 38 40 41 42
26 30 31 32 36 37 38 41
27 29 30 32 33 34 38 42
28 29 31 32 34 35 36 37 38 39 40 42
29 32 34 35 40 41 42
30 31 32 34 35 36 37 38 40 41 42
31 35 39 34 36
32 33 35 36 38 39 40 41
33 34 39 38 35 37
34 35 40 42 41
35 39
36 39 37
37 38 39 41 42
38 42
39 42
40 41 42
41
42
