#kunkel.py
# GMT Wed Mar 27 21:43:36 2019
# 
0 1 3 4 5 6 12 14 15 16 17 19 21 23 24 25 28 29 30 31 32 33 37 41
1 4 5 7 8 9 14 15 19 20 21 22 24 27 30 31 32 33 34 35 36 37 40 41
2 33 34 3 4 35 7 42 13 14 16 17 19 21 23 24 25 27 28 29 30 31
3 4 8 9 10 11 13 15 17 19 20 21 22 23 24 26 27 28 31 34 37 39 40 42
4 5 9 12 16 17 18 19 20 22 25 26 30 34 35 36 38 39 41 42
5 37 6 7 9 10 39 14 16 19 20 32 22 24 25 26 38 30 31
6 10 12 15 17 18 19 20 21 22 23 24 25 26 27 28 30 31 32 33 34 35 37 38 42
7 38 7 8 9 10 11 13 17 18 40 21 23 24 25 28 42 30 31
8 9 10 12 15 16 19 20 22 24 25 27 28 29 30 31 33 34 35 38 42
9 10 12 16 17 18 20 21 22 24 26 28 29 32 36 37 41
10 11 12 13 16 17 22 23 24 26 28 29 33 36 40 41 42
11 12 13 14 15 17 18 20 21 22 25 26 29 30 31 33 35 36 38 39
12 32 35 33 14 15 17 21 22 40 24 26 27 29 31
13 33 38 35 40 34 14 15 16 19 21 22 24 26 42 30
14 16 17 21 24 25 27 28 30 31 34 35 36 37 39 41
15 34 38 41 16 17 19 22 40 35 25 28 30 31
16 17 18 21 24 25 28 29 31 34 35 41 42
17 18 20 21 23 27 29 36 38 39 40
18 37 38 42 40 21 22 23 25 26 27 28 29 39 36
19 32 41 33 22 23 36 26 38 30 31
20 23 25 26 29 32 33 34 35 37 38 39 40 42
21 33 24 39 27 28 29
22 23 33 34 35 36 40 41 42
23 32 36 37 39 42 24 38 28 29 31
24 29 30 34 35 36 37 39
25 27 28 30 34 36 38 39 40 41 42
26 26 27 28 29 30 31 32 33 35 38 39 42
27 29 30 32 33 35 36 37 38 39 40 41
28 29 32 35 38 39 40 41
29 29 30 31 32 33 34 37
30 32 35 37 40 42
31 33 34 36 37 38 41
32 33 34 35 36 37 39 41 42
33 35 36 38 39
34 37 39 40 41 42
35 36 37 40 41 42
36 37 41 39
37 38 40
38 41
39 40 41
40 41 42
41 42
42 42
