#kunkel.py
# GMT Wed Mar 27 21:43:38 2019
# 
0 2 4 6 7 9 11 13 15 16 18 19 20 21 22 29 30 31 32 34 36 37 38 39 40 41 42
1 4 7 8 12 13 15 16 18 20 23 24 27 28 29 30 31 33 34 35 37 38 39 40 41 42
2 4 5 7 10 12 18 20 23 25 26 27 28 29 30 31 32 34 35 36 37 39 40
3 4 5 6 7 8 11 12 17 19 20 21 22 23 24 25 27 28 31 33 37 38 39 40 42
4 8 9 11 12 14 16 18 21 23 24 25 27 33 35 36 37 38 39 41 42
5 6 7 10 12 14 15 20 22 23 25 27 28 31 34 35 36 37 38 39 40 41
6 8 9 11 13 14 17 19 20 22 23 30 31 32 33 35 36 37 38 39 40 41
7 8 9 10 14 15 16 17 18 20 22 24 26 28 31 32 33 34 35 36 37 38 39 41 42
8 10 12 14 16 17 22 24 25 26 29 30 32 33 34 35 39 40 41 42
9 10 11 12 13 15 16 17 19 21 22 24 25 26 27 28 31 34 36 37 39 41 42
10 12 13 18 20 22 23 25 26 28 31 35 37 38 39 40 41 42
11 12 13 14 15 16 17 18 19 20 22 24 25 29 32 33 34 37 39 42
12 13 17 20 21 23 24 25 26 27 29 31 32 33 38 39 40
13 14 16 18 22 23 24 29 31 33 34 35 36 37 39 40 41 42
14 16 19 20 21 22 23 25 26 27 28 30 32 33 35 36 37 38 40 41 42
15 17 18 21 25 26 28 29 30 31 32 33 34 35 36 37 38 39 40 41 42
16 22 23 27 30 31 32 33 34 35 36 37 38 39 42
17 19 21 22 23 25 27 30 31 32 33 35 36 37 38 41 42
18 18 19 21 24 26 27 28 29 31 32 33 34 35 36 37 38 39 40
19 21 25 27 28 29 32 33 34 35 36 37 38 39 40 41 42
20 21 22 23 24 26 29 31 32 33 35 36 38 40 42
21 21 23 24 28 30 32 33 34 36 38 39 40 42
22 23 25 27 28 29 31 32 33 34 35 36 37 38 39 42
23 29 31 34 35 37 38 39 40 41 42
24 25 26 27 28 30 32 33 34 35 37 38 39 40 41 42
25 25 26 28 30 31 32 34 35 37 38 40 41
26 27 29 30 31 33 34 35 36 38 39 40 41 42
27 28 29 30 31 32 33 34 36 37 39 40 41 42
28 31 32 33 35 36 38 39 40 42
29 31 32 35 36 37 38 39 40 41 42
30 31 32 33 34 35 36 38 39 40
31 33 34 35 36 37 40 42
32 33 36 38 41 42
33 34 37 39 40 41
34 36 37 38 41
35 35 37 38 39 42
36 37 38 40 42
37 38 40 41
38 40 41 42
39 41 42
40 41
41 42
42
