#refine.py
# GMT Tue Apr 30 15:50:02 2019
# 
29 26 35 41 8 3 17 0 16 9 19 31 10 5 23 18 20 42 1 22 33 21
14 24 10 17 16 31 42 4 1 37 27 36 3 5 19 2 40 20 12 13 34 30 25
26 27 6 36 17 13 16 9 21 31 2 40 35 18 4 38 12 42 24 30 28
35 27 6 41 8 3 40 0 19 31 34 15 22 25 12 13 24 7 30
41 27 28 3 5 0 19 36 2 34 15 23 18 4 39 13 22 25
17 10 5 30 16 31 9 32 27 2 15 23 18 4 12 13 7 22 33
16 23 28 8 3 33 19 27 39 10 36 1 13 24 7 6 30 37
21 6 28 3 5 33 11 19 2 40 9 18 25 38 12 42 13 1 37
31 28 3 11 27 30 40 15 23 20 39 12 42 24 22 34 1
10 6 15 22 18 4 42 24 23 28 8 40 19 32 7 20 38 1 25
15 24 0 6 37 23 11 9 2 18 20 1 42 13 7 22 4
6 24 27 37 3 40 19 2 25 38 1 7 22 39 4
18 24 8 33 11 19 2 34 23 4 39 12 25 13 36
4 36 27 37 3 40 0 33 11 19 32 34 9 20 38
1 28 8 34 40 0 11 2 5 20 38 27 13 37
42 39 36 27 22 37 8 40 0 11 32 2 5 38 24 30
22 36 25 40 23 33 20 38 12 7 39 30 37
36 39 7 27 37 3 40 0 11 5 9 20 12 13 25
24 25 23 37 8 2 34 39 9 20 38 12 13
23 3 37 11 9 32 34 25 39 12 33 28
28 39 25 13 7 27 0 19 32 34 9 20 38 12 30
8 3 40 0 11 9 32 33 2 34 39 20 7 30
3 7 40 11 5 32 2 34 39 9 19
40 0 33 11 32 39 12 13
37 11 33 34 38 7 0 30 20
0 27 9 32 19 2 34 12 7 5
33 11 9 32 2 39 25 13 19 30 20
11 27 20 5 12 7 34 30
19 32 5 20 25 13 30
32 9 39 38 13 7 5 34 30
27 25 38 2 39 12 7
2 39 25 7 5 2 9 30
5 34 39 9 20 38 25 13
39 20 38 13
9 20 38 12 13
20 38 12 30
38 25 34 30
12 25 7
13 34 7 13
7 30
34 25 30
30 25
25
