#kunkel.py
# GMT Sat Apr 20 01:08:38 2019
# 
0 4 5 7 8 11 12 13 14 15 16 18 19 24 27 28 29 30 31 32 34 35 36 37 38 39 41
1 2 5 6 7 10 13 17 20 22 24 27 28 30 32 33 35 36 37 39 40 41 42
2 34 3 4 37 6 33 8 41 15 17 18 35 20 22 24 25 26 38 36 31
3 4 7 9 11 12 14 16 18 21 22 23 24 26 27 28 29 31 37 38 39 42
4 5 6 10 12 15 16 17 18 24 25 26 27 28 29 31 32 37 40 41
5 37 7 8 10 14 15 40 18 42 20 21 24 25 26 28 29 30
6 7 8 9 11 12 15 16 18 19 21 22 25 26 27 29 31 34 36 38 39 41 42
7 34 36 32 8 9 10 12 42 14 17 19 40 23 28 29 37
8 33 35 9 11 15 17 19 20 21 41 25 38 28 29 37
9 9 10 12 13 14 15 17 20 22 23 25 27 28 29 30 34 37 38 39 40 41
10 12 13 14 15 17 20 23 24 25 26 30 31 33 35 36 38 40
11 12 13 14 16 20 21 22 23 24 25 30 33 35 36 37 39 40 41
12 13 14 15 16 19 20 22 24 28 29 31 33 36 37 39 42
13 35 38 39 40 14 15 16 17 19 20 41 24 26 28
14 17 20 21 23 24 25 27 29 30 31 34 37 40 41 42
15 33 35 16 17 18 22 23 24 36 26 38
16 17 18 20 22 23 28 29 30 32 33 34 35 38 41
17 32 37 39 40 18 42 21 23 29 30
18 18 19 20 21 22 26 27 30 31 34 35 36 37 40
19 33 34 37 38 41 42 21 23 24 25 26 27 29 31
20 35 36 39 21 25 26 28 42 30
21 22 24 28 29 30 32 33 35 36 37 38 42
22 23 24 25 27 28 29 30 33 35 36 39
23 24 25 26 30 31 32 33 39 40 41 42
24 26 27 30 35 38 39 42
25 26 27 28 34 35 36 37 39 42
26 28 29 31 32 33 34 39 40
27 30 31 32 33 34 35 36 37 38 39 40
28 30 31 32 35 38 40 42
29 30 31 32 33 34 35 39
30 34 35 41
31 33 35 36 37 39 40 41 42
32 33 34 35 36 37 38 39 40 41 42
33 34 35 38 40 41
34 36 37 38 39 40 41 42
35 36 38 42
36 40 41 42
37 38 39 40 41
38 40 41 42
39 41 42
40
41
42
