#kunkel.py
# GMT Sat Apr 20 00:59:55 2019
# 
3 7 36 2 21 8 4 32 31 42 13 12 35 18 1 16 23 39 17 25 22 27 5 26
33 6 39 2 8 32 1 38 13 37 40 12 21 14 20 23 29 24 25 22 27 30 0
19 25 39 2 21 8 31 38 13 40 18 20 16 23 5 15 29 36 17 0 22 30 26
6 21 1 41 16 36 5 15 29 38 31 40 23 32 17 26 27 42 30 24 25
41 18 21 26 16 7 39 15 31 8 9 23 32 0 22 12 20 34 5 40 28
7 25 39 10 2 28 11 1 38 14 13 16 23 5 29 9 26 22 27 30 0
39 35 20 16 36 15 29 8 24 9 25 22 27 34 38 13 28
10 35 18 34 23 15 2 21 4 1 36 11 17 25 22 27 42 37 24 0 32
2 35 34 23 15 4 9 32 17 12 11 31 20 13 30 0 21
31 18 36 15 29 4 42 0 27 12 20 34 13 5 40 25
8 34 4 32 1 14 37 12 16 23 30 15 24 9 36 17 22 40 5
4 34 32 1 38 13 37 12 35 21 16 23 30 15 29 40 28 27 5 26
28 30 18 13 20 16 23 5 29 32 17 22 34 42 14 37 24 25
32 25 36 42 37 24 16 38 9 17 0 22 5 26
42 35 21 22 36 29 40 9 17 25 11 27 12 13 30 24
1 36 11 34 14 37 12 18 13 20 23 29 9 17 26 25
34 18 21 14 20 16 36 27 5 26 13 37
38 35 16 29 24 9 0 11 27 13 37 40 12
13 36 11 14 37 35 20 16 30 40 26 5 25 21
37 18 15 29 24 17 11 26 40 25
40 16 36 30 15 9 23 17 26 27 12
12 35 21 16 36 15 9 18 27 14 0
35 36 11 24 35 21 20 23 15 29 17 0 22 26 25
18 36 21 11 20 29 9 0 22 27 26 30 25
21 16 23 30 9 17 25 26 5 0
14 20 26 16 5 15 9 11 25 27 30 24 0
20 15 23 36 11 17 25 30 24
16 36 24 23 30 15 29 9
23 30 29 22 5 0
5 36 24 15 17 22 27 30 0
15 11 29 9 27 26
29 24 17 22 26 25
24 30 9 25 27
9 11 25 27 30 0
36 17 26 0
11 17 25 22 30 0
17 22 27 26 30 0
25 22 27
22 27 30
27
26 30 0
30
0
