#kunkel.py
# GMT Sat Apr 20 00:59:04 2019
# 
33 19 6 41 7 36 4 8 32 1 38 37 40 12 35 18 16 29 39 28 27 26 30 25 21
19 6 41 7 36 2 18 34 13 37 3 35 31 16 29 9 39 17 0 27 30 26
6 29 34 0 16 36 10 2 31 8 40 39 32 12 22 1 38 14 3 26
41 34 7 36 4 8 1 42 13 37 3 12 35 18 14 23 38 24 39 17 22 5
7 34 7 36 4 28 32 1 14 24 3 35 21 20 40 9 17 12 22 25
36 10 2 32 34 42 13 37 3 35 21 14 20 23 29 9 11 22 30 0
10 18 13 22 16 15 2 4 0 32 25 11 31 12 20 42 14 26
2 25 39 31 32 42 13 37 35 18 14 30 15 17 26 27 5 28 21
4 18 25 34 23 15 32 21 8 11 26 22 27 38 30 12
8 39 34 14 37 24 35 31 13 20 23 15 9 17 25 22 30 26 21
20 14 27 16 39 15 29 40 9 23 32 26 22 1 13 30 24 28
32 34 32 42 37 3 35 18 16 30 15 29 38 24 39 25 40 5 0 21
42 35 31 34 15 18 23 28 1 12 30 38 14 37 0 21
1 35 18 25 16 39 29 31 40 34 11 17 12 14 24 28
34 31 13 18 23 15 29 9 0 28 27 5 25
38 35 18 30 5 29 24 17 0 11 26 37 40 28 21
13 5 16 15 37 39 11 17 26 22 27 30 3 28
37 24 12 31 23 29 3 9 39 17 22 40 30 28
40 31 0 39 15 27 24 9 17 12 11 3 28
12 28 14 3 35 21 16 9 17 26 27 5 0
35 39 14 24 23 30 29 3 9 17 27 5 25
0 5 22 16 15 18 24 23 17 11 3 30
18 39 14 24 21 15 9 11 26 22 27
14 31 11 23 15 29 17 28 5 25
31 29 16 24 21 3 11 17 25 22 26
16 25 39 21 24 16 23 15 29 22 27 5 26
23 5 26 25 30 15 9 27 28
5 15 25 24 39 28 17 27 30 3
15 39 3 30 29 9 11 28 27 26
29 21 3 9 39 11 17 22 26
24 39 3 9 11 22 26 21
3 21 11 22 27 25
9 25 17 28 22 27 21
39 21 11 22 28
11 17 28 27 30 26 21
17 30 21
28 26 22 25
22 27 26 30 21
27 30 25 21
26
30
25
21
