#kunkel.py
# GMT Sat Apr 20 00:55:58 2019
# 
33 35 18 29 22 16 23 10 27 2 4 8 37 36 32 39 11 1 26 30 24 12
19 41 36 10 31 8 32 42 14 37 40 12 35 18 20 23 30 29 9 11 27 5 21
34 35 21 6 41 7 23 15 36 4 24 39 17 28 22 31 38 13 5 3 0
41 30 18 23 10 2 24 40 9 32 22 27 6 42 13 5 3 0
7 30 13 20 0 39 10 15 29 4 24 37 36 17 12 27 6 14 5 3 25
36 36 10 2 4 8 32 1 6 38 13 37 18 20 11 25 22 27 5 26
10 39 2 4 32 14 12 31 16 15 9 17 28 22 26 5 0 21
31 35 18 13 6 16 23 15 38 20 9 11 17 1 42 14 5 24 28
2 35 18 6 39 29 38 4 8 22 27 42 13 40 25 21
21 35 29 26 16 39 15 4 8 3 17 28 27 6 42 30 24 0
8 20 16 39 28 29 18 24 23 11 12 22 1 13 14 40 26
4 35 27 16 18 24 40 1 6 20 42 14 30 3 12
32 28 11 1 42 13 37 3 35 16 23 30 15 9 17 26 22 27 5 0
42 6 39 1 37 40 18 20 5 29 24 0 22 27 30 26
1 28 14 37 24 12 35 29 3 9 11 17 25 22 5 0
6 39 11 37 24 12 16 23 15 29 38 3 22 27 40 5 25
38 35 18 20 26 16 5 15 9 23 11 39 22 27 37 3 25
14 16 39 28 29 40 9 23 11 17 0 26 30 3 25
37 0 18 20 16 23 15 29 40 11 17 28 27 26 25
40 39 11 3 12 35 20 16 30 15 25 22 5 26
12 35 20 0 27 9 11 17 28 18 13 5 25
35 39 18 28 3 29 24 9 11 17 25 27 0
0 39 24 18 20 23 9 17 25 26 30 28
18 28 11 20 23 15 3 9 25 22 5
13 15 29 9 39 23 26 27 17 5 24
24 11 23 15 9 25 27 26 5
16 20 15 9 28 27 5 30 26
23 25 39 20 3 17 22 28
30 20 15 22 17 28 11 27 3
15 25 39 29 9 28 22 26
29 39 3 17 25 22 27 5 28
20 28 9 17 26 22 27
3 5 17 28 27 25
9 39 17 22 27 26
39 11 17 26
11 17 26 22 27 28
17 26 27 5
28 25 27
22 25
27
26 26
5 25
25
