#kunkel.py
# GMT Sat Apr 20 00:52:31 2019
# 
33 19 20 41 7 39 30 18 8 24 9 0 32 37 12 22 34 5 3 25 21
19 6 41 7 39 10 2 4 8 1 38 13 40 12 35 18 16 15 17 0 22 26 30 28 21
34 6 7 2 4 32 1 34 13 3 35 31 14 20 16 15 29 9 11 17 0 27 25
41 6 39 4 8 11 42 14 24 12 31 20 23 30 15 38 3 9 17 27 40 28 21
7 35 16 39 37 15 2 31 4 9 32 26 27 40 14 30 24 25 21
39 36 10 4 8 11 42 1 38 37 3 12 20 16 29 24 40 27 25
10 25 36 2 4 32 42 14 37 31 13 16 23 29 9 0 27 26 5 28 21
31 36 32 14 24 12 35 18 13 20 23 15 29 40 0 28 27 30 26
2 35 12 16 18 24 9 32 25 22 6 20 38 14 37 42 28 21
21 35 6 23 15 18 8 24 9 17 0 20 38 5 42 25
8 16 36 15 29 18 23 0 11 12 22 27 38 13 37 25
4 32 1 6 42 14 35 18 13 23 15 29 17 28 22 27 30 25
28 35 18 6 15 29 9 11 3 0 1 12 20 13 40 25
32 35 16 36 29 5 23 11 17 1 6 38 37 24 25
42 0 18 6 23 29 24 11 12 27 20 38 13 30 40 26
1 35 0 16 23 15 29 11 17 26 22 27 6 38 14 24
6 36 14 40 12 18 29 38 9 17 0 22 30
38 13 37 3 18 14 20 16 15 29 9 36 25
13 36 11 14 24 35 23 5 15 29 40 9 17 30
37 14 3 35 18 20 23 40 11 17 26 22 27 30 25
24 14 3 12 35 18 5 29 17 22 30 25
12 36 11 14 35 18 20 23 40 17 22 27 5
35 36 14 18 16 30 29 40 9 0 5
18 11 14 23 15 29 3 17 26 30
14 36 20 15 17 26 27 25
20 25 15 3 9 23 11 22 0
16 29 15 36 0 11 5 3 25
23 36 15 5 17 0 26
5 11 15 9 36 17 25 22 40 3
15 25 36 40 3 17 0 22 26
29 27 3 26 22
3 30 40 17 22 27 9
9 25 36 11 17 22 30 26
36 17 25 22 27 30 0
11 40 17 27 26 30 0
17 27 40 26
25 30 0 22 26
22 30 40 27 0
27 40 26
40 26 30
26 30 0
30
0
