#kunkel.py
# GMT Sat Apr 20 00:51:43 2019
# 
33 19 10 4 8 32 1 14 37 24 12 35 18 20 23 30 15 40 9 11 22 5 26 21
19 25 6 39 10 2 28 1 42 14 37 40 12 21 13 15 3 9 26 22 5 0
25 18 34 7 39 10 15 29 4 3 5 23 11 22 1 20 42 14 37 38 28
6 35 18 20 16 7 39 10 15 31 8 9 36 37 17 28 1 30 5 26 21
41 35 31 16 36 2 18 23 39 11 17 28 27 26 42 13 37 40 0 21
7 39 10 31 8 28 32 42 38 14 37 3 21 20 16 23 15 9 11 27 26
39 36 10 31 8 32 34 38 14 40 12 35 21 13 16 29 11 17 26 27 28
10 35 14 28 15 18 8 36 26 27 34 42 13 5 40
31 2 21 32 1 34 38 13 24 12 18 29 40 36 11 3 22 30 26
2 35 13 20 16 3 37 27 29 40 32 42 22 1 38 14 5 24 0
4 18 34 23 42 15 24 9 28 32 17 26 22 1 40 20 38 14 37 3
8 21 27 16 36 15 23 32 17 22 1 34 42 14 30 40 12
28 18 29 17 22 27 40 34 38 13 37 24 12 21
11 36 3 13 37 24 12 35 14 20 16 40 9 17 26 22 30
1 29 16 24 36 30 15 23 40 20 38 5 3 21
34 42 38 13 37 40 12 35 14 16 23 30 24 9 5 21
42 16 15 40 9 32 17 27 14 24 26
14 0 24 35 18 20 29 36 17 26 21
37 36 32 13 3 12 18 29 0 22 27 26 5 21
24 35 29 27 23 15 38 9 0 22 12 40
12 21 38 20 16 15 29 3 9 17 22 27 5 0
35 18 30 16 15 3 23 17 36 5 40
18 36 32 3 20 16 15 29 40 9 17 5 0 21
13 30 29 16 20 9 23 0 22 27 26 21
20 36 32 16 15 29 9 0 27 5 21
16 21 3 15 40 17 5 0
23 36 32 38 5 15 3 9 0 26 27 40
5 21 32 38 29 9 17 22 30
15 32 29 40 9 17 22 30
29 0 32 30 3 9 17 27 40
38 0 30 9 17 22 36
40 0
9 3 17 26 27 30 0
36 30 27 32 17 22 0
32 17 22 3 0 21
3 17 22 27 30 26
0 17 27 30
22 30 17 27
27 21 17 27
17 30 26
30 26
26
21
