#kunkel.py
# GMT Sat Apr 20 00:50:39 2019
# 
33 6 41 7 39 4 8 11 1 38 14 37 24 18 13 20 5 15 29 40 17 0 22 30 25
19 34 7 36 31 4 32 42 38 14 3 18 20 23 5 24 40 17 28 27 26 30 0
6 35 21 2 34 41 7 39 10 29 25 31 23 30 0 12 20 5 40 26
41 35 18 16 39 30 29 8 40 28 32 12 1 20 42 14 5 3 25
7 35 2 16 28 36 10 15 29 9 23 17 12 22 20 14 5 24 0
39 10 8 32 1 38 24 12 35 31 20 16 23 15 3 9 11 0 40 28
10 18 29 23 24 2 31 8 4 32 1 20 34 13 3 12 21
31 35 29 16 2 18 8 4 9 37 25 27 40 20 34 30 42 12
2 36 4 8 28 34 38 13 37 35 14 20 16 29 17 0 22 25 21
4 35 20 16 15 18 24 37 11 17 22 30 38 14 5 40 3
8 25 18 11 1 14 37 3 12 35 20 9 28 22 27 5 26
28 21 32 1 38 14 42 35 18 13 29 40 17 22 27 30 26
11 34 32 1 42 13 3 18 16 23 15 29 36 11 17 22 27 30 26
42 18 13 20 36 30 15 9 25 12 26 38 14 5 40 21
1 35 21 30 34 16 18 17 0 26 38 37 3
34 32 34 14 37 3 35 18 13 16 15 17 0 22 27 30 26
38 25 32 14 37 3 12 35 21 15 9 36 26 27 30
14 13 24 18 16 23 15 3 9 17 27 21
37 35 22 23 29 25 9 17 12 27 26 5 40 0
24 13 20 16 29 18 9 36 32 17 0 22 40 12 21
12 32 13 35 16 29 36 17 26 27 5 0
3 23 32 15 29 9 36 17 22 5 26
35 0 18 23 15 29 36 27 26 30 25 21
18 36 13 20 5 15 29 0 27 30 25 21
13 25 36 32 21 20 16 23 15 40 26 22 27 5
20 32 40 16 23 15 9 22 27 25
16 32 5 40 9 36 30 26 21
23 25 21 29 40 9 17 0 27 5 26
5 36 15 40 9 17 22 27 25
15 32 29 9 17 0 22 27 26
29 32 22 40 30 21
40 32 40 9 17 22 27 21
9 30 36 32 22 25
36 32 0 27 30
32 0 27
17 0 21 27 26 30 25
0 27 26 25
22 25 27 30 26
27
26 21
30 25
25 21
21
