#kunkel.py
# GMT Sat Apr 20 00:46:42 2019
# 
33 35 18 20 39 10 31 2 19 11 17 25 22 27 34 42 14 37 40 12 21
19 25 41 10 2 4 32 42 1 38 14 37 3 12 31 20 16 5 15 9 11 26 27 30 28 21
34 41 7 36 4 8 42 1 38 37 40 12 35 31 23 15 24 39 25 22 27 30 28
41 6 0 36 31 28 1 42 14 40 18 16 23 15 29 9 26 27 30 25 21
7 10 21 8 11 42 31 6 38 13 37 3 12 18 5 15 29 24 25 26 30 28
39 35 21 26 36 29 4 20 9 32 17 12 11 1 6 42 13 37 25
10 6 10 2 18 8 32 1 42 14 3 12 35 31 13 20 24 11 17 28 25
2 35 6 26 16 23 18 8 4 9 32 12 22 31 20 42 3 0 21
31 4 6 38 14 37 40 35 21 13 20 23 29 0 27 28
8 20 28 36 15 24 9 23 11 17 26 1 12 6 13 37 42 0
4 14 32 23 30 36 11 22 27 6 20 38 13 37 0
11 25 20 27 36 23 9 42 12 1 38 13 24 0 21
1 35 26 15 32 21 17 25 22 27 20 13 37 24 28
6 18 36 20 23 9 17 26 22 27 38 5 3 0
42 38 24 12 18 23 15 29 36 17 22 27 5 28
14 36 28 38 13 24 12 18 23 30 15 29 26 22 27 5 0
37 36 32 13 3 12 18 20 30 29 40 17 5 21
40 35 30 16 5 18 3 9 0 32 17 28 22 26 38 24 25
12 38 12 35 21 23 5 15 29 3 9 0 30 25
35 18 32 24 20 30 3 9 36 17 0 22 5 25
0 13 24 18 20 16 15 17 27 5 28 21
18 16 36 15 24 5 23 32 3 26
13 25 32 38 20 16 23 15 29 9 22 26
20 16 15 29 9 36 17 28 26 5 21
16 29 15 24 9 3 28 22 27 17 38 30 21
23 36 32 3 5 15 29 9 17 26 30 28 21
5 25 38 24 15 29 3 9 28 27 26
15 21 32 3 30 25 22
29 30 36 9 32 17 25 22 24
38 36 32 3 17 28 22 27 26 30 25
24 27 36 21 25 22 30
3 36 28 22 27 26 21
9 26 17 36 30 28
36 32 25 28
32 26 30 25
17 30 27 22 28
28 25 26
22 21 25 30 26
27 25 21
26 21 26
30 25
25
21
