#kunkel.py
# GMT Sat Apr 20 01:08:11 2019
# 
33 6 7 39 10 2 31 8 4 32 38 37 40 12 18 20 16 3 11 0 22 26 21
19 6 7 36 10 2 11 34 42 37 3 12 35 23 15 24 9 39 28 22 27 30 0
25 41 7 10 2 18 11 42 13 37 24 12 35 31 14 20 23 29 38 3 17 22 27 30 25 21
6 35 34 41 7 23 5 2 31 8 9 39 11 18 1 30 24 26
41 0 39 2 4 8 32 42 1 38 14 24 12 31 20 16 15 9 36 28 5
7 18 28 11 1 42 3 12 35 21 20 16 23 30 15 17 26 22 5 0
39 35 27 36 10 15 29 31 4 9 23 11 17 1 42 14 5 40
10 35 13 20 16 5 29 31 36 32 17 11 12 38 14 30 40 28
2 36 18 8 11 1 14 37 40 35 21 13 20 15 29 0 28 5
4 34 18 32 42 37 12 35 21 16 23 30 29 9 11 28 22 27 5 26
8 32 1 34 42 37 3 35 20 23 29 24 40 9 11 17 27 30 26
28 32 1 42 13 3 35 14 16 15 29 40 9 11 17 22 27 26
11 32 1 34 13 3 18 14 16 5 24 17 22 40
42 35 20 31 29 24 9 0 17 22 27 26 30 40
1 31 38 13 37 12 35 21 16 30 15 29 9 17 5
34 35 18 16 36 30 29 23 26 31 40 20 13 37 3 12
38 35 21 20 23 15 31 40 9 32 17 0 5 26 13 30 24
14 0 13 37 40 12 35 20 16 30 3 9 36 17 22 27 5
37 32 3 35 18 31 23 15 9 17 22 27 30 0
40 35 31 13 16 23 15 9 36 17 26 27
12 36 3 18 31 16 23 29 9 26 27 0 21
35 31 18 20 15 24 36 22 27
18 0 16 30 15 20 32 17 27 13 3
31 32 13 21 29 9 36 22 27
13 32 3 20 30 15 29 24 9 22 27 26 5 21
20 36 32 3 15 9 17 26 22
16 21 36 15 27 0 30 3 32
23 26 30 24 9 36 22 27 3 21
5 21 27 24 32 15 22 26 3 0
15 32 3 36 22 27 26
29 24 3 9 36 17 22 26 0 21
24 21 3 9 17 0 22 27 26
3 0 21 17 26
9 32 26 27 30 21
36 21 32 17 22 30 0
32 27 0
17 30 22 0
26 30 0
22 0 21
27
30 21
0
21
