#kunkel.py
# GMT Sat Apr 20 00:42:12 2019
# 
33 18 29 1 41 16 23 5 2 4 9 17 25 22 27 30 42 37 24 28
19 21 6 41 16 39 10 29 31 8 4 0 32 3 12 11 27 34 38 37 24 25
36 18 6 41 16 23 10 15 4 0 32 17 25 22 12 38 13 37 42 28 21
6 35 41 7 23 15 29 31 4 32 3 26 1 40 38 14 30 24 28 21
41 7 39 4 32 1 34 38 13 37 40 20 23 24 11 17 28 27 5 0
7 39 10 18 32 1 34 14 40 35 31 23 15 29 3 0 11 25 22 27 5 26
39 35 18 20 16 10 15 4 9 32 17 28 22 40 30 11 37 38 12
10 34 2 21 32 38 13 42 18 14 16 23 15 9 11 25 22 30 0
2 35 21 34 23 15 29 4 40 1 11 17 22 27 5 42 14 37 3 26
4 8 32 42 1 38 14 24 12 35 31 20 15 9 25 0
8 25 34 0 32 13 37 3 31 24 23 5 15 40 9 17 28 22 27 30 26
32 1 34 38 13 37 24 18 20 16 30 3 9 17 27 40
1 34 13 37 3 35 18 31 14 16 23 15 24 9 25 27 30 0
34 13 3 12 35 21 14 20 16 23 24 9 11 28 0
42 35 18 13 23 5 11 12 22 38 14 30 29 26 21
13 25 14 24 12 18 13 20 16 29 38 3 11 17 28 26 5 0
37 29 16 15 31 3 23 12 18 14 40 25 0
24 25 5 15 31 20 26 18 38 30 40 28
12 35 18 14 16 23 17 22 31 20 5 40 28 29
35 11 14 40 35 18 5 3 9 17 25 22 30 26 21
18 25 14 3 31 20 16 23 30 0 22 26 40 28
14 5 27 31 38 20 28 3 21
31 15 29 9 25 22 40 26 21
16 27 11 29 9 17 0 22 5 26
23 40 29 38 9 28 22 5 25
5 11 3 21 20 15 9 0 27 40 26 30 25
15 29 0 11 17 26 22 38 28
29 21 11 38 3 20 40 9 22 25
38 3 21 20 17 22 27 30 26
20 40 30 3 9 11 25 22 0 21
3 0 21 28 22 26 25
9 25 30 11 17 28 22 26
0 11 40 17 27 21
11 26 28 22 27
17 28 22 27 26 30
28 21 22 27 30
22 27 26
27 40 21 30 25 26
40 26 25 21
26
30 21
25 21
21
