#kunkel.py
# GMT Sat Apr 20 00:41:33 2019
# 
33 19 6 7 36 2 31 32 42 14 3 12 18 13 29 38 11 26 22 27 5 28 21
19 7 36 2 4 11 1 42 40 12 35 20 16 23 15 3 39 0 22 27 5 25
25 35 13 34 7 23 15 21 8 9 39 11 17 26 42 14 37 38 28
6 41 7 36 10 4 8 32 42 38 13 40 18 16 23 5 15 29 3 11 22 27 30 26
0 20 41 7 36 5 27 4 8 40 17 26 22 1 42 14 30 24 12
7 34 39 2 4 28 13 24 35 18 16 23 29 40 9 36 27 26
36 35 14 34 10 2 4 8 24 32 17 26 1 20 38 13 3
10 35 30 29 34 41 16 39 5 2 4 8 32 17 11 27 38 14 37 40
2 41 31 8 32 38 37 42 35 21 20 16 5 15 40 9 17 30
18 41 21 8 42 13 37 40 12 35 31 14 16 23 15 29 17 22 27 28
8 21 11 1 38 13 37 42 12 35 20 23 5 29 40 9 26 22 27 30
4 35 34 41 23 27 29 31 20 32 12 11 1 38 24
11 1 42 37 24 35 20 16 23 15 29 38 3 27 5 28
1 35 34 41 37 32 9 39 22 27 12 38 5 3 28 21
34 41 42 37 40 35 31 16 23 15 29 3 39 17 26 5 21
42 39 31 32 13 37 24 12 20 29 40 17 26 27 21
14 31 41 16 15 29 24 9 17 22 12 30 13 5 40 28
37 31 29 27 32 15 40 9 20 13 38 28
3 35 16 32 5 15 29 31 23 28 22 30 24 12 21
12 41 39 13 12 35 31 16 23 38 40 9 17 30 21
41 39 32 24 35 13 23 15 17 28 27 26 30
35 31 38 20 23 5 15 24 22 30 21
31 39 24 13 20 16 23 5 15 9 27 30
13 16 30 5 39 17 22 38 21
20 32 16 30 15 39 26 40 24
16 32 38 23 29 24 9 22 40 30 26 21
23 9 17 26 30 24 21
30 15 39 38 5
15 38 40 9 17 28 22 26 21
29 39 32 24 9 22 5 28 21
38 9 39 22 28
24 40 9 32 27 28 21
40 39 21 40 9 28 22 26 5
9 21 32 17 26 22 27
39 32 17 28 22 27 26
32 21 17 26 22 27 28
17 21 28 27 26
28 28 27 26 5
22 27 26
27 26 5 21
5 21
26
21
