#kunkel.py
# GMT Sat Apr 20 00:40:22 2019
# 
33 33 19 34 0 39 10 2 32 1 37 3 12 20 16 23 29 24 9 17 28 27 5 26
19 31 13 34 11 39 15 1 21 8 4 9 32 0 22 27 20 42 14 37 25
25 35 6 27 39 10 2 8 9 23 32 17 11 1 20 42 14 30 24 12
34 6 41 7 36 10 2 4 8 1 38 13 42 21 16 5 24 17 22 30 26
0 35 6 41 16 7 15 4 8 3 32 28 18 31 38 13 40 24 12
7 6 41 39 10 31 8 4 11 42 3 18 20 16 23 30 15 24 36 17 22 27 5 28
39 6 41 10 1 42 24 35 31 16 23 15 29 38 40 9 28 22 30
10 41 4 8 11 1 38 3 35 18 16 23 30 29 24 17 27 40 5 21
2 18 14 16 36 5 29 31 9 23 42 28 22 1 20 38 13 37 3
21 6 41 36 32 14 37 40 31 13 20 16 23 29 24 9 11 17 27 28
8 36 31 4 32 42 14 37 24 12 18 15 38 40 11 27 26
4 41 36 28 1 6 38 13 37 12 31 14 30 29 9 26 22 27 5
32 6 36 31 28 14 40 12 35 18 13 16 15 24 9 17 22 27 26 5
1 23 16 36 9 11 17 28 22 27 5 6 13 37
6 42 13 37 24 12 35 18 20 5 29 38 3 30
42 41 11 38 14 42 18 23 5 15 29 36 28 30 26
14 40 35 20 16 23 30 29 24 9 11 17 22 26 5 28
37 41 38 40 12 35 18 31 20 16 30 29 24 9 17 22 5 26
3 18 29 23 15 40 9 36 28 22 27 13 30 24
12 35 18 16 23 30 9 28 17 20 27 5 26 24
41 41 28 11 31 13 40 18 20 23 15 38 17 26 22 30
35 36 38 31 13 16 23 15 29 11 17 28 26 30
18 26 29 16 40 28 17 20 13 38
31 29 9 36 23 28 11 27 38 13
13 27 23 15 40 30 24 26
20 11 38 16 23 15 29 17 22 27 30
16 40 9 36 11 5 26
23 5 28 17 30
30 29 40 22 27 28
15 28 36 17 22 11 27 26 24
29 11 5 29 24 36 17 22 27 40
38 11 36 17 26 22 27 5
24 40 36 22 26
9 27 28 36 40 26
36 27 17 26
11 40 27 5
17 27 5 26
28 5
22 5 27 26
27 5 40
40
5
26
