#kunkel.py
# GMT Sat Apr 20 00:39:51 2019
# 
39 41 7 36 10 21 8 1 42 14 40 31 13 20 38 3 9 25 22 27 26 30 28
33 19 6 7 36 2 31 8 32 13 37 3 18 20 16 23 15 24 11 17 28 22 30 26
19 18 41 16 7 23 10 1 38 4 3 0 36 11 12 27 26 42 40 24 28
25 34 36 10 31 11 42 37 3 12 35 18 16 23 30 15 29 40 9 17 28 22 5 0 21
6 13 34 41 16 36 37 29 38 4 8 24 11 17 22 27 42 14 30 40 0
41 11 42 13 37 3 12 35 21 15 29 40 9 36 17 28 22 27 5 0
7 7 36 10 4 32 13 37 40 12 35 31 20 30 15 3 9 11 28 22 27 5 0
36 2 18 34 42 3 0 31 23 15 29 40 9 36 17 26
10 35 18 34 5 4 40 23 32 0 11 31 38 30 24 21
2 21 34 26 42 15 1 4 8 9 11 17 12 22 27 20 38 5 24 28
18 35 14 20 28 29 31 4 9 23 12 1 26 38 13 37 3
8 4 32 34 38 13 37 3 12 21 14 20 16 23 30 24 11 17 26 40 5 0
4 4 1 42 14 37 3 35 16 23 30 24 9 27 5 28 21
32 35 31 20 16 15 29 21 40 9 17 27 30 38 5 24
1 35 16 5 15 38 9 23 11 3 0 22 27 42 37 24 26
34 5 21 0 23 15 29 9 11 17 30 38 13 37 28
42 11 38 37 3 35 31 20 16 29 17 22 30 0
13 38 14 37 12 35 31 16 23 15 9 0 27 26 21
37 14 3 35 20 29 40 0 27 26 5 28
3 11 14 35 16 23 15 22 27 5
12 29 20 23 15 9 17 0 22 27 38 5 24 21
35 31 20 16 30 15 29 40 9 17 26 22 5
31 28 38 14 23 29 9 11 22 27 5 26
14 5 16 30 23 17 26 22 27 40 24 28 21
20 24 16 23 30 15 29 38 28 27 5 0
16 0 24 21 15 9 27 40 28
23 24 29 9 22 40 21
5 28 38 15 24 11 17 22 26 0
15 26 29 28 17
29 40 38 9 11 28 22 27 21
38 22 30 40 21
24 27 9 0 22
9 0 11 30 26
0 30 17 22
11 27 30 28 22
17 40 21 22 27 30 26
28 40 26 27
22 21 27
27 30 40
40 21
30 21 26
26
21
