#kunkel.py
# GMT Sat Apr 20 00:31:16 2019
# 
3 35 18 29 27 16 36 5 15 2 4 8 9 11 26 1 12 38 13 37 0
33 35 5 19 29 6 41 7 39 10 15 2 21 8 9 17 1 34 42 30 40 26
19 34 41 7 39 8 32 14 37 40 12 35 23 15 9 0 11 17 28 27 30 25
25 34 7 36 10 2 4 32 42 13 24 12 35 31 20 16 29 38 40 0 27 5 28
6 31 1 20 7 23 10 29 4 40 9 37 32 17 12 11 27 38 30 24 0
41 39 2 4 8 1 42 14 37 24 12 20 30 15 29 38 28 22 27 5 0
7 39 10 4 28 1 34 42 14 24 12 18 31 23 15 29 36 26 0
39 34 36 10 2 4 32 42 14 40 35 31 13 5 29 38 9 22 30 28 21
10 35 21 2 10 15 29 31 8 13 11 37 26 42 14 30 24
2 0 34 38 14 42 35 21 16 23 15 29 9 36 27 5 28
4 31 16 37 28 23 21 4 36 17 1 27 42 14 30 0
8 35 34 15 1 21 9 12 22 27 5 20 42 13 37 38 28
32 21 32 1 42 13 24 35 18 14 20 16 23 15 29 38 26 22 27 30
1 34 38 14 37 12 31 20 23 15 40 9 11 0 21
34 21 38 13 40 12 31 14 20 16 23 24 36 28 27 26 5
42 24 18 31 16 5 15 9 11 17 22 30 21
14 40 18 20 16 29 24 9 36 11 26 22 30 0
37 35 16 36 27 40 23 12 22 24 26 21
40 36 11 38 24 12 16 9 17 22 27 26 30 0
12 36 11 38 24 35 18 20 16 30 29 0 26 5
35 36 24 16 23 5 15 11 17 22 27 30
18 31 20 23 5 24 9 28 17 22 26 38 13 30 0
21 31 16 23 15 11 0 22 13 26 21
13 5 31 0 15 23 36 11 17 26 27 20 30
31 11 24 16 23 29 36 17 22 27 26
16 20 15 29 9 11 28 26 5 0
23 36 30 15 29 9 17 22 5 0
30 36 29 38 17 26 28
15 36 20 29 9 17 22 27 5 26
29 38 24 9 17 28 26
38 36 28 20 24 11 0 22 27
20 27 9 11 26 28 5
24 9 11 17 28 22 26 5
9 11 17 27 28
0 11 17 28 5
11 36 17 22 28
17 27 26
28 5 36 26
22 36 5 27 26
27 26
36 26
5 26
26
