#kunkel.py
# GMT Sat Apr 20 00:29:27 2019
# 
33 35 19 24 41 16 7 23 10 15 31 8 4 39 32 11 1 30 38 37 40 26
19 25 6 41 7 39 4 8 1 42 40 12 35 18 31 20 24 9 36 0 27 26 5 28 21
25 34 7 36 10 8 11 1 14 3 35 20 16 23 30 29 40 9 17 26 22 5 0
6 34 41 10 4 8 11 13 37 3 18 24 16 23 30 29 40 9 17 27 5 0
41 36 2 4 11 1 34 38 14 37 3 35 31 20 15 17 27 30 0 21
7 24 16 39 30 15 1 38 31 4 9 36 22 27 42 40 3 12 21
39 34 36 10 2 11 38 14 37 3 18 16 23 29 24 9 28 22 30 26
10 2 21 11 42 38 13 37 3 31 16 30 15 29 17 26 22 27 5
2 35 21 13 34 38 26 3 32 12 11 27 40 20 42 14 37 24 28
4 35 37 29 31 8 9 0 12 1 27 30 14 5 3 28 21
8 35 16 36 29 8 40 23 17 28 27 12 34 38 30 24 26
32 35 18 3 23 37 15 40 9 0 11 17 26 1 42 14 5 24 28
42 35 34 16 23 15 31 17 26 27 20 13 5 24 28 21
1 36 28 38 14 24 35 15 29 3 9 0 17 26 22 27
34 35 18 13 23 31 24 9 11 17 22 14 30 38
38 36 18 11 14 37 40 12 35 21 20 23 29 27 5 28
13 36 31 37 24 12 18 20 16 23 30 15 3 17 27 40 5 0
37 36 40 31 14 20 16 15 29 3 9 17 22 0
24 21 40 18 20 23 30 29 36 17 5 28
12 36 11 12 35 18 20 16 23 15 28 22 27 30 26 21
14 18 20 16 15 29 36 17 0 22 5 26 21
35 36 40 18 16 23 15 22 27 5
18 21 20 23 15 29 3 11 17 22 27 26
31 36 28 40 21 23 30 29 9 0 22 5 26
21 11 3 16 5 29 40 17 22 27 30
20 36 11 23 15 40 9 3 22 27 5 26
16 0 11 3 23 15 9 17 28 5
23 15 29 28 22 26
5 36 15 9 11 0 27
15 3 30 29 40 11 22 26
29 0 11 3 36 28 22 27 26
40 0 40 11 28 22 26
9 30 36 17 26 3 28
36 11 30 17 22 27
11 0 17 26
3 0 17 26 22 30
28 17 26 22 0
22 0 17
27 26
17
30 26
26 0
0
