#kunkel.py
# GMT Sat Apr 20 00:28:58 2019
# 
33 35 19 41 16 7 23 10 15 31 8 4 37 39 32 11 1 40 38 30 24 26
19 6 41 7 39 31 8 4 28 1 42 24 12 35 18 20 40 9 36 0 27 26 5 25 21
6 34 41 10 4 8 11 3 13 37 24 18 16 23 30 29 40 9 17 27 5 0
41 36 2 4 11 1 34 38 14 37 3 35 31 20 15 17 27 30 0 21
7 3 16 39 15 27 31 4 9 36 42 12 22 1 40 38 30 24 25 21
39 34 36 10 2 11 38 14 37 24 18 16 23 29 3 9 26 22 30 28
10 2 31 11 42 38 13 37 3 21 16 5 15 29 17 25 22 27 30 26
2 35 21 14 34 24 3 28 32 42 12 11 27 20 38 13 37 40 26
4 35 37 27 29 31 8 9 28 12 1 30 14 5 3 0 21
8 35 26 16 36 29 8 24 23 17 28 27 12 34 38 30 40 25
28 29 31 0 16 24 9 23 32 17 26 22 1 42 40 38 12
32 35 18 24 23 5 15 40 9 11 17 26 1 42 14 37 3 0
42 35 34 16 23 15 31 17 27 20 13 5 24 26 21
1 36 38 14 3 35 15 29 24 9 17 25 22 27 26 0
34 35 18 14 23 38 31 9 11 17 22 13 30 24 25
38 36 21 11 14 37 40 12 35 18 20 23 29 27 5
14 25 37 18 20 16 15 29 36 17 0 22 5 26 21
37 36 3 31 13 20 16 15 29 40 9 17 22 0
40 0 21 13 40 35 31 20 15 24 11 25 22 26
12 36 11 13 12 35 18 20 16 23 15 26 22 27 30 21
35 36 18 16 23 15 22 27 5 25
18 3 21 13 20 23 15 29 24 11 17 22 27 26
31 36 13 21 23 30 29 9 0 22 26 5
21 11 24 5 16 30 29 3 17 22 27
20 36 11 24 13 23 5 15 3 9 26 22 27 25
16 11 3 13 23 15 9 17 25 5 0
23 13 24 15 29 25 22 26
5 36 13 24 15 9 11 25 27 0
15 13 30 29 3 11 22 26
29 0 36 11 3 24 25 22 27 26
24 13 36 17 30
9 30 36 17 26 3 25
36 11 13 30 17 22 27 25
11 17 25 26 0
3 13 17 25 22 26 30 0
25 17 0 22 30 26
22 0 17
27 26 13
17 13
13 30 0
30 26
26 0
0
