#kunkel.py
# GMT Sat Apr 20 00:18:26 2019
# 
33 35 18 36 16 23 37 31 19 40 39 17 28 22 27 42 5 3 0 21
19 34 0 7 10 2 31 8 11 42 1 38 14 3 35 18 13 23 15 29 24 26 22 27 40 25
34 29 6 27 36 10 2 21 8 40 9 28 13 12 22 1 26 14 37 3 25
0 6 41 7 36 10 32 31 8 4 39 24 17 22 18 27 30 3 12 21
7 6 41 7 39 2 4 8 32 42 24 12 31 16 23 3 9 28 27 40 26 21
39 31 29 20 16 36 5 28 2 18 4 23 11 27 40 13 37 24 25
10 6 41 4 8 32 1 42 24 18 20 23 15 29 40 9 11 17 25 22 26 5
2 41 28 15 18 8 4 23 11 17 26 38 14 30 25 21
31 28 32 1 42 13 12 35 18 14 20 5 15 17 25 27 26 30
8 16 29 4 3 28 32 42 12 6 38 13 5 40
4 41 28 14 37 24 18 13 20 16 5 29 3 36 25 40 30
11 6 41 36 29 18 40 9 14 17 21 20 38 13 30 3 28 42
1 41 36 32 6 37 24 35 20 16 23 15 29 9 17 22 27 30 28
6 30 21 27 36 15 32 9 37 22 20 14 5 3 12
20 41 32 38 13 37 35 18 14 16 23 15 29 9 27 30 25
42 35 13 32 41 16 15 29 40 9 37 22 14 5 3
13 32 38 12 35 23 29 3 9 17 27 5 26 21
37 14 37 24 35 18 16 5 9 17 28 22 26 30 25
40 35 16 23 15 32 9 17 28 27 24 12
12 35 41 16 36 30 24 9 23 32 38 5 3 28
41 21 29 36 3 17 22 38 14 30 25
35 14 36 5 29 24 23 25 22 26 38
18 25 32 38 16 23 15 9 36 17 5 26
14 16 36 15 22 27 3 25 21
24 28 32 23 15 3 9 17 25 27 26 5
16 23 15 29 38 36 17 26 25 21
23 36 21 38 9 26 22 27 30 25
30 32 27 28 17 25 22 26 38 3
15 9 28 32 26 5 3 25 21
29 36 28 32 26 22 3 25
38 32 5 26 22 3 21
3 36 21 17 22 27 5
9 21 17 25 22 27 28
36 32 17 26 27 5
32 28 17 26 22 27 21
17 25 26 21
28 26 5
22 21 5 25
27 5 25 26
26 5 21
5 21
25 21
21
