#kunkel.py
# GMT Sat Apr 20 00:08:44 2019
# 
33 35 18 36 23 5 38 31 24 39 17 28 22 27 40 30 42 37 3 0 21
19 31 2 6 41 23 32 4 20 3 0 11 17 25 22 1 12 26 38 37 24 28
25 34 41 39 10 2 31 4 14 37 24 35 18 20 16 23 15 29 9 17 22 27 30 21
6 5 34 7 36 10 15 32 21 8 3 9 11 0 22 1 20 14 37 24 12
41 29 20 7 36 10 2 4 3 11 17 0 22 1 12 38 14 42 21
7 7 39 2 4 8 32 42 3 12 31 24 16 23 40 9 0 28 27 30 26 21
39 31 29 20 0 16 36 5 2 18 4 23 11 28 27 40 13 37 24
10 4 8 32 1 34 42 40 18 20 16 23 30 15 29 9 0 11 17 26 22 5
2 34 23 15 18 8 4 11 17 26 38 14 30 28 21
31 0 28 32 1 42 14 24 12 35 18 13 20 5 15 17 26 30
8 5 0 29 38 4 3 32 12 27 34 42 13 30 40 28
4 28 13 37 3 18 14 20 16 29 40 36 27 5 0
11 18 13 36 38 21 40 9 17 28 20 42 14 30 3 29
42 35 14 15 29 3 9 32 22 27 5 30 13 37 40
3 36 34 13 24 12 21 14 16 30 15 29 38 17 22 5 0
20 32 1 38 14 37 24 35 18 13 23 15 29 9 27
38 35 22 23 5 21 32 26 18 27 13 30 12
14 35 21 36 37 15 34 22 27 30 24
37 34 1 37 35 18 16 9 17 28 22 27 5 26
24 32 1 34 13 40 16 23 30 9 36 26 5 0
12 35 16 36 40 9 23 32 0 27 34 13 5 28
35 13 16 36 29 5 23 22 1 26 30 40
18 32 23 5 15 9 36 17 0 27 30 26
13 34 32 21 23 5 29 9 17 30 26
1 36 32 34 16 23 15 29 9 17 22 27 30 28
16 0 32 23 30 15 40 9 17 28 26 5
23 36 21 40 9 26 22 27 30
30 34 15 29 0 22 26 40
15 21 27 26 40 9 32 28 5
29 36 28 27 32 26 22 34
40 34 9 32 17 28 27
9 21 34 17 28 22
36 32 34 17 0 27 5 26
32 28 17 26 22 0 21
17 0 27 26 21
0 21 22
22 34 21 5
27 21 26
26 34 5 26 28 21
34 21 28
5 21 28
28
21
