#kunkel.py
# GMT Sat Apr 20 01:07:40 2019
# 
33 35 18 34 16 7 39 10 38 21 11 9 28 32 12 22 1 26 42 5 24 25
19 6 41 7 39 2 31 32 1 34 38 42 21 20 23 15 3 9 11 17 26 22 5 28
36 7 10 2 31 8 11 42 14 37 40 35 21 20 23 30 15 24 9 26 22 5 28
34 6 2 4 1 37 12 35 31 20 16 5 15 29 9 0 22 27 30 26 21
41 18 6 0 16 7 39 37 15 31 8 9 26 1 20 42 14 5 3 28 21
7 6 4 8 32 42 1 38 14 3 20 15 29 24 39 17 22 30 28
39 2 21 32 1 14 24 35 18 13 16 23 29 3 9 11 17 30 25
10 18 28 23 30 15 2 31 4 9 11 0 27 42 13 37 24 25
2 4 8 6 42 13 37 40 12 21 14 20 16 23 5 15 29 22 27 30 0
21 4 8 32 1 6 42 14 37 40 35 31 13 20 16 11 17 28 25
8 4 32 1 38 13 37 3 12 20 5 15 29 40 11 17 30 25
4 27 23 29 31 9 32 17 0 1 38 13 30 40 28 14
28 6 32 1 24 12 18 31 20 16 15 11 17 25 26 30 0
11 6 18 1 38 40 35 31 20 23 3 9 0 22 30
1 32 1 42 14 37 24 23 29 40 9 17 22 27 5
6 14 37 3 35 18 13 20 15 29 9 25 27 26 30
38 3 14 16 23 29 18 32 17 26 22 31 13 5 24 0
13 32 31 14 42 12 35 18 20 30 29 24 27 5 25
37 29 16 15 18 3 9 23 17 14 5 40 25
42 25 24 12 14 30 29 3 26 22 27 40 0
12 18 40 31 20 16 23 15 29 9 17 25 22 27 26 5
35 31 32 14 3 20 16 23 15 24 9 17 0 22 26
18 32 40 14 16 30 15 24 17 26 22 5
14 16 31 9 23 27 40
31 16 15 23 32 17 40 24
16 30 26 23 22 20 3
23 3 20 30 15 29 5 26
30 32 29 9 25 22 27
15 29 27 9 0 3
29 9 17 0 20 24
20 32 24 9 17 26 0
24 0 32 40 9 17 27 5 26
9 3 17 25 22 0
0 32 3 17 25 22 27 5
32 40 5 25 22 27 26
3 40 17 26 27 5 25
25 22 27 5 26
22 27 17
27 5 17 40
40 5 17 26
17
5 26
26
