#kunkel.py
# GMT Fri Apr 19 23:55:14 2019
# 
33 19 34 36 10 2 31 4 1 14 37 40 35 18 13 20 23 29 9 17 25 26 30 28 21
19 34 41 39 10 4 8 32 1 38 13 24 12 31 20 29 3 11 17 0 22 40 28 21
34 10 2 4 32 38 13 37 24 12 35 18 16 23 5 29 3 11 17 22 30 28
41 35 6 16 7 39 37 15 4 23 25 22 31 12 13 30 3 0 21
7 18 20 27 36 10 15 29 31 24 17 0 22 1 6 26 38 30 3 25 42
39 35 6 16 36 10 27 31 8 40 9 28 11 12 1 38 3 25 21
10 2 4 1 38 14 37 40 18 31 16 15 29 3 9 0 22 26 25
31 35 16 22 2 4 8 9 11 28 18 27 42 14 30 25
2 16 36 15 29 18 20 4 9 23 11 28 27 6 42 13 37 12
21 6 4 8 32 42 14 37 24 13 16 23 15 29 38 3 17 28 22 27 40 5 26
8 35 18 23 30 29 4 9 36 14 17 1 40 38 13 37 3 26
4 36 32 42 14 24 13 20 23 15 38 9 17 22 27 0
28 28 32 42 24 12 18 23 15 29 40 9 36 26 22 27 5 25
32 35 18 36 30 27 24 11 12 1 40 20 42 14 5 3 0
1 6 13 37 24 12 35 18 20 15 3 11 0 22 5 26
6 36 30 15 29 18 24 9 11 23 27 38 13 5 42
42 35 29 9 17 25 11 27 12 20 13 14 3 0
14 35 5 11 36 3 9 22 40 30 13 37 38 0
37 29 27 36 15 24 9 17 22 30 5 3 12
3 35 18 16 29 9 22 20 0
12 35 23 16 36 27 15 9 22 13 38 25
35 18 20 16 29 38 9 17 22 27 25
18 36 40 23 30 15 17 0 22 5
13 11 24 13 9 17 0 27 26 5 25
20 0 36 40 16 23 15 9 11 26 27 30 25
16 30 25 15 29 26 24 27 38 5 0
23 29 15 11 26 22 27 38 30 24
5 26 36 29 15 27 24 9 38 40 25
15 27 25 22 40
29 36 24 9 17 25 22 26
38 11 40 9 36 26 27 0
24 30 9 17 11 40 0
40 11 36 17 26 22
9 11 30 17 26
36 17 0 27 30
11 27 17 30 25
17 22 27 30 0
25 22 27 26
22 0 26
27 26
26 26 0
30 0
0
