#kunkel.py
# GMT Fri Apr 19 23:55:14 2019
# 
3 35 18 25 34 16 39 5 15 2 4 8 9 11 0 1 12 26 13 37 28
33 19 7 36 2 8 32 1 38 13 37 40 12 35 21 14 20 16 23 30 24 25 27 5 26
19 34 41 7 39 8 11 38 14 24 12 31 23 15 29 40 9 36 17 26 27 0
34 35 22 16 23 10 15 2 31 8 36 32 17 39 11 12 38 5 24 26
41 0 39 2 4 8 32 1 38 14 37 42 12 20 15 29 36 28 22 27 5 26
7 6 0 36 10 4 32 1 38 14 42 12 35 18 23 15 24 25 27 30 28
36 29 10 15 2 21 8 40 9 17 25 1 6 42 5 38 28
10 30 21 29 39 10 15 2 8 32 42 28 11 6 38 13 14 24 25
2 11 42 14 37 24 35 21 16 23 15 38 9 28 27 26 5 0
31 6 31 28 32 1 42 13 37 24 18 14 20 16 23 15 29 38 25 22 26 21
8 39 15 1 21 9 12 22 27 5 20 42 13 37 26
4 35 21 6 16 39 29 38 4 23 17 26 1 27 42 14 30 24 0
28 6 32 38 14 37 12 16 23 15 29 24 9 17 27 30 25
32 39 18 11 6 42 14 37 40 12 5 24 9 17 22 27 30 25
42 38 24 18 16 5 15 29 9 11 17 22 30 21
1 6 39 11 14 37 12 20 23 15 40 9 30 0 21
6 23 20 39 29 9 37 11 17 0 12 26 30 40
38 13 37 40 35 14 30 29 9 22 27 5 21
13 35 20 0 23 15 29 18 5 11 17 26 30 24 25 21
37 18 12 35 20 29 24 0 11 22 27 40 26
40 39 14 24 12 35 16 29 9 11 17 0 22 26 25
12 25 39 24 35 18 20 16 29 11 0 5
35 29 39 30 15 24 23 11 14 25 27
0 11 14 24 18 16 23 17 27 5 21
21 16 39 15 23 11 22 30 25 21
14 18 20 16 29 9 11 22 25
20 16 5 15 27 18 9 11 25 26 24
18 9 23 5 29 17 25 22 27 30
16 25 39 11 24 30 15 9 27 5
23 39 5 15 29 9 17 22 30
30 25 24 11 17 22 26
15 9 17 22 26 5 25
29 25 17 27
24 5 26 27
9 11 17 27 26
39 26 22 25
11 17 22 27
17 26 25
25 5 26 22 27
22 5 26
27 5
5
26
