#kunkel.py
# GMT Fri Apr 19 23:53:31 2019
# 
33 19 6 41 16 7 36 10 26 3 9 23 17 12 27 20 38 13 30 40 25 42
19 34 7 4 8 11 1 38 14 37 3 35 18 31 13 20 15 40 9 32 17 26 27 30 28 21
6 34 7 39 10 4 8 11 42 24 12 35 31 20 16 23 15 36 17 27 30 25
41 7 2 31 8 11 1 42 14 37 3 12 18 13 23 29 38 17 22 27 5 28
7 36 10 2 4 8 32 31 42 13 37 40 12 35 18 20 38 39 5 25 21
36 36 10 8 32 1 38 37 3 12 21 29 24 9 39 11 17 26 22 5 0
10 2 31 32 1 42 37 3 12 35 18 20 29 40 9 39 22 27 25 21
2 39 4 8 32 38 13 37 3 35 18 14 20 5 15 24 9 22 27 30 0
4 39 32 1 14 37 24 18 20 16 23 15 29 40 9 11 0 5 25
8 35 18 14 37 25 3 12 1 31 34 13 5 24 26
28 35 5 18 16 39 30 15 40 23 32 17 11 42 37 24 25 21
0 34 11 1 42 14 37 24 12 35 31 13 16 15 29 40 17 22 27 21
32 11 14 37 31 13 16 23 15 29 9 17 22 27 26 25 21
42 39 18 1 34 14 37 35 31 16 5 15 29 9 26 30 25
1 35 34 24 29 38 40 23 17 26 27 37 3 12
34 14 27 23 15 29 11 17 22 20 13 30 24
38 29 20 39 30 31 9 11 23 22 17 13 37 40 12
13 39 13 24 31 20 16 15 9 17 22 27 26
37 14 40 35 20 16 15 9 27 26 25
3 35 20 16 27 15 31 17 25 22 30 5 24 12
12 31 30 16 18 9 11 17 20 14 5
35 25 39 21 11 18 20 16 29 5 26
18 14 24 31 20 23 15 29 9 17 26 22 21
31 16 39 15 40 17 30 21
14 39 15 29 11 17 26 22 30 25 21
20 11 23 5 15 29 9 22 30 26
16 25 23 29 40 9 11 17 22 26 5
23 39 27 24 40 17 25 22 30 21
5 21 29 9 39 11 17 27 26
15 29 24 30 25 40
29 24 9 11 26 22 27 30 21
24 39 26 25 9 22 21
40 27 39 26 9 30 21
9 39 22 21
39 25 22 30 26
11 17 22 25 21
17 30 22 27
25 21 27
22
27 21 30 26
30 21
26 21
21
