#kunkel.py
# GMT Fri Apr 19 23:52:56 2019
# 
33 6 41 39 2 31 11 34 13 24 12 35 18 20 15 29 3 9 36 25 40 30 28
19 7 36 2 8 32 42 14 3 12 35 18 13 23 15 29 9 39 17 26 27 5 0
6 35 21 29 30 41 16 36 5 15 2 8 28 17 12 26 38 37 24 0 42
41 39 2 4 8 32 34 42 13 24 12 21 14 20 23 29 3 17 0 22 27 25
7 25 34 39 10 2 21 8 28 32 1 38 37 42 35 18 5 29 24 17 0 30 26
39 35 29 20 30 15 2 4 8 0 22 1 34 13 14 40 26 21
10 35 18 34 36 10 15 4 8 24 9 28 32 42 12 27 38 37 40 26 21
2 4 8 32 38 13 24 35 21 14 20 16 23 3 11 17 0 5 25
31 35 18 20 28 36 37 15 32 21 9 23 11 26 1 13 5 24 25
8 36 4 11 42 14 37 24 12 35 16 23 15 29 9 22 30 0
4 34 36 32 1 38 14 37 24 21 20 16 3 9 17 26 30 28
5 26 23 38 9 36 11 17 12 22 27 34 42 14 40 0 21
11 34 0 16 30 29 21 24 9 32 12 22 1 38 14 3 26
1 18 14 20 23 29 25 9 17 12 22 36 42 13 24 26 21
34 34 13 12 35 18 20 23 15 36 25 22 27 26 30 0
42 36 32 40 12 18 29 3 9 17 25 22 26 30 0
13 35 16 30 27 18 23 32 17 36 37 29 15
37 0 36 40 12 35 18 20 16 23 15 28 22 27 25 21
24 32 38 12 35 20 23 9 22 27 30 0 21
12 18 16 15 29 3 9 25 27 40 30 28
35 38 16 23 15 29 40 9 17 25 22 27 30 26
0 32 18 16 23 15 29 40 25 22 28
18 21 3 14 16 23 40 9 28 27 26
14 3 27 29 9 15 17 22 38 40 26
20 36 16 23 9 32 28 22 38 40 25 21
16 36 32 40 23 29 9 28 26 30 25
23 38 29 3 27 40 30 25 21
30 32 21 3 25 27 40 28
15 26 36 32 17 22 40 21
29 28 32 3 21 25
38 36 17 28 22 27 40 3
3 32 9 28 25 22 27 26
9 26 25 40
36 32 28 27 26 25
32 17 28 21
17 28 26 22 25 21
25 40 26
22 26 27 28
27 26 21
26 40
40 21 40
28
21
