#kunkel.py
# GMT Sat Apr 20 01:07:30 2019
# 
33 19 6 41 7 36 31 8 4 11 14 37 24 12 18 20 5 29 3 39 17 22 27 30 25 21
19 6 7 39 2 31 28 38 14 40 12 18 20 16 23 36 17 25 22 27 30 0
6 35 2 34 23 10 29 21 8 24 9 37 17 26 1 30 42 5 40 25
41 34 36 10 2 32 42 13 24 35 18 20 23 5 40 3 0 22 27 26 30 25
7 34 18 4 11 42 1 38 37 3 12 31 5 29 40 25 27 26 30 0 21
36 36 10 4 8 32 42 13 37 3 18 20 16 23 29 9 17 25 27 26 21
10 28 32 14 37 40 12 35 31 16 5 15 3 39 11 17 0 26 30 25
2 4 32 34 38 14 37 24 12 35 18 20 15 29 3 11 17 0 22 26
4 35 18 34 27 16 23 8 9 11 28 22 1 20 14 37 40 26
8 0 1 14 37 24 12 35 13 15 29 3 9 39 17 26 22 27 28
28 34 31 32 42 38 14 37 40 35 18 16 23 15 29 3 9 25 22 27 26
11 34 39 32 1 38 14 42 12 18 13 23 15 40 9 0 30 25
42 39 31 16 23 15 29 24 26 22 1 20 13 30 27 32
1 18 26 16 23 24 9 17 25 27 34 13 5 3 0
34 21 14 16 23 27 40 9 32 17 25 22 13 29
38 18 20 39 37 15 24 32 17 0 22 31 40 14 30 3 21
14 23 15 40 17 26 18 20 5 3 21
37 32 31 13 37 24 12 35 18 23 29 40 39 26 22 5
24 35 31 16 27 5 15 21 9 32 26 13 0
12 35 16 39 15 31 5 25 22 30 13 3 0 21
35 39 31 18 16 23 29 3 17 22 30 25 21
18 29 16 27 9 39 0 3
31 20 0 16 39 15 3 23 32 26 13
13 3 20 16 5 29 40 17 0 27 30 25
20 30 15 9 23 3 22 5 0
16 29 9 39 17 22 40 15
23 3 29 9 39 22 26 30 25 21
5 17 26 39 21 40 9 32 30 0
15 21 3 9 0 22 27 26 40 25
29 21 40 39 17 25 26 30 0
3 9 0 21
9 39 32 30 40 22 21
39 32 17 26 22 27 25
32 17 26 22 40 0
17 40 21 27 30
0 26 40 30 25 21
22 40 25 27
27 26 30 25 21
40
26 25 21
30 21
25 21
21
