#kunkel.py
# GMT Fri Apr 19 23:41:08 2019
# 
33 19 29 6 16 7 23 15 2 18 8 4 9 39 32 17 11 27 34 38 3 12
19 34 41 7 39 10 15 9 23 37 32 17 12 6 20 42 14 30 24 25
6 41 7 36 10 2 21 8 11 1 37 24 18 20 16 23 15 3 9 39 17 22 27 40 5
41 36 4 8 28 11 34 14 37 24 35 18 5 15 29 40 39 17 0 22 27 30 26 21
7 31 8 32 42 34 38 13 3 35 21 20 16 15 24 40 25 26 30 28
39 4 32 1 14 37 24 12 31 13 16 23 29 3 11 17 26 22 40 0
10 16 36 30 18 9 23 11 0 22 1 12 26 42 14 37 24 28 21
31 36 2 8 32 1 42 37 24 35 21 20 16 15 29 38 40 9 17 0 26
2 36 21 8 42 13 37 40 12 14 20 16 15 29 24 17 25 22 27 28
4 35 21 34 42 15 8 3 28 11 17 12 22 27 20 38 14 40 0
8 36 38 14 42 12 13 20 16 23 29 40 9 5 26 21
28 32 42 13 37 3 35 14 16 23 30 15 29 38 40 9 11 5 26
32 18 11 1 38 13 37 3 12 35 14 20 16 40 9 30 25 21
42 24 23 29 13 22 27 38 14 37 3 12 21
1 21 34 38 13 37 3 12 14 20 16 23 9 11 25 27 5 26
34 35 14 16 37 27 29 40 5 26 18 12 13 30 24 25
38 35 23 15 27 9 17 12 18 26 14 24 25
14 24 12 18 20 5 9 36 22 30 25
37 25 12 35 18 20 11 17 0 30 26
3 21 29 9 36 23 12 27 17 13 5 40 26
12 16 40 9 36 27 5 25
35 18 36 15 29 24 22 20 13 5 40 0 21
18 21 30 15 24 9 17 25 27 40 0
13 40 21 20 23 15 29 36 11 17 0 22 26 5
20 24 16 23 5 15 9 17 22 30 26 21
16 40 23 15 29 9 36 11 0 27 25
23 25 11 24 21 15 36 40 26
5 26 36 30 15 27 40 22 29 0
15 11 24 9 17 30 0
29 30 24 36 11 22 25
24 40 9 22 0
9 25 0 40 30 26 21
36 36 40 30 17 0 22 25
11 25 22 30 0
17 25 22 27 30 26 21
0 26 27 30 25 21
22 25
27 25 26 40
40
26 30 25
30
25 21
21
