#kunkel.py
# GMT Fri Apr 19 23:16:47 2019
# 
3 39 29 13 6 41 36 30 15 2 4 8 23 28 22 27 42 14 37 38 12
33 19 6 41 31 8 4 11 1 37 24 12 35 18 20 23 15 40 0 27 26 5 28
19 6 41 7 39 10 4 11 1 38 14 37 42 12 35 31 20 40 25 27 5 0
25 34 41 7 36 10 2 8 11 6 38 13 37 40 18 20 29 24 9 22 27 26
6 35 29 34 36 10 15 2 11 17 28 22 1 12 20 38 14 24
41 34 7 2 18 8 11 1 38 14 40 35 31 24 15 9 22 26 30 0 21
7 35 16 39 10 15 31 9 23 32 17 0 22 27 42 14 5 24
39 35 18 20 23 2 8 4 32 11 17 0 22 31 40 34 42 5 12
10 2 31 1 42 13 37 24 35 18 16 23 15 29 40 22 5 0 21
2 31 16 8 40 32 17 0 22 27 34 11 13 30 24 42
4 34 28 11 1 42 13 37 40 18 14 24 16 23 15 9 36 0 30 26
8 35 21 20 5 29 38 40 11 17 26 1 42 14 37 24
11 32 34 38 13 24 35 18 14 16 29 22 0 21
1 34 36 29 18 9 23 32 5 20 38 13 37 40 26
34 42 13 35 21 16 30 15 29 9 17 22 27 5 26
42 32 38 13 12 31 14 16 23 15 9 17 0 22 27 30 26
14 36 32 37 12 21 20 40 9 17 26 22 30 0
37 35 13 16 36 29 31 32 28 12 26 40 24
24 36 28 13 40 35 18 20 23 15 9 17 0
12 29 31 36 26 18 27 20 13 28 21
35 36 38 13 18 20 15 9 17 28 22 5 26
18 36 32 38 13 21 20 16 23 22 27 26 5 28
31 30 16 15 40 32 28 22 27 26 38 13
13 28 32 38 17 27 40 26 21
20 32 21 16 23 15 9 17 28 27 30
16 29 27 36 40 23 32 30 38 21
23 36 5 0 22 30 40 26
30 29 15 40 32 5 26 21
15 32 5 29 38 9 17 27 28 21
29 5 21 0 9 28 38 40
38 36 32 40 26 28 21
40 32 22 27 21
9 0 36 22 28 26 27 5
36 17 22 27 26 28 21
32 32 28 5 26 21
17 26 22 27 5 0
0 28 27 5 26 21
22 26 21
27 28
26 5 21
5 28
28 21
21
