#kunkel.py
# GMT Fri Apr 19 22:51:31 2019
# 
33 41 7 39 10 2 18 11 42 1 38 13 37 24 12 21 20 16 15 9 17 27 30
19 0 34 41 36 10 2 8 42 1 38 3 12 20 15 29 9 39 17 28 22 27 26 30 25
34 18 14 34 41 16 7 39 31 8 4 36 25 22 42 13 30 24 28
41 35 7 39 30 29 4 8 37 32 17 1 6 20 42 13 5 26 21
7 25 6 36 4 8 1 42 13 24 35 18 31 20 30 29 38 3 17 28 40 5 0 21
39 6 36 10 4 42 13 37 24 35 18 31 20 15 29 9 17 26 22 0 21
10 2 18 32 1 42 14 37 40 12 31 23 38 3 9 11 0 27 30 26 21
31 6 36 2 21 8 32 31 38 13 37 3 12 18 20 23 15 25 30 28
2 6 4 8 32 14 12 35 18 13 16 23 15 29 9 17 22 27 5 26 21
18 14 16 15 8 23 17 25 22 1 6 38 13 26
8 36 4 38 37 40 16 23 15 29 3 9 0 17 26 22 27 5 28 21
4 4 32 1 6 42 13 37 12 21 14 16 15 29 36 11 22
11 36 32 42 14 40 12 20 23 30 15 29 24 9 17 28 27 26 5 25
42 6 38 13 40 12 35 21 15 9 0 17 28 25
1 35 6 16 36 9 17 27 20 38 13 30 40 3
6 38 14 40 12 20 16 23 0 17 28 27 5 25
38 35 22 16 36 24 3 32 12 20 40 26
13 14 37 24 12 35 23 29 17 22 5 28
37 25 20 15 36 21 9 23 32 26 27 5 24 0
24 25 0 16 5 15 29 9 32 28 22 30 40 12
12 36 20 29 9 17 28 22 27 26 0 21
35 21 14 20 5 25 3 9 23 32 26 40 30 28
0 16 15 29 40 9 36 25 22 27 26 14
21 32 40 15 29 9 25 22 27 5 28
14 36 32 40 20 30 15 3 9 28 22 27 26 5
20 3 16 15 29 9 27 5 26
16 25 27 32 26 30 40 28
23 29 36 15 3 9 17 22 27 5 40 25
5 25 36 32 22 26
15 29 26 3 28
29 9 32 25 22 27 30
3 27 9 36 32 17 30 28
9 17 28
36 25 17 22 40
32 25 22 27 30 26
17 40 25 27 28
25 30
22 30 28
27 40 28 26 30
40 30 28
26 30 28
30
28
