#kunkel.py
# GMT Sat Apr 20 01:07:04 2019
# 
39 19 34 0 2 4 32 42 1 38 13 37 40 20 16 23 5 15 29 24 9 17 28 30 25
33 19 34 2 4 32 42 13 37 40 35 20 23 5 29 24 11 17 25 22 27 30 26
19 41 2 18 4 13 37 40 12 31 20 16 23 29 3 36 25 22 30 28 21
6 35 21 34 41 16 22 29 4 8 0 32 42 28 11 12 20 38 13 3 25
41 2 31 8 4 32 1 38 13 42 3 35 18 20 16 29 40 9 17 12 22 27 26 5 28
7 18 34 0 23 42 15 29 4 8 3 9 37 17 26 22 31 38 14 40 24 25
36 34 10 2 4 8 11 1 38 14 37 24 12 35 13 16 29 3 17 0 22 25
10 35 18 14 20 11 28 2 21 8 9 23 32 17 0 22 12 26 13 5 25
2 35 16 28 18 24 9 11 12 22 26 38 14 40 25 0
31 34 4 8 32 42 1 38 14 37 24 12 21 20 5 15 3 9 17 26 27 30 0
8 16 23 27 29 4 32 25 22 1 26 42 14 40 0
4 28 40 32 17 12 11 1 42 13 3 26 21
28 34 32 24 12 21 16 23 15 29 3 9 17 22 5 25
11 1 42 14 3 12 21 20 16 23 15 29 24 22 27 30 25
1 14 34 23 18 9 32 17 27 38 13 30 40 25 21
34 35 23 15 21 9 32 17 27 20 38 13 30 0
42 35 37 15 29 40 9 22 27 38 30 3 21
14 32 13 40 18 20 23 15 3 9 25 22 27 0 21
37 18 32 38 24 12 35 16 3 9 17 22 27 30 26 21
3 18 30 17 25 22 27 26 5 0
12 35 5 29 9 23 13 24 0 21
35 32 38 13 18 20 16 15 29 40 17 0 22 5 25
18 23 15 24 17 22 27 26 38 13 0
13 40 20 23 15 17 27 5 26
20 21 40 16 23 29 24 9 17 22 5 26
16 32 38 40 21 23 15 24 17 27 5
23 21 15 29 17 26 27
5 21 32 15 29 9 0 17 25 22 27 30
15 38 30 29 24 9 25 22 26
29 25 40 24 0 27 30
38 32 26 25 21
24 22 9 32 26 40 0
9 30 40 17 0
0 30 27 26 21
32 25 27 26 21
17 17 30
26 40 30 25
22 40 27 25
27 40 30
40 21 30 25
30 25 21
25 25
21
