#kunkel.py
# GMT Fri Apr 19 22:46:58 2019
# 
33 19 34 0 39 10 2 31 8 6 42 3 18 15 29 38 9 36 25 22 27 30 28
19 35 18 20 0 39 15 29 8 24 9 23 17 25 36 12 26 13 5 3 28
34 6 39 2 8 32 42 1 38 14 37 3 12 35 18 20 23 15 9 17 26 22 27 30 28
0 35 14 6 16 7 39 10 2 18 8 4 36 22 31 38 13 30 24 21
7 18 16 36 5 1 4 32 42 22 27 12 30 38 13 37 3 25 21
39 35 16 36 2 4 8 24 9 11 1 20 38 13 37 40 25 21
10 35 18 2 1 16 23 15 29 38 24 40 32 11 27 42 14 37 3 25
2 31 16 29 21 4 9 36 32 12 1 27 40 13 30 24 26
18 41 21 8 11 1 6 38 24 12 35 31 20 23 15 40 9 22 27 5
8 41 11 6 38 14 37 40 12 35 31 20 29 3 36 28 21
4 35 21 6 41 16 30 15 29 37 23 28 22 26 38 14 5 40
11 5 20 16 36 9 23 17 25 27 38 14 37 40 12
1 35 29 16 15 21 32 17 22 27 20 13 37 40 12
6 41 36 42 14 37 24 35 13 16 23 9 17 28 27 30 26 21
42 31 20 36 28 21 3 5 23 37 25 22 12 38 30 26
13 41 28 32 38 14 3 31 20 16 23 5 25 27 26 30
37 41 32 24 31 20 16 15 38 9 36 17 28 27 26 30 25
3 35 41 23 31 36 32 17 28 22 5 26 21
12 31 14 24 23 30 15 29 9 17 26 22 5 25
41 31 32 35 20 23 15 29 9 17 25 22 27 30 26 21
35 16 29 9 32 17 22 40 5 21
31 24 16 28 15 21 9 32 17 38 25
14 21 26 16 36 15 29 24 20 23 22 5 40
20 27 9 28 32 17 26 22 24 25
16 25 24 30 29 40 36 28 22 27 26 5
23 32 23 30 15 9 17 25 27 26 5 28
5 24 15 9 32 28 27 40 38
15 29 32 17 26 9 38 21
29 32 38 40 21 9 17 28 27 26
38 28 40 9 36 17 25 21
24 9 26 36 32 25 40
9 32 40 36 28
36 32 17 22 27
32 30 40
17 27 30 28 21
25 21 40 27 30 26
22 27 40 28 30 21
27 21
40 30
26
30 21 30 28
28 21
21
