#kunkel.py
# GMT Fri Apr 19 22:36:43 2019
# 
33 35 18 25 6 16 7 39 5 29 4 37 23 32 17 0 26 34 30 24 28 42
19 25 34 7 10 4 32 38 13 37 35 31 20 16 23 30 29 11 17 0 27 5 26 21
25 20 41 16 24 23 10 15 18 8 4 36 26 22 1 38 14 40 28 21
34 7 39 10 4 8 11 42 1 38 13 37 40 12 14 23 3 28 27 5 26
0 7 36 11 42 1 38 14 37 40 12 35 18 13 23 5 15 29 24 17 22 30 26
7 6 41 10 2 4 8 1 40 12 35 31 20 15 29 3 9 17 22 5
36 14 6 39 2 38 4 8 24 32 22 1 20 42 13 5 3
10 39 2 31 8 32 13 37 24 12 18 14 20 23 15 9 17 28 22 5
2 39 21 8 11 38 14 37 3 18 13 20 16 23 30 15 9 22 27 5
31 6 41 4 32 38 37 24 12 18 16 23 15 29 3 9 17 22 5 28
8 3 6 8 32 1 38 13 24 12 35 16 40 9 39 17 26
4 6 41 11 1 38 14 42 12 35 20 16 15 9 17 26
32 6 41 39 11 14 37 24 12 20 23 5 15 3 17 30 26
1 18 30 41 5 24 39 17 22 27 20 37 3 26 21
6 35 14 11 15 29 23 39 22 27 42 13 37 21
42 35 18 30 9 39 11 17 27 38 14 37 40 26
13 35 5 29 16 15 18 20 23 27 14 30 12 21
37 41 39 40 35 16 23 29 3 9 11 17 22 30
24 20 41 16 39 40 9 12 26 14 30 3
12 18 14 41 16 9 26 11 20 38 40 28
41 5 20 39 30 15 9 17 26 27 38 40
35 18 5 29 40 9 22 14 38 28 21
18 39 21 11 14 40 20 16 15 3 22 5
14 20 16 15 29 9 27 30 26
20 38 23 15 29 3 9 28 22 5
16 26 30 3 5 28 27 17 21
23 21 28 38 40 3 11 22 27 30
5 39 38 3 29 9 11 28 5 21
15 40 29 3 11 17 27 28 21
29 30 9 22 27 38 3 28
38 39 11 40 30 9 22 26 28 21
3 3 9 11 30 26 21
9 11 40 17 22 27 30
39 26 11 27 28
11 30 28 22
17 27 22 30 26
28 21 27 30 40
22 27 26
27 21 40 26
40 21 26
30 21 26
26 21
21
