#kunkel.py
# GMT Fri Apr 19 22:21:26 2019
# 
3 18 29 6 41 16 36 30 15 2 31 8 24 9 32 17 25 42 5 40 12
33 19 6 41 7 36 2 21 8 32 42 38 13 37 24 12 35 31 23 9 39 11 17 27 5 26
19 35 18 14 34 26 7 36 30 15 2 4 28 12 22 31 20 13 37 29 0
6 35 18 36 41 39 10 29 4 37 23 32 1 30 13 5 40 25 21
41 0 7 39 4 42 13 24 35 18 14 20 16 23 40 9 25 27 26 21
7 35 34 39 30 28 36 4 9 23 32 26 11 27 42 14 37 25
36 39 10 8 32 1 38 13 37 24 20 23 15 9 11 26 27 40 28
10 30 18 31 16 39 37 15 29 21 24 9 25 22 1 34 38 5 42 0
31 34 39 4 8 32 1 42 14 24 12 18 13 16 40 11 17 30 28
2 34 0 39 32 1 42 14 24 35 20 15 29 40 9 17 25 22 26 28
21 35 30 22 15 27 4 8 9 32 11 1 34 14 5 24 25
8 35 18 14 24 16 39 23 25 40 11 0 27 38 13 37 12
4 39 32 34 38 14 37 42 35 18 13 23 29 17 25 5 26
28 34 32 1 14 37 40 12 35 13 20 16 15 9 39 11 17 27 30 26
32 32 14 37 24 12 18 20 9 11 0 27 5
1 0 11 42 38 14 37 24 20 16 23 5 29 9 25 22 27 30
34 20 16 23 9 17 22 27 42 38 13 5 40 12
38 35 18 25 23 15 29 40 9 12 22 42 13 24 0
13 0 24 18 20 23 15 29 9 25 22 27
37 0 24 35 18 20 40 39 11 17 25 22 5
42 39 24 12 35 18 20 16 23 29 0 27 25
12 18 30 20 11 26 22 27 40 0
35 29 23 30 40 22 5 24 0
18 39 23 15 29 40 9 26 22 27 5 0
14 25 39 11 40 16 23 29 9 26 22 5
20 29 16 27 9 23 17 26 22
16 29 23 27 40 9 17 26 0
23 11 40 5 29 17 30 26
30 39 15 24 9 11 17 25 26
15 24 39 40 9 11 17 25 5 0
29 0 39 24 25 22 27 40 26
24 40 39 17 27
9 39 0
39 40 5 27
11 17 22 5 40 0
17 26 25 5 40 0
0 5 25
22 27 40
27 25 26
40 26 5
26 25
5
25
