#kunkel.py
# GMT Fri Apr 19 22:20:22 2019
# 
33 19 6 41 7 36 31 8 4 28 1 13 3 12 18 14 23 30 24 9 26 22 5 25
19 35 18 34 36 10 29 4 9 23 32 1 39 22 27 5 14 30 40 25
6 35 21 34 7 39 30 15 31 9 23 32 25 11 1 5 20 13 37 24 26
41 18 13 16 36 10 15 38 31 8 24 9 11 17 0 22 42 14 40 12
7 3 21 27 23 15 29 31 8 40 39 32 17 12 22 36 20 24 26
36 10 18 8 11 13 37 40 12 31 14 20 23 15 29 3 9 22 30 0 21
10 35 0 16 39 37 23 18 8 17 12 22 1 42 14 30 40 25 21
2 34 21 8 32 42 14 37 24 35 31 20 16 5 38 3 9 28 22 27 40 30 0
4 35 34 0 16 32 39 5 29 31 1 11 17 12 18 27 20 42 30 28
8 31 25 34 39 15 18 32 26 1 27 20 13 3 28 21
28 35 31 29 34 23 30 38 9 32 17 25 27 26 42 37 24 12
0 18 20 16 15 24 9 23 32 17 22 27 40 11 13 5 3
32 35 29 17 12 1 27 26 38 13 37 21
1 42 13 37 40 31 20 16 23 5 29 38 9 26 30 25 21
34 39 31 42 13 24 18 14 20 16 23 30 15 38 9 17 25 22 27 5
42 39 11 14 37 24 12 35 21 13 16 23 30 9 17 25 22 5
13 14 3 12 35 16 15 38 9 11 17 26 30
37 31 29 27 16 39 24 23 3 26 22 17 5 38
3 35 18 16 30 38 31 26 22 29 14 24 21
12 11 24 12 35 18 31 20 16 29 39 17 27 5 21
35 39 38 40 31 14 16 29 9 25 5 21
18 25 11 38 21 16 5 29 9 39 30 26
31 23 40 39 17 22 27 30 26
14 15 29 21 24 23 11 22 40 38 26
20 25 11 40 21 16 23 15 29 9 22 30 26
16 25 39 11 38 30 15 24 26 5
23 25 21 11 38 30 15 24 17 27 40 5
30 29 38 27 26 21
15 39 29 25 17 26 22 5
29 25 40 22 24
38 25 39 21 24 9 11 17 26
24 11 40 21 9 27 26 5
9 39 17 22 26 5
39 11 40 22 27 5
11 25 40 21
17 5 22 21
26 22 27 40 5 25
22 21
27 25 40 21
40 25
5
25
21
