#kunkel.py
# GMT Fri Apr 19 21:56:10 2019
# 
33 35 18 6 0 7 10 19 40 11 3 12 22 1 13 5 24 28 21
19 6 41 39 10 1 34 38 14 37 40 31 20 23 15 29 24 3 9 26 22 0
25 0 31 6 41 16 36 2 4 20 9 39 11 17 12 27 34 38 13 30 24 28
6 34 7 10 18 32 1 38 13 37 3 21 20 23 30 15 29 24 17 22 27 40 5
41 7 36 10 2 4 8 42 37 24 35 21 30 15 29 38 40 9 39 22 5 0
7 39 10 18 8 11 38 13 37 40 12 35 31 16 15 9 17 28 22 5 26
39 36 10 2 4 32 1 42 14 40 21 20 16 23 29 3 9 22 27 26 28
10 29 5 15 2 4 30 0 27 34 42 13 37 38 12 21
31 36 2 4 32 42 14 37 40 12 18 13 20 16 15 24 26 22 27 5
2 36 8 28 32 42 14 37 3 18 23 15 29 38 9 11 17 27 26 0 21
21 36 4 32 34 38 37 24 35 18 16 23 29 11 22 27 5 0
8 34 36 4 11 1 38 14 37 42 35 18 20 16 29 24 9 28 27 26 5 0
4 34 42 14 37 12 18 23 15 29 9 0 17 28 22 27
11 34 36 15 18 1 32 17 26 22 27 38 30 3
42 0 36 32 1 14 37 3 12 23 15 24 17 26 27 30 28
1 16 5 29 38 18 36 17 12 27 14 30 24 28
34 36 32 14 37 3 12 13 20 23 30 17 28 26 5
38 32 38 13 24 12 20 16 15 29 17 28 30
13 0 36 29 18 20 9 17 5 27 12 37 3 26
37 32 24 12 35 18 20 16 9 27 26
40 35 29 18 0 23 32 17 28 20 14 30 24 12
12 36 24 35 16 15 29 9 22 27 5 0
35 30 20 5 15 18 9 0 28 22 26 14 3
18 36 32 14 24 20 16 23 15 29 9 30 0
14 16 9 23 32 22 20 5 24
24 16 23 30 3 26 5
16 36 0 15 27 23 28 22
23 29 0 17 26 3 30 28
30 27 32 26 36 17 0 22
15 36 9 32 28 22 0
29 27 32 17 0
20 26 5 36 28 22
3 27 32 26 9 17 28 22 36 0
9 5 0 22 26
36 28 26 0
32 17 5 28
17 27 5 0
28 26 5
22 27 5 26
27 5
26
5
0
