#kunkel.py
# GMT Fri Apr 19 21:55:29 2019
# 
3 19 14 6 26 22 36 10 27 4 20 9 32 28 11 1 34 13 30 40 25
33 18 13 20 41 39 42 15 2 19 8 9 11 17 25 1 27 38 14 29 40 28
19 34 41 36 10 18 32 1 14 12 35 21 16 5 15 29 40 39 22 30 0
34 20 22 23 15 2 21 8 39 32 25 11 27 40 26 38 37 24 0
41 35 6 41 16 23 2 31 4 0 11 12 22 1 20 38 13 26 21
7 36 10 28 32 42 38 14 37 40 12 35 21 13 20 16 23 9 17 26 27 30 25
39 6 36 18 8 11 1 42 14 24 12 31 13 20 16 29 40 5 28 21
10 18 16 36 5 2 31 8 9 32 17 26 11 1 13 30 24 0 21
31 36 4 8 32 1 42 13 40 35 18 20 16 29 38 9 11 17 28 22 5 0 21
2 18 29 40 9 11 37 22 27 5 20 38 30 24 0
21 25 8 28 6 42 14 37 38 12 13 23 36 17 0 27 26
8 20 23 38 24 36 32 0 22 1 6 13 30 42 25
4 35 16 23 5 38 40 0 11 17 25 22 27 42 37 24 28
11 42 13 24 12 23 5 38 25 22 27 26 30 28
1 35 6 36 29 23 32 17 26 42 30 24 25
6 0 20 16 23 15 29 18 36 17 26 27 38 14 5 28
42 0 32 14 37 35 23 15 9 36 25 22 27 26
13 38 14 35 18 23 15 29 9 36 32 27 5 26
37 35 18 29 5 15 24 9 17 12 27 20 30 40 28
38 36 18 32 40 20 16 15 29 24 9 17 26 22 27 25
12 36 32 24 35 0 18 20 16 23 29 9 17 28 27 26
35 18 14 24 29 23 5 27 17 26 30 40
0 32 18 16 5 15 29 9 25 30 28
18 36 40 20 16 30 15 17 22 26 5 28
14 29 24 9 23 28 27 20 5 40 25
20 36 24 16 23 30 29 40 5 25
16 26 9 23 32 17 5 30 24
23 36 28 40 29 9 26 5 25
30 5 27 36 15 9 17 25
15 26 5 24 40 9 17 28 22 27
29 36 40 9 26 22 5
24 5 27 9 17 28
40 27 28
9 32 9 22 27
36 22
32 22 27 26 28
17 28 25
25 27
22 5 26
27 28
26 5
5
28
