#kunkel.py
# GMT Fri Apr 19 21:46:43 2019
# 
33 18 14 6 16 23 37 15 29 19 8 4 36 32 3 22 1 20 13 40 24 25
19 18 14 41 39 10 1 4 9 32 17 12 22 27 5 13 37 29 25 21
6 34 7 39 10 2 4 8 1 42 14 37 3 35 18 20 16 23 5 15 24 17 40 25
41 35 18 13 20 7 39 15 2 40 9 17 0 34 42 14 30 38 12 21
7 34 36 10 18 8 11 42 37 24 12 35 21 30 29 38 3 25 22 27 26 40 0
36 34 0 16 39 15 29 38 4 24 40 32 26 1 42 14 30 3 28
10 39 2 4 8 32 42 13 37 3 18 20 30 38 40 9 11 17 27 5 28
31 2 4 8 28 32 42 38 14 40 35 21 13 23 30 15 3 11 17 0 22 5 25
2 35 5 16 1 18 24 3 0 12 27 20 34 13 37 40 25 21
4 35 16 15 1 8 9 32 12 11 27 34 38 30 26
8 16 23 15 38 24 40 9 32 26 11 42 14 3 25 21
28 5 34 16 23 29 26 22 1 30 38 13 37 24 12
32 34 0 39 1 38 14 40 35 13 20 16 23 15 29 24 9 26 25
1 35 37 18 3 26 11 27 20 42 14 30 24 21
34 35 23 15 24 9 12 27 26 13 37 40
42 18 11 13 3 12 14 20 15 24 25 27 5 0 21
14 29 27 38 9 0 25 22 26 37 40 12
37 29 27 18 11 30 26 22 12 13 3 21
3 39 11 13 12 20 23 15 29 9 17 0 30 26
12 11 35 13 20 16 30 15 24 17 22 27 40 25
35 39 13 40 18 23 29 9 11 0 22 26 25
18 16 39 40 9 22 5 30 13 24 25
13 25 39 38 20 16 23 15 17 0 27 26 30
20 21 16 30 29 40 9 11 17 22 5 25
16 39 25 22 23 17 11 27 40
23 39 29 9 23 17 27 5 40
30 11 38 15 29 24 0 22 27 25 21
15 38 9 39 0 11 24 21
29 38 21 5 24 9 17 22 27 0
38 25 39 26 27 21
24 25 21 26 5 40
40 11 17 27 5
9 39 22 5 25 21
39 17 0 11 27 26 21
11 17 26 5 25 21
17 25 22 27 5 26
0 22 27 26
22 5 27 26 25 21
27 21
26 5
5 21
25
21
