#kunkel.py
# GMT Fri Apr 19 21:28:55 2019
# 
33 19 25 36 2 31 8 42 14 37 24 35 21 20 23 38 3 17 0 22 27 40 26
19 6 7 39 2 8 32 42 13 37 24 18 23 30 15 29 38 3 11 17 28 22 5 25
25 13 34 22 7 27 2 4 3 32 17 26 18 31 40 42 14 37 38 29
6 14 20 0 16 39 5 15 29 8 3 1 17 26 22 27 38 13 37 40 28
41 34 7 36 4 8 32 1 42 14 37 24 18 13 20 38 9 39 0 22 27 26 21
7 34 36 10 11 42 13 37 24 12 35 20 15 40 9 39 26 22 27 30
36 10 2 4 32 38 37 24 12 18 23 30 40 11 3 28 22 27 5 26 21
10 35 18 20 0 16 23 5 15 2 31 8 9 17 39 1 26 30 3 12
2 0 23 29 21 9 32 17 22 27 5 30 42 37 28
31 34 39 4 32 1 38 13 3 35 21 14 20 30 15 29 11 17 28 5 0
8 35 30 39 29 18 23 32 0 22 1 20 38 37 24 12 21
4 0 18 34 16 5 15 27 21 40 23 3 22 42 37 24 28
28 18 22 15 26 32 12 11 1 20 34 37 24 0 21
32 11 1 38 13 37 40 12 14 16 29 24 9 17 27
1 35 16 23 29 3 39 26 22 34 38 30 24
34 18 16 23 30 27 29 11 17 22 12 26 42 13 5
42 29 16 23 5 9 11 17 27 20 14 30 40
14 21 30 16 23 5 9 0 17 12 27 26 37 40
37 24 12 35 18 21 20 16 23 15 29 39 17 26 27
24 20 16 30 27 0 22 13 3
12 38 13 3 35 18 20 29 9 39 17 22 27 5 26
35 21 15 27 40 9 11 0 18 26 3
18 38 40 21 20 16 15 29 9 39 17 0 5
21 29 9 39 17 5 3 26
13 23 29 20 40 9 22 27 38 5 3
20 39 38 40 16 0 26 22 27
16 30 23 15 17 11 40
23 27 15 40 11 9 5 38
5 38 15 29 17 0 22 30 26
15 26 9 11 17 0 22 30 38
29 39 38 9 11 26 22 0
38 39 40 11 17
3 27 9 39 26 30 40
9 39 11 22 27 30 0
39 30 11 17 22
11 0 40 17 22 27 26
17 0 40 26 30
26 22
22 40
27 40 30
30 0
40 0
0
