#kunkel.py
# GMT Sat Apr 20 01:06:23 2019
# 
33 34 7 39 10 2 4 8 32 42 1 38 37 3 12 35 31 23 15 29 24 26 22 27 40 28 21
19 6 0 7 39 2 4 11 3 42 14 24 12 21 20 29 40 36 17 28 22 5 25
25 35 18 2 6 23 10 15 29 31 24 40 9 36 11 22 1 13 14 3 28
34 6 41 39 10 21 32 42 38 14 40 18 20 16 15 29 3 17 22 27 30 28
0 3 6 36 37 2 38 31 4 39 32 17 22 1 20 42 14 5 24 26 21
7 6 41 36 4 3 12 35 18 24 5 15 29 40 9 26 22 27 30 28 21
39 29 16 23 37 2 31 13 36 32 30 22 27 20 38 14 5 3
10 35 21 16 24 30 29 31 8 4 28 32 17 1 20 38 5 40 12
2 35 41 16 36 29 18 40 9 32 11 1 12 26 42 13 38
4 31 8 38 13 37 24 12 18 14 16 23 40 9 17 27 30 26
8 35 21 23 15 24 9 36 37 32 17 27 42 38 14 5 3 28
32 18 36 15 21 20 37 17 26 6 38 13 5 40
42 21 1 6 13 37 3 31 16 5 15 29 40 9 17 27 30 26
1 6 41 21 28 1 38 37 12 18 20 16 40 9 26 22 27 30
6 21 38 12 31 16 5 15 24 9 11 17 22 27 30
38 13 3 14 16 15 9 11 17 27 26 28
14 41 28 11 14 37 24 12 31 20 16 23 5 15 29 3 26 30
37 36 3 35 18 20 23 15 29 9 11 22 27 30 26 21
3 11 13 35 18 20 30 29 24 22 26 5 28
12 29 41 16 23 40 9 17 22 20 5 24 21
41 35 18 29 16 36 30 15 31 9 11 17 28 26 5 40
35 18 16 23 15 29 40 5 11 17 28 30 24
18 13 31 20 16 23 40 17 22 27 30 28
31 11 13 40 23 29 24 36 22 30 28 21
13 29 20 11 16 30 15 36 22 27 40 5
20 21 23 15 24 9 36 27 5 28
16 11 23 15 29 9 36 27 26 21
23 9 11 17 22 27 40
5 15 11 17 27 30 28
15 36 30 29 24 11 26
29 21 24 17 27 30
24 36 27 40
9 21 30 40 36 11 17
36 40 17 22 26 28
11 21 40 22 27 26
17 40 27 26
26 21 40 27 30 28
22 28 21
27
30 21
40 28
28
21
