#kunkel.py
# GMT Fri Apr 19 21:01:21 2019
# 
33 19 6 7 39 10 8 32 1 34 38 37 3 18 24 16 23 40 9 36 11 28 5 26
19 6 36 10 4 8 11 38 13 3 35 31 14 24 23 29 40 39 22 27 30 0
25 31 29 6 41 16 7 36 15 2 8 9 32 17 26 12 34 14 5 40 28
6 39 10 2 4 8 1 13 37 3 31 20 23 15 24 17 26 22 27 5
0 35 18 29 34 41 16 7 36 15 2 4 8 23 26 22 20 38 13 3 12
7 34 41 36 10 2 4 32 1 13 37 40 12 18 14 20 24 9 27 26 5
39 41 16 36 10 27 9 31 24 5 32 22 1 42 13 37 3 21
10 35 34 22 15 31 32 17 18 1 42 14 30 3 26 21
2 35 21 41 16 15 4 24 9 17 12 38 14 37 42
4 35 11 36 37 15 21 9 32 17 12 22 1 38 30 40 28
8 12 13 20 41 29 18 40 32 3 28 22 34 42 14 5 24
32 35 31 14 41 23 40 9 11 18 27 13 5 3 21
42 35 5 34 41 27 3 11 17 1 37 24 28
1 41 11 13 37 40 18 31 20 16 23 15 29 3 36 17 22 30
34 35 20 41 16 36 15 11 28 22 27 12 26 38
38 29 16 36 18 9 23 11 17 12 22 20 14 5 21
14 35 5 29 20 16 18 40 30 37 24 12
37 41 3 9 11 12 20 13 29 40 28
3 41 36 24 18 20 16 30 40 11 28 26 5
12 41 31 28 11 24 18 20 29 17 22 27 5 21
41 18 13 40 31 16 23 30 15 29 17 26 5 21
35 5 23 15 31 9 36 13 30 24
18 36 21 31 13 23 15 9 11 17 22 30
13 16 5 27 9 11 17 40 26
31 20 15 22 21
16 28 21 23 30 15 29 9 36 27 26 5
23 36 28 40 30 29 9 11 26 22 27 5
5 36 20 15 9 17 30
15 30 36 40 9 17 24
29 20 36 21 9 11 28 26
20 27 36 21 9 17 28
24 21 11 22 26 30 28
9 11 30 17 22 27 21
36 30 17 27
11 27 28 21
17 30 28 21
28 21 26 22 27
22 26 40 21
27 30 21
30 40 21
40 26
26
21
