#kunkel.py
# GMT Sat Apr 20 01:06:09 2019
# 
33 33 25 6 7 10 2 4 8 32 31 34 13 37 3 12 18 16 5 15 40 28 22 27 30 26
19 18 24 16 7 39 10 28 2 31 4 36 11 17 25 1 26 42 37 40 0
25 6 41 7 39 4 32 34 42 14 37 3 12 13 20 15 9 36 27 30 26
6 39 2 4 32 1 42 14 37 24 35 31 13 20 23 38 11 26 5 28 21
0 41 36 2 4 8 32 31 40 35 18 20 16 23 5 15 29 9 17 26 30 28
7 39 2 31 28 13 37 3 12 35 18 14 20 23 24 40 36 17 26 22 5 21
36 34 39 2 21 11 1 14 37 40 12 35 18 20 16 23 15 9 22
10 29 34 41 27 5 15 2 4 8 40 9 32 30 11 1 20 38 37 42
2 39 42 38 37 40 35 21 5 15 29 3 9 22 27 30
4 39 8 28 11 1 34 38 14 42 12 35 13 15 29 24 22 27 26 30
8 41 39 11 14 37 40 35 18 13 23 15 29 24 9 17 28 22 26
20 41 39 21 28 11 1 34 40 12 31 30 29 17 27 26 5
32 41 39 1 34 38 14 42 35 21 13 23 15 29 40 9 17 22
31 41 39 11 1 38 13 37 3 12 35 23 29 24 17 22 27 30 26
34 18 41 16 11 9 23 37 22 27 38 14 5 3 21
42 41 13 3 18 14 24 16 5 29 40 11 17 27 30 21
13 37 3 35 16 23 29 40 9 11 17 27 30 28 21
37 41 11 38 14 35 16 23 5 9 26 22 27 30
3 39 21 11 38 12 35 16 15 29 26 22 27 30 28
12 1 38 14 24 35 18 16 23 30 15 40 17 5 26 21
41 35 26 39 21 9 23 17 28 27 14
35 38 14 15 24 9 11 17 27 30
18 16 39 30 29 24 9 11 22 1 5 40 28
14 38 23 29 24 11 17 28 26 30
1 23 16 39 29 9 22 38 24 26
16 39 38 15 24 9 17 27 26 5 28
23 30 5 27 21 22 38 29
5 30 38 9 17 22 40
15 21 29 39 11 9 22 30 24
29 27 38 9 11 24
38 39 40 9 17 28
24 40 9 22 27 30 28 21
40 21 9 17 26 27
9 39 28 11 22
39 11 22 28
11 17 27
17 27 26 21
28 26 30 21
22 30 21
27
30 21
26 21
21
