#kunkel.py
# GMT Fri Apr 19 20:35:53 2019
# 
33 35 31 29 16 36 37 2 8 24 9 32 17 11 1 5 3 25
19 34 41 36 10 4 32 38 37 24 12 18 20 16 29 0 11 17 28 22 30 25 21
34 31 20 41 23 10 15 2 18 8 4 9 11 17 27 42 13 5 38 28
41 6 7 39 4 32 3 42 14 24 18 13 15 29 40 36 11 17 27 26 21
7 35 30 18 6 16 39 10 15 2 4 8 9 1 20 42 13 37 12
36 6 10 2 21 8 1 38 13 37 42 12 18 23 5 15 0 25 27 30 26
10 6 31 32 42 38 14 37 3 12 35 18 29 40 9 17 26 30 0
2 0 39 4 8 31 6 42 14 37 3 18 20 16 23 15 29 38 9 26 27 25
4 35 29 24 21 8 40 13 32 25 27 6 14 30 3 0
8 42 6 38 14 37 40 35 18 16 23 29 24 9 17 25 26 21
28 35 20 16 39 30 27 38 31 9 12 1 42 14 37 40 25
32 35 6 16 18 31 37 11 26 22 1 20 38 5 40 0
42 0 39 31 1 6 14 40 18 13 16 23 5 29 22 27 26 30 25
1 21 6 39 23 31 40 9 3 27 26 14 5 38 0
6 3 35 21 16 23 29 9 0 22 27 5 25
38 31 14 37 24 12 35 18 13 16 15 29 39 17 0 22 26 21
13 18 25 5 29 24 37 23 17 26 14 30 0 21
37 18 14 40 12 35 31 20 23 15 29 26 27 30
24 39 31 40 35 18 14 16 23 5 29 9 17 25 26 30 0
12 25 20 16 29 18 9 23 11 22 31 30 14 0 21
35 39 18 20 3 17 26 22 27 5 25 21
18 14 21 20 16 15 9 39 11 17 27 5
31 0 39 21 20 16 5 15 29 3 9 27 40 26 30 25
14 39 11 23 29 3 9 17 0 22 27 30 21
20 27 39 30 15 40 22 26 3
16 0 23 5 15 29 3 9 22 40 26 30 25
23 26 30 40 9 17 25 3
30 39 11 29 3 9 17 26 22 27 5 21
15 39 11 17 22 27 3 25 21
29 11 5 25 21
3 39 11 40 5 9 17 0 22 26
9 39 5 9 22 25
39 11 5 17 22 27 40
11 5 17 25 22 26 21
17 21 5 0 27 40 25
0 5 27 40 25
22 5 27
27 25 40 27 26
40 26 5 21
26 5
5 25 21
25
21
