#kunkel.py
# GMT Fri Apr 19 20:34:14 2019
# 
33 19 6 7 36 18 8 42 1 38 14 24 12 31 13 16 15 29 3 9 0 27 40 5 25
19 41 7 4 32 42 1 38 14 3 12 35 18 13 16 23 29 40 9 17 0 27 25 21
6 35 31 25 41 16 7 36 10 15 29 8 24 9 26 38 37 40 28
41 18 20 23 15 2 31 36 17 28 27 34 5 24 0
7 36 10 2 4 28 1 38 42 35 18 31 23 15 29 9 25 22 5 0 21
36 31 16 23 10 2 18 9 28 32 12 11 27 20 14 30 3 26
10 35 18 16 39 37 2 21 8 32 42 22 27 20 34 14 5 24 28
2 18 16 23 15 27 4 11 22 1 13 24
18 34 4 32 1 42 14 24 35 31 20 23 5 15 38 3 9 11 17 25 30 26 21
8 21 34 16 39 15 20 37 17 26 1 42 14 5 40 12
4 14 34 22 23 31 40 32 17 25 11 27 42 13 3 0 21
28 16 23 24 9 11 25 22 1 20 5 3 0
32 42 1 38 13 37 3 35 24 16 23 15 29 40 9 39 17 30
42 25 39 1 38 14 37 40 12 35 31 29 9 11 26 27 5 0 21
1 25 39 21 40 12 35 16 5 15 29 9 22 27 30 0
34 35 20 16 23 29 40 37 39 17 38 13 30 3 25
38 31 13 24 12 35 20 23 17 25 22 27 26 30 0 21
14 35 24 9 23 11 17 37 3 26
37 31 3 24 21 13 15 29 40 9 11 17 25 27 26 30 0
24 39 23 15 21 26 0 22 20 12
12 21 13 35 31 16 23 30 29 40 17 0 27 5 25
35 16 20 17 0 11 13 5 3 21
31 5 29 23 17 26 20 13 3
13 39 3 16 23 40 11 26 22 27 30 0 21
20 25 16 15 9 11 17 0 22 30
16 3 21 23 15 29 39 22 5
23 9 0 22 27 26
30 25 11 15 27 21 9 17 0 22 5 3
15 5 22 9 40 3 26
29 11 39 5 40 9 17 0 22 3
3 25 11 17 27 0
9 27 26 0 22
39 21 40 17 25 11 5 26
11 5 25 27 26 21
17 25 26 0 21
0 5 26
22 5 21 26
27 40
40 5 25 21
26 5 25
5 25 21
25
21
