#kunkel.py
# GMT Fri Apr 19 20:29:58 2019
# 
33 19 6 41 36 2 4 8 1 42 13 37 3 35 31 14 23 15 38 39 17 27 26
19 41 10 4 42 37 24 12 35 18 31 20 16 23 30 29 38 40 17 28 22 5 0 21
25 31 34 41 23 10 15 29 8 37 36 11 26 27 38 13 30 42 28
6 18 34 41 16 7 39 15 4 24 9 36 17 0 1 40 38 13 5 3 26
41 7 2 32 1 42 13 24 12 35 14 16 23 15 38 40 27 5 26
7 35 5 18 39 10 15 31 24 9 23 32 3 22 27 42 14 30 40 0
36 18 0 16 39 10 34 21 4 9 11 3 26 20 38 37 24
10 34 0 31 8 32 42 14 12 35 18 20 23 15 29 9 11 5 26
2 34 39 8 32 1 42 13 37 3 18 24 16 23 29 40 9 11 17 27 28
4 34 20 8 3 9 23 32 42 31 38 37 24 0
8 34 28 1 42 13 37 40 18 14 20 16 30 29 3 17 0 27 5 21
28 35 20 16 39 15 18 24 9 0 5 40 21
11 35 5 29 34 0 15 37 39 17 26 1 13 30 24
1 35 18 16 23 15 31 9 22 27 42 13 5 40 12
34 21 9 17 27 42 13 24
42 39 38 13 3 18 31 14 20 16 23 15 40 0 27 30
13 18 29 16 38 31 9 32 17 20 14 21
37 27 5 18 9 31 38 30 3 21
3 32 24 35 18 31 20 23 15 38 39 17 26 22 27 5 0
12 18 20 23 15 29 31 17 0 22 26 21
35 39 18 32 14 24 31 20 23 5 0 22 30 26
18 21 32 38 31 20 16 23 29 9 22 26 40 0
31 39 32 14 16 15 29 22 21
14 20 16 39 15 29 40 9 23 0 27 24 26
20 24 16 5 15 29 38 9 39 27 40
16 32 40 5 9 0 22 30 21
23 32 38 40 15 29 9 27 5
30 29 38 21 24 26 40
15 39 32 38 24 5 9 27 40
29 22 24 9 32 17 40 21
38 39 32 40 5 17 26 21
24 5 9 21
9 32 22 27 0 21
39 32 17 26 27
32 17 27 5 0
17 22 0 27 5
0 27 21
22 27
27 40 21
40 21
5 21
26
21
