#kunkel.py
# GMT Fri Apr 19 20:17:03 2019
# 
39 33 18 34 7 23 15 2 19 8 4 9 32 17 26 22 38 30 3 12
33 6 41 32 23 10 15 2 4 8 9 11 17 25 22 27 38 14 37 24 0
19 31 6 27 2 8 40 28 32 26 1 42 30 3 25
25 35 7 37 15 2 18 8 4 11 17 31 30 42 14 5 40 28
34 18 23 10 21 9 37 17 22 1 30 5 24 26
41 18 20 7 23 32 21 8 40 11 0 31 42 14 30 3 28
24 35 31 6 7 36 15 29 8 9 42 13 30 40 28
7 29 20 23 27 11 1 42 30 3
36 35 31 14 23 10 29 8 11 17 0 1 13 30 26
10 18 15 2 4 9 28 32 26 22 20 42 0
2 15 27 28 32 17 22 1 38 14 37 0
4 16 40 23 42 1 30 38 14 5 3 0
8 35 6 28 15 23 21 26 27 20 14
32 29 16 42 31
1 18 29 23 15 9 28 42 5 12
6 20 16 30 15 31 11 17 26 22 27 38 13 37 40 12
42 0 38 14 37 40 13 20 16 23 29 9 26 22
14 18 30 9 11 17 12 27 26 13 37 29 0
37 35 21 31 0 12 13 5 40 28
3 18 0 22 27 26 38 13 30 40 12 21
12 18 13 30 29 31 40 22 38
35 18 31 15 29 21 40 28 11 17 27 38 13 0
18 31 27 40 9 28 11 0 38 13 29
13 16 30 15 38 9 23 0 26 5
31 23 5 40 11 26 38 30
16 21 29 30 9 11 22 20 5 40 28
23 21 15 9 17 30 40 28
5 30 28 11 17 0 22
15 21 29 11 17 26 22 20 38 30
29 20 27 9 28 22 30
38 9 17 28 27 20
20 21 11 17 30 28
40 9
9 21 22 30 0
0 17 28 30 26 21
11 30 22
17 21 26 28 30 27
26 22 30
22 21 28 30
27
30 28
28 21
21
