#kunkel.py
# GMT Fri Apr 19 20:14:47 2019
# 
33 34 41 7 36 10 2 18 8 4 32 42 38 14 40 12 35 31 13 20 16 23 15 11 17 22 27 26 21
19 6 0 10 2 21 8 11 42 31 38 13 37 3 41 18 20 16 15 29 9 17 25 22 27 30 26
6 34 41 7 36 2 4 8 38 14 37 24 35 31 13 20 23 5 15 29 40 39 17 0 22 27 30 25
0 41 36 21 11 1 34 42 13 37 24 35 18 14 23 5 15 3 9 17 25 22 27 40 30 28
7 41 39 2 4 11 34 14 37 24 35 21 20 23 5 29 3 17 22 27 40 30 25
36 2 4 11 1 34 14 37 24 12 41 21 13 20 23 15 3 9 32 17 25 22 27 40 5 26
10 25 34 41 39 2 4 8 32 14 37 24 35 21 23 5 15 40 9 11 17 26 27 30 28
2 4 8 11 38 14 37 24 31 13 20 16 23 15 29 40 9 32 17 25 5 28
21 34 4 11 1 42 14 37 24 18 13 20 16 5 15 32 17 26 22 27 30 25
8 41 39 32 42 13 24 12 35 18 23 5 29 3 9 11 17 26 30 25
4 41 31 11 1 42 14 37 24 12 35 18 13 20 23 15 9 32 17 26 27 30 28
11 41 28 32 31 38 13 37 24 12 18 16 23 30 15 29 3 9 39 22 27 40 26 5 25
1 31 42 13 3 12 35 14 16 23 15 9 39 17 28 22 27 26 5 25
34 41 32 42 38 13 37 24 35 18 20 16 29 39 17 22 27 5 25
42 39 31 38 13 24 41 18 20 16 5 15 29 3 9 26 22 40 30 25
13 41 31 32 38 37 24 35 18 16 5 29 40 9 22 30 26
37 32 38 14 24 12 18 20 23 29 3 9 27
24 32 31 38 40 35 5 9 39 26 30 25
12 41 31 14 40 35 18 5 15 29 3 9 39 22 30 25
41 28 31 38 14 40 35 18 20 16 15 29 9 32 17 25 22 5 26
35 39 32 38 14 18 20 16 23 30 15 29 3 9 17 25 22 27 5
18 38 3 31 5 15 40 9 17 28 22 27 26 30 25
14 31 3 16 23 15 29 40 9 17 28 27 26 25
31 38 23 30 15 29 3 9 17 25 22 40 26 5 28
16 25 32 38 15 29 9 26 22 27 5 28
23 32 3 5 15 40 39 26 27 30 28
5 38 29 40 39 32 26 30 28
15 3 20 29 40 39 17 28 27 26
29 39 32 38 20 17 22 30 25
38 39 32 20 3 9 17 26 22 27 40 30 28
20 25 40 9 39 17 26 22 27 28
3 32 9 22 27 25
9 39 32 22 27 40 26 30 28
39 32 40 17 22 27 30
32 25 17 26 27 30 28
17 40 22 26
25 28 40 30 26
22 40 27 26
27 40 26 30 28
40 26
26 30
30 28
28
