#kunkel.py
# GMT Sat Apr 20 01:05:40 2019
# 
33 35 19 25 34 41 7 36 10 27 29 21 24 37 17 12 22 1 38 40 3 0
19 19 34 10 4 8 32 13 24 12 35 14 20 16 23 15 3 9 25 22 26 30 0
6 0 39 10 2 21 11 1 42 14 24 3 31 20 5 15 40 9 36 17 25 22 30 28
41 36 2 31 28 11 1 42 13 37 24 35 21 14 23 15 3 9 39 0 22 27 5 25
7 2 4 8 32 1 38 13 37 42 18 31 20 16 15 29 24 9 0 22 26 21
39 10 8 1 38 13 40 12 35 20 16 23 5 15 3 9 25 22 27 30 26
10 36 4 32 38 14 37 40 12 35 31 20 16 15 29 25 22 28 21
31 36 4 32 13 37 24 12 35 21 16 23 30 15 9 11 17 5 26
2 18 25 16 23 4 8 9 36 11 17 12 22 1 38 40 0 21
4 18 25 34 26 15 32 17 0 22 12 20 38 14 30 3 28
8 20 15 29 21 40 9 36 11 23 32 22 26 38 14 5 3 12
28 36 11 1 34 42 14 37 24 12 35 18 20 16 29 0 22 30 26
32 35 18 34 36 9 37 12 1 5 20 38 30 3 26 21
1 21 1 14 37 24 18 20 23 5 15 29 3 36 0 22 27 30
34 13 20 30 40 9 37 11 17 26 22 27 42 14 5 24 25
42 35 26 14 16 36 15 29 20 40 17 22 27 13 5 3 25
13 11 14 3 35 18 20 16 23 15 29 38 40 0 30 26
37 25 36 21 38 14 3 12 35 23 17 27 5 26
40 0 24 36 3 9 17 26 22 27 38 12
12 29 20 0 15 24 5 25 9 3
35 14 29 9 23 17 0 18 27
18 14 20 27 16 9 0 11 26 38 29 3
14 23 29 5 11 17 26 21
24 25 38 20 16 23 15 9 17 22 26 30 0
16 0 36 20 38 3 9 22 27 5 25 21
23 36 30 3 9 11 17 22 29 26
5 21 38 20 15 29 9 11 0 27 30 25
15 36 11 29 0 27 30 25
29 25 21 9 17 27 30 26
38 30 36 11 17 25 22 26
20 11 17 25 22 27 30
3 36 17 27 0 21
9 0 11 26 22 27 25 21
36 11 25 27 30
11 30 26 0 21
17 26 27 30 0 21
25 26 0
22 27
27 0
26 30 21
30
0
21
