#kunkel.py
# GMT Sat Apr 20 01:04:49 2019
# 
33 19 6 41 36 8 42 34 38 37 40 12 23 5 15 29 24 25 22 27 26 30 0
19 6 7 36 2 4 32 42 34 38 14 37 40 12 35 18 3 9 39 17 0 27 25
6 41 36 10 2 8 11 1 38 14 37 40 12 21 16 15 29 17 26 27 5 25
41 7 36 8 32 42 1 34 38 3 21 24 15 29 40 9 39 17 0 22 28
7 34 39 10 32 42 37 24 12 18 20 16 23 29 3 17 28 27 26 30 25
36 39 2 4 8 32 38 37 24 18 20 23 15 11 17 28 30 0 21
10 39 4 8 11 38 13 37 42 12 35 18 14 30 24 17 26 27 5 0 21
2 4 1 34 42 14 24 12 31 16 23 29 3 9 17 25 22 30 28 21
4 32 1 42 14 37 40 35 13 16 23 15 24 9 39 11 22 27 28
8 18 32 1 34 14 37 3 31 20 23 9 11 28 22 26 30 0
28 34 32 38 14 24 35 31 13 29 11 17 25 27 5 26 21
32 35 20 38 31 11 17 0 27 42 13 30 40
42 34 15 24 9 37 17 26 18 38 13 5 3 25
1 11 34 38 37 24 12 18 16 5 15 29 3 9 17 0 22 30 25
34 11 38 14 12 13 16 23 15 9 22 27 26 25
38 13 24 12 31 14 20 16 23 5 29 40 9 22 30
14 30 29 31 9 11 12 20 27 40 5 3 21
37 22 16 29 39 17 26 18 13 5 3 25
40 13 3 12 35 18 31 16 5 24 11 17 22 30 25
12 39 21 3 35 31 20 15 24 9 17 22 0
35 18 25 27 22 39 29 9 23 11 31 30 13 5 24
18 11 13 21 20 16 3 9 39 22 27 5 25
13 15 29 17 22 27 20 24 25 21
31 21 23 15 9 39 17 0 11 27 5 3 25
16 29 20 23 15 9 17 26 22 30 0 21
23 29 15 9 39 11 26 27 20 3 0
30 21 29 20 22 17 11 5 0
15 39 11 20 29 9 17 25 27 26 5 0 21
29 11 20 5 29 17 22 27
20 22 39 21 9 26 11 5
24 9 11 25 26 5 3
9 39 9 17 5 25 21
39 0 11 25 22 21
11 5 26 27 21
3 27 0 22 26 25 21
25 17 0 27 21
22 26 21
27 0 21
26 17 5 0
5
17 0
0
21
