#kunkel.py
# GMT Sat Apr 20 01:03:29 2019
# 
33 35 19 6 41 23 5 2 4 8 37 28 32 17 12 22 34 38 13 30 26 21
19 6 41 7 36 10 2 4 8 11 34 42 14 37 3 35 21 13 20 15 24 39 40 30 25
25 6 41 39 10 2 8 3 34 13 24 31 14 23 5 40 36 17 0 22 27 30 26
6 34 7 39 10 2 18 38 37 24 12 31 16 23 15 3 36 17 0 27 40 21
41 0 36 4 8 11 1 42 13 3 12 35 20 16 23 5 38 40 9 39 28 22 30
7 34 27 28 23 15 29 20 8 9 39 11 26 1 12 38 13 42 0
36 10 4 8 11 1 38 14 37 12 35 31 20 16 9 17 22 27 26
10 39 21 8 32 1 42 14 37 3 12 35 18 23 15 29 38 26 22
2 0 18 8 28 32 1 42 14 37 3 35 31 20 23 29 17 5 26 21
4 35 14 20 11 18 24 39 32 17 28 22 42 13 37 40 26 21
8 34 32 13 24 12 35 21 20 16 29 9 17 0 5
32 31 34 23 15 29 18 9 40 37 17 22 27 1 13 5 3
1 21 34 28 15 18 40 23 17 12 11 26 14 30 3 0
31 21 28 34 38 14 37 42 35 18 13 23 15 9 11 17 27 5 26
34 18 42 14 37 3 12 35 13 23 15 9 17 28 27 21
38 16 15 28 18 23 11 12 22 20 13 37 26
13 39 28 11 14 37 42 12 18 9 5 0
37 35 14 16 24 22 40 3 0
42 3 14 24 12 18 15 29 40 17 22 5 26 21
12 11 40 18 5 39 17 26 22 30 28
35 29 9 11 0 18 27 20 28 21
0 11 40 18 16 30 15 9 28 22 27 26 5
21 11 24 20 5 15 3 9 17 26 22 30 28 21
14 39 40 16 23 15 29 22 27 30 26
20 18 29 16 30 9 39 22 40 5 24 26
18 39 24 16 15 40 9 27
16 39 30 5 28 29 24 23 17 26 22 3
23 24 5 29 9 11 26 30 28
30 28 15 27 40 9 39 26 5 3
15 27 40 9 17 26 11
29 39 3 24 40 9 11 17 26 22 27 28
24 9 39 11 17 26 27 40 3
3 39 9 11 17 22 27 26
9 22 27 28
39 39 5 17 27 26 28
11 17 27 5 28
17 5
26 5
22 40 27 5
27 40
40
5
28
