#kunkel.py
# GMT Sat Apr 20 01:02:44 2019
# 
33 19 34 16 42 10 15 8 9 11 17 28 22 27 30 38 14 5 24 0
19 35 20 7 10 4 8 37 28 11 17 12 22 1 30 38 13 5 40 25
34 41 7 39 10 4 32 42 38 12 35 31 20 23 15 11 17 26 27 30 28 21
41 7 36 10 2 18 11 1 38 14 37 40 35 31 20 16 24 9 39 22 27 30 21
7 35 16 39 15 27 4 26 36 32 17 28 22 1 12 6 37 25
36 10 2 4 32 1 37 3 12 35 21 20 16 23 15 29 24 17 0 22 27 5 25
10 2 4 8 1 42 14 37 40 35 18 31 13 16 3 9 28 22 30 25
2 31 8 4 11 1 42 37 24 3 18 16 23 40 39 17 25 27 28 21
31 25 32 1 6 42 14 37 3 35 16 23 38 11 28 22 26 5 0
8 6 39 4 11 1 38 37 42 12 35 21 16 23 17 22 27 30 0
4 15 29 9 39 37 23 22 1 6 42 13 14 38 28
28 13 16 39 40 32 17 22 6 38 14 5 24 26
32 16 39 18 9 23 11 26 22 1 20 38 5 3 12 21
42 27 39 29 40 9 23 12 1 6 38 14 24 25 21
1 39 14 12 18 13 29 11 26 22 5 25 21
6 5 24 0 39 30 40 23 22 12 26 38 13 37 25 21
38 13 40 12 18 23 15 29 24 9 17 22 27 30 21
14 11 24 12 35 18 16 23 15 29 3 9 17 25 27 26 21
37 39 13 3 18 20 23 5 29 25 22 26 30 0 21
40 25 11 13 3 12 18 20 16 23 15 29 17 0 22
12 21 13 3 18 20 30 9 27 5 0
35 39 11 24 18 23 15 29 3 17 22 5 26 21
18 5 0 29 39 13 9 23 17 26 3
13 29 0 23 15 27 9 11 25 30 24
20 30 16 39 21 24 9 11 17 25 26 5 3 0
16 29 21 11 22 27 30 5 24
23 24 15 9 17 5 0
5 24 15 3 39 25 27 30
15 29 17 0 22 27 3 25
29 25 39 11 9 26 27 30 0 21
24 11 24 21 9 0 22 27 26
3 0 9 39 25 22 30 26
9 26 22 27 30 21
39 30 11 25
11 0 27 30 26
17 21 25 22 27 26 30
25 21 30 26
22 26 0 21
27 26
26 21
30 0
0
21
