#kunkel.py
# GMT Sat Apr 20 01:01:49 2019
# 
33 30 19 29 6 41 7 36 10 27 2 21 9 39 37 17 1 20 14 5 40 0
19 35 36 34 27 28 7 39 15 2 24 23 17 0 22 1 42 14 5 40 25
6 34 36 4 8 32 38 14 37 35 18 16 23 5 11 17 25 22 27 26 30 0 21
41 7 39 10 2 31 28 42 1 38 14 3 18 13 20 5 29 24 9 17 0 22 27 30 26
7 25 36 10 18 8 1 38 13 35 31 14 20 16 15 39 0 22 5 28
36 4 8 32 1 34 14 37 24 35 20 16 23 3 11 17 26 22 27 30 28
10 18 29 34 39 27 2 4 24 23 17 26 1 20 42 13 37 3 25
31 2 4 32 42 38 13 37 40 18 20 23 15 29 3 9 11 22 27 5 26
2 25 34 18 8 11 1 14 35 13 23 29 0 27 26 30 28 21
4 39 21 11 1 34 38 14 24 13 23 15 29 40 9 17 25 22 26
8 32 1 34 42 14 12 35 21 13 23 5 15 29 9 39 22 27 30
28 21 32 42 38 14 37 24 12 18 20 16 15 29 40 27 30 26
32 14 16 23 15 27 18 40 9 11 17 1 20 34 13 3 21
1 34 16 15 17 0 38 13 37 3 25 21
34 35 27 16 15 37 23 0 22 13 5 24 25
42 18 39 27 29 40 9 37 12 30 38 13 5 24 25 21
14 24 18 20 9 39 11 0 22 27 26 5
37 0 18 37 24 12 35 20 16 15 3 9 25 22 27 30 21
40 39 13 3 12 16 23 15 29 17 25 22 27 30 0 21
3 21 24 12 35 16 23 15 29 39 11 25 22 27 26 0
35 39 11 38 13 24 12 21 20 16 23 15 29 17 5 26
18 29 16 39 21 0 17 26 22 20 25
21 24 20 16 30 11 17 25 22 26
13 23 24 9 22 11 12 26
20 16 9 17 11 5 30 24 25
16 0 38 12 29 9 39 22 26
23 26 39 12 27 38 30 0
5 15 29 11 17 0 38 25
15 39 38 24 11 17 25 22 26 30
29 39 38 11 17 12 25
38 25 11 24 30 9 27 26 0
24 11 12 9 39 26 22 30 0
9 12 39 30 0 22 11 25
39 39 12 26 25
11 30 12
17 12 0 25 27 26
25 12 22 26
22 12
27 12 30
12 0 26
26
30 0
0
