#kunkel.py
# GMT Sat Apr 20 01:00:26 2019
# 
33 19 34 41 7 39 10 2 4 28 42 6 38 37 3 31 16 24 9 25 22 26 0
19 6 36 4 32 1 38 13 37 3 12 35 21 16 23 5 15 29 9 39 26 27 30 28
34 7 39 1 38 14 24 12 21 13 20 23 30 29 3 9 0 22 27 40 5 25
41 6 7 36 31 4 32 1 42 13 37 40 12 35 18 20 16 9 17 0 5 26
7 21 29 16 27 39 30 15 2 31 23 32 26 1 6 42 5 24 25
39 16 36 10 29 8 24 11 17 12 27 38 13 5 40 0
10 2 21 8 11 1 42 14 24 12 18 16 30 15 40 9 3 0 27 5 25
2 35 18 6 26 16 23 15 21 8 9 32 28 22 12 20 5 40 0
4 6 36 18 8 32 1 42 13 40 12 31 16 23 3 9 26 22 27 25 21
8 6 0 28 11 1 14 37 3 13 16 23 29 40 26 22 27 30 25
28 35 14 6 16 23 29 38 18 40 22 31 20 42 13 30 24 25
32 35 18 6 15 29 0 17 12 27 20 42 13 5 3 25
42 21 31 11 36 29 37 12 22 27 30 13 5 24 25
1 31 11 38 14 37 12 35 18 13 20 23 29 9 26 25
6 14 24 35 31 13 23 15 9 17 0 22 27 30 21
38 35 29 5 31 15 18 9 11 26 13 37 24 25
13 14 3 35 21 20 16 5 40 36 11 17 26 30 25
37 35 23 15 27 18 31 3 0 36 11 22 24 25 21
3 35 30 23 15 36 17 0 11 31 20 12 21
12 18 16 27 15 9 36 14 5 0 21
35 14 16 27 18 9 20 40 26 21
18 25 21 20 29 11 17 0 22 27 26 30
31 36 11 21 20 5 29 9 17 22 27 26 30 0
14 0 26 16 15 27 20 9 11 30 24 25
20 23 15 40 36 17 11 30 24 25
16 40 21 23 5 15 29 24 9 17 30
23 36 21 5 29 9 17 0 22 30
5 15 9 17 26 27 30
15 36 29 40 9 11 17 27 26
29 36 40 24 17 25 22 26
24 9 36 27 30 40 25
9 40 17 22 30
36 11 0 40 36 26 22 25 21
11 0 22 30 25
17 25 40 30 0 22 26 21
25 40 22 27 21
22 30 27 40
27 40
40
26 30 0 21
30 21
0 21
21
